40685922
37999621
56346152
74703180
76262328
27200232
124063978
123307331
133795731
132269108
98821219
60783994
41397794
176654000
176357238
174643123
180701358
214302037
194264660
134771039
135739875
67908983
94281630
155930594
161795232
179332020
180412998
172388278
196459892
200256206
180020210
129839214
141759350
125768887
155866412
184970800
193576149
199309123
200229222
220604458
178312383
164720236
164514257
101456244
83360428
145390414
158665236
197121948
198093275
166814474
202344255
199143308
172186649
128902944
68911573
58161913
98106331
134790134
116203284
131418102
135363482
79288533
173882112
164053298
175883338
177508932
182380626
166909293
178827978
182098550
77021180
70322586
117714672
155155722
152639173
155592560
156955775
140853472
150146375
122935909
135046579
156484378
140037739
137915644
111085747
125374810
79270628
124811005
173145562
187115796
174918770
201431871
189555599
185336080
175999356
166591410
76039211
76691195
120157505
196582389
166350408
192067927
188598991
203594665
203817371
198868013
148268632
82788273
61698609
119767316
230571761
222493117
250451071
263877629
260475359
227443699
273983228
200739803
79466068
71138312
167069386
197782070
197864581
213333725
184581696
203420287
173178987
239743430
124575902
91481592
61653301
78460008
88422280
114056156
113949663
67948977
60285436
102016767
142123772
160493635
175119723
172793871
176839463
152938490
156702251
132342860
67172049
104863057
127362057
139721153
156902274
157465215
205324002
148901757
154372130
149740712
133179832
142028611
123825132
109296376
98259406
95892498
133543907
167494035
177983072
190854898
178859150
200330538
175884612
163521592
164713356
141802671
128879341
159893559
172537587
198897997
190785455
174252160
196153204
203864202
171379480
167030529
100452163
100888386
155342849
144841536
194411504
198810068
186321072
197842439
172216974
171287442
138110515
125012670
79468011
71932167
180091201
167286786
189734124
201235244
196872091
185983097
157532254
142244746
67627226
65123425
123142654
127627240
139195868
150000325
150471110
152347950
105039499
124129103
139917396
148162139
141996822
158917787
156387272
160589970
169658692
91681314
101291615
116884895
102460393
106343375
110539489
110759436
90528006
138884639
134031289
139425875
153620946
143058353
134087948
149748527
109116475
72280279
113774606
191074425
194761875
196940566
197506801
193374585
184724985
185520922
173141320
86397415
69855984
46113030
171873743
179375451
178312748
195403459
181207571
191303031
189060095
165909338
65006760
67637493
161077243
176512470
167072970
196237059
166135849
180265172
182748213
183018270
109129403
91315882
121394430
153690060
172581901
189885237
190427047
206238327
206140338
203173787
179454871
111237629
151082838
127223258
153336763
334982653
335028889
343920344
369348482
327666292
423277709
277486256
236293261
136076335
153126378
83739884
84246696
43717374
51408281
137552581
139189642
150864183
149311473
146067696
115807521
125007836
129713579
105164507
167447722
160787418
181152294
192337906
188467312
177436819
161664342
170530765
134962017
110659306
141595039
166443963
190607256
194856732
194743988
178994483
186017068
202148280
168625059
156217142
87430480
91573394
171929958
182812707
185848711
194347341
190762347
179422372
151987539
161745548
80921232
55237561
103659611
222700877
226894351
217766759
225418091
251022567
249023644
267948565
274969396
286030351
343913512
383836891
371948758
396216765
356395247
420834207
404073173
219967941
155993775
159921652
207981824
329274176
308028934
408931805
328026261
371984897
332002241
336020218
644400465
302204133
427301857
371851048
379846531
363904354
339955403
305563425
348004081
562060095
683240945
383832041
386271471
399812666
401531481
419743899
380238557
383969751
360017656
335962273
305648280
359938338
455690672
361120215
384768098
332170744
332765883
303822452
319448667
249369199
232078778
118403443
119968292
26926972
27321145
27261545
60314687
115083500
107901748
119376458
165791099
173225070
187780362
178057701
178953261
192205952
208439877
169250607
137000829
163694162
145724663
155983304
158022951
162040110
155344457
167044461
159360153
114578471
32930995
167412188
199473132
196914016
205081447
202813927
191126053
215211398
212044038
96722749
66137858
41467853
185967743
193818380
178598971
206941269
211631654
215436172
208776633
175629587
54084298
52203044
135869515
195811144
180133096
203942349
193732270
194817551
195215606
195322376
115324992
58579548
71747913
196574679
201698019
203104399
205387042
167840984
207253538
207985441
225567184
63682320
57834729
99206421
171026554
189255948
188716651
189864568
188247942
146134305
161361292
67822661
61950895
105083866
109536783
116829198
101476755
103691967
82542461
191169474
178940359
202133985
187983059
193438546
208712325
173535780
157946185
63805000
51086005
163813802
144752452
168068352
176084889
185010860
141469243
172117290
127266997
141332706
175584636
179353593
191668362
183045063
195351835
186287098
155704565
158126468
155376900
132107421
133974333
184751720
186538769
205212211
195163083
198932978
161158899
198117557
135939926
75349248
90843211
48954176
51273999
151487718
193958095
194433706
202683485
198205772
165854859
205003719
219563273
57671449
62170585
139552418
163611815
181482343
195900547
166174759
189425448
195341005
199235441
96846513
75985717
61178822
74314767
120621909
120788539
145885413
106946689
161698015
165851000
205433036
234158056
218517291
252224476
191760104
159691839
118060104
138145655
131345278
178998560
157450352
177294806
174978767
151144697
178094897
114478837
87349047
41996882
27401090
183195329
187713877
192727369
210815224
186159049
192095994
170602062
169253570
62989698
49454987
154307881
194914269
203602568
191066753
201365749
196937598
205754363
211258201
126923808
89544942
57131989
188077976
181440593
189998509
205162405
179156426
189693942
202642505
162794656
60923313
50517156
174937875
204357463
201624390
172638388
196970001
200696536
189294468
202736696
56725603
56347632
204764052
225322577
215242534
217863408
190823415
198970906
230906247
233141592
38607512
25360496
80147710
86207528
69452720
51630364
127851919
179795619
199590530
192243721
200762722
202840300
195850094
220111667
140409605
108986573
79370118
183246507
196767264
198508147
209447431
159821211
195863392
180127822
171479154
66985751
78187224
187872831
203326945
207725003
192549303
184710284
195597062
164172533
203810276
60584674
56606064
140060466
187499715
200117748
205134012
189832131
205897023
211826364
212542654
124546546
54818134
64679261
196401381
180186496
198607576
160973729
195784517
210040459
217859662
221288428
58599574
55422201
199678972
197637459
209157652
205385834
205315582
209642537
205915556
210299582
50050572
56462102
141949367
151193778
143752084
148444741
142621576
104746734
94365085
112089561
126552418
123249692
125552316
121596216
131102412
224964777
241526345
218456937
229746317
233930882
190467028
251248313
191955484
123741122
82455962
105265633
153015291
168721429
171731813
183641603
186819455
173623985
221943064
161559071
142596678
155834676
149693144
142557136
175239779
164263603
172148532
165594476
153062113
159252766
170283845
172130843
196162313
156377097
196237159
203551900
172777219
185456704
175081470
174741600
153934817
171529819
185194262
185046629
183764193
168575157
198809357
173742456
173834586
171167228
156293922
160197016
163653455
153460273
186384105
191307396
183787714
190549557
164468872
192706597
130138487
139393053
80293096
96601223
117516473
110225617
105756685
115995318
106295814
93449044
28308938
31464787
105351958
237063481
238986547
252102245
257325883
221977927
185180113
205972739
165616946
104212048
101202350
138074464
143894018
182003492
188899316
179453665
185590826
183780328
160958495
151066578
91636878
62574713
180897851
179426495
161499021
191683344
168182992
190654840
149361928
153057713
57235572
186452580
197997326
188022731
205009113
184171459
182040962
193896524
186251659
78967785
61354809
101897044
181963496
196262058
185839341
208502909
197046237
184488230
188751961
155996760
67884740
69415910
169733000
204526142
203237827
203976721
190754688
190947513
163253141
195563089
89188144
50306084
185107359
181893389
183719367
182798633
195876809
163816824
178475284
110208195
74776593
76747628
25992163
53178035
95673766
102695358
138549105
144228507
142853010
179217720
198087534
187944005
187062810
178234298
171165193
151924930
108384608
51021903
182243008
203570412
206340373
185238457
183722606
212212747
208946535
170295555
52992384
63836990
164417576
180021883
186666519
191181062
191883209
195151795
155558707
157962032
59272751
70803167
153002003
170712132
182600644
168865888
196570001
217178906
210037439
187077979
118774291
76337829
57609713
194875557
203962066
206616824
192223883
217337095
193703142
196198405
173780592
55118272
53857327
192735353
200720246
193653003
191668957
204354918
200773851
203201779
204339748
67591009
64136422
155280391
159923132
159616458
154049319
136949767
178852132
139431766
77502679
108649019
109321161
93856719
90557770
75367916
32862305
175309828
176000396
185607194
197674802
208153213
190318192
173837925
177998988
113076269
87023658
117424466
131201595
174054665
197541079
195435393
199542955
199164417
209222352
158876277
164688063
118630496
89309115
77416513
143647479
159774236
160429164
169595583
168263809
169209290
158353841
153714431
147953375
147878601
169405693
191110770
193685096
146466256
210892879
180732767
157237108
187334380
156673878
157960835
180845873
185877554
180183224
184176727
153587026
174980002
161568971
163018292
108589811
132288646
149283314
164534340
193054833
178546246
187800669
187272486
192966436
231766279
165517106
144186390
112635445
104239447
94031368
78782430
84122487
88892990
81186562
84957596
67989887
126241964
130560003
116524046
134307540
112316509
83072790
60985662
53639448
196508106
199893830
202871122
225397897
181951630
223294666
188607346
208260030
131736035
150015658
168131464
169586752
175772072
177213066
182983715
180308650
181863869
183772646
131366099
138348641
126395015
130523080
141387036
143939727
144504017
148905233
156954459
163835330
174506003
166422140
158941493
197706249
167964464
148964490
158256946
162410291
148457757
138780139
173183603
186028914
193816583
182280423
170205083
166953356
156537993
183957169
102448828
120005335
127493322
158266993
189502325
171996302
194215899
182090433
204467825
175681735
164297285
135477207
87926501
65874957
115485782
130423909
136430001
124464877
123696600
112668481
103639348
104164487
104563135
109553374
108858970
91266309
102192495
84757380
63210524
79218913
161088578
167248999
167698840
159155703
160665396
179645373
133102033
121092957
117977380
116229341
165214456
162810232
175810948
179453266
179966865
177063040
161133203
188467491
144962186
140291412
138512921
132918586
193232845
166012931
173546379
187746360
195902982
157807965
184173234
127304408
136951513
140969943
85483397
153614431
160134402
165835569
160023959
176412154
147928322
149346029
169460186
147082703
154067323
192013464
194653924
179325426
170775043
191545121
168847933
171950385
153237876
95532038
93043272
129488255
166113657
181323950
165560917
173681868
183518795
184954635
195690754
138633950
119323797
47162460
89513464
168930506
169985115
172674424
181426073
159187201
169198007
157427944
112236532
115242867
77153714
37996440
154151527
148935091
159905146
192935768
149354615
161021967
165958593
174647951
163817479
183854713
178430276
177180744
193534577
171811532
179093443
152697960
156814748
142976261
146125748
126142749
160796827
176083522
185193227
158976675
162855550
169893740
177534675
152059769
143531564
127625689
149653298
134881733
134637162
171268200
179496226
182851205
181692274
180555390
186293125
185027367
158849412
184073251
173330858
178183805
159096941
165351888
173850716
179572920
234617441
174984602
187967726
169474437
178312318
162547985
176122254
160253197
136242551
126290210
112048828
106115822
77127864
71418931
147672150
168101230
169062420
191722085
164024941
165374418
171748564
129128988
102796477
25051568
72258779
94936406
90152107
104257906
76003619
82904310
88818236
119634740
163643125
170420326
166896937
183652927
174032005
159137070
148572056
150043027
129675234
138653710
182230307
166684888
175964862
195003143
173429718
160525046
148586767
166420803
72514415
130279258
170894489
183554580
190133654
189413042
180387016
197355525
187635427
132572258
90397390
139780527
173832877
164530248
194175236
184062059
189307684
185374322
160546628
146225488
104010808
62928105
45551266
185468239
189944095
194056730
195591975
187452183
189206155
179890068
163506193
71734923
69471665
170445087
190425690
159617390
186408656
196961870
198023694
175890834
147688514
29505605
145859488
171503464
173369684
177313932
171973998
193120023
194078909
198877156
98552988
30415748
26009269
155537434
147517762
162094767
156316022
140133430
138764640
130594982
139719974
161531712
162130928
151456129
150238859
168397621
169629488
133263894
147003865
172672359
162266682
151541401
173138647
145750951
146910386
156294134
158921879
82681147
166128193
178890143
175937077
199123319
193881932
160928838
169362829
166894966
100698542
112789072
153236565
169227357
175823740
175995109
181342853
163892404
157697447
123928481
114112226
151181705
173675181
195346698
195867023
178590224
191927770
196686657
185182521
152335528
125541993
83198874
105008806
113780143
154138432
145851254
152027617
124479978
136339872
149569778
100655657
159786454
179419487
181677307
157031857
175977016
150856202
174964091
133895216
93262911
40839674
37905356
59927417
76342776
98233161
94399523
85015967
82674895
128904195
155703968
240738022
232936101
239504499
251371682
237018454
241602592
205212522
210173525
122026616
131239529
133607403
145520821
172225314
194825521
153076407
165924936
173687600
155562866
169009015
180298488
180290532
179494522
163881527
188192592
183767981
170090660
170771992
172053983
161127594
131323460
147493604
148761297
129812849
128573001
144164428
171164958
164621260
209263996
184756444
199817145
180488386
229021595
172169379
168646129
125830043
108184271
103560490
122209596
143740503
175146611
171052869
157879314
157833446
132381260
120260946
46477263
192423692
183931737
175987971
202001039
210144868
201223360
174130622
170448030
33676361
24982134
130558273
130680228
126086657
132344774
112110307
73395384
65121555
178439696
185370765
206747929
203341318
184944551
168497587
197070221
179614497
52836207
59595347
73609203
181488834
163560158
178338611
168056167
191581523
158237330
171043616
108219769
75115210
76768138
185036706
188906727
188504841
188102517
210014234
186805374
157010508
179028101
66388039
67663197
187851638
167675701
172102673
205895793
199496755
183904220
209101698
170967393
84720885
68736211
173352828
189822104
193764136
191589391
190032308
172629287
185868470
222034674
95383524
81669292
127945967
195259837
171122577
174745787
168055623
154428168
201833047
145861658
96817865
119834438
114762247
171803960
153404386
177544765
181238265
187162827
157014794
138413995
113447865
84498716
56879115
58445914
59531276
56742828
80443394
90272664
87058297
144511034
156985411
177219155
176277789
198795245
205209264
162516834
170935910
124702107
115243449
190440038
253754052
254331421
266453909
264467439
276788239
248142164
249847383
144547075
81639366
70557277
61155017
194714759
191790746
197637884
213263451
210077769
177716647
229233195
172577610
70102581
65435797
170562504
187396671
159084658
196171569
181941509
191863865
175836971
155373340
84253095
49744647
185428778
164514963
192342199
174062512
203301082
203350060
208830883
169420640
54940199
55673493
193156059
203484029
192324627
210513371
204485170
202208063
163329444
167437655
63896598
69331497
104924470
111892581
121981114
122077102
92341120
93044515
191033622
185894652
185210649
207600228
211876729
178636759
217323262
179075308
83542732
51964812
144899796
193102686
192847377
197595286
181556134
158504633
204948712
181061123
107355446
139125239
116900533
201894935
197403114
198467695
203531175
177395132
185686802
184571440
161629518
78877091
76583356
186801944
194117959
201421603
192103949
186553918
188832290
173251657
188751350
53810828
51505677
173251613
184624968
195882348
183569662
152424283
194160075
212686805
230069843
107878873
77863295
128421880
179891546
202530462
192655636
214030512
195622130
180298873
208032287
142228103
73664227
70237915
187968959
179034502
205959996
169640736
230198025
215197856
215791386
176258838
94437879
63305881
34993807
59697720
86430616
103678523
89103025
84637501
34042320
178396123
185720070
193841235
174507682
198909266
207157520
157261414
153526844
111185760
160510991
194112977
175062592
175512395
200256261
181912811
186438442
155047162
79886491
70966493
113181374
188532703
173849637
176903455
198966384
199442108
197117016
165812360
149330455
62393975
80325762
159440678
185799944
194804334
195251754
205888621
195070316
184421064
153241242
74955942
57198296
25328284
181124532
191972496
194664447
203668600
184895337
182477686
171718452
163815088
58548150
61879197
191464633
181937413
180929662
206664916
195385231
195074200
215906846
196358634
72938200
46728166
203450151
191948601
226827302
202194053
241209953
188438629
188418308
221795709
53417563
60074981
100374440
104900773
107612246
85062709
92128073
160443835
163364936
180915016
149971598
163564641
177201151
141926674
133058842
33391849
129560697
182088773
177698039
186850970
164245459
179030343
188274221
202725605
176880890
126802823
125668430
172749625
189453427
176445950
185207107
179677467
176671007
164872543
136922755
94761086
85359183
86054065
152825626
171279845
201913484
181363902
183157086
200689609
174226294
199311955
128462104
109307786
83373486
121188643
162667012
171599251
169864470
197296333
180446116
173343459
161706581
148230198
142057190
147968506
137770245
176457888
172938468
189417296
186698510
143710240
168143887
172271215
106986786
79544129
31838358
131762333
175745449
194432289
196332464
193559452
156594357
181421167
181850020
127725755
58615962
92196258
133218465
131419228
135804422
118274469
80619877
110627861
127069824
138497215
171612131
156064605
189094230
191432866
178497194
167526300
192338392
172889526
175573756
192856725
173502579
151553019
150358933
148526342
140223003
117017257
151119718
156614319
210779255
203999899
204632936
191557569
205511945
188952904
161685597
159716114
113797574
87187094
90940413
170487062
186760235
192311858
203092485
210736518
171319585
176492982
156779438
78091573
84724440
125623629
165642384
162650431
193655954
191088262
192704224
187512485
171046371
184026253
117893741
171737198
137190861
183193582
163794197
182663103
187805902
208187239
165193030
162379909
120316084
121033406
115912077
126561415
120318428
130187961
139130460
143827263
137588025
132486081
118971852
101805371
88432493
91947795
85456317
87715171
98321373
90919886
82820489
90644851
116518863
169085293
159828247
180122648
180817972
186982011
153260313
207621804
183739004
157707079
141962835
161329220
173669378
224227274
231996731
182647040
204891411
185722480
185768108
179056254
147469574
136792281
123343757
122023068
163297409
182039838
193612609
197089377
197515049
168084725
186976851
145677609
109533961
119132909
126542236
128075161
155701556
166198624
186968954
181699054
193525540
169890034
155554965
98731020
125508127
157961355
167945797
180796801
173740514
194302204
185381787
156475333
137148574
92885718
109506087
124096245
135627886
161036859
167318027
160238943
156766517
164015084
147198510
148037927
104069324
103435840
122703316
83702390
88661060
66927759
77928001
108771040
103731872
117367240
98683874
113276622
83511926
76443028
69269722
91323504
192421008
186000082
202590971
197018322
190774639
191302608
198224994
129284511
61842789
86748730
104148533
190482675
195579898
186823804
193461492
190077304
190626494
177757080
143265463
74429845
63773163
172364993
175809108
203908729
189284168
191464320
219511429
184379445
170548414
81880125
52744191
28469638
184502562
184470552
185215205
183856021
206497370
217062879
174081235
168294876
76614828
57129665
132878072
174590513
185579409
169781636
183108077
186837434
195346682
169205273
137047562
101785186
75259425
146959395
177597809
184951816
186117260
175218373
225299287
172416154
195922250
147178568
120031397
96048558
61731879
47524894
123119091
128288449
133368683
145969416
109346437
113093699
142640907
135534369
128823446
141433210
122082908
102635603
116815373
144795727
180933897
213203083
192884033
166380153
188913916
192971506
193806139
141040400
178575213
99836405
118540264
164128349
203057903
188822373
205078599
189833782
208167402
171299596
168497917
139759238
82476387
104927353
168685544
177311598
192306105
196868300
188295724
166881278
181479062
160551594
96878143
66372714
97098726
155714772
192854706
195798737
209875128
189317451
190113825
167986494
161923274
120939172
72558549
40140572
187532718
191524643
189374596
178801835
207918359
203178601
164939769
160250704
64247919
71616127
139621793
191461913
207531514
205442685
202193206
190977503
181231388
159204757
112283200
90944400
67038327
82102229
88699817
100930798
64929162
64143013
120153078
173095665
180061740
169883985
155409743
172991274
184066540
136341688
76458229
79178030
164211406
170640813
183678198
176484008
191017715
163054355
199046653
197508552
101092680
109027362
112552389
107185361
187564123
197212407
191283904
197534594
193999152
196987665
179259998
158931605
73439047
74035082
182741622
180211831
193636913
204570074
202984683
208925047
163365982
163641910
35289809
75471497
203461749
212683865
193789732
199975205
205607500
198882962
211188518
183272606
64850737
58028935
167457552
184522898
199658172
185784034
180929720
205049467
163714370
203937329
100233504
60535516
38166013
190045233
185714675
190043298
186452452
182883752
182860463
152555510
162779962
64911490
72852988
42251395
44362462
29696293
64687959
201042654
188765024
196624690
204395737
189555248
190960313
200089589
170922286
59457006
53193776
190710526
203573032
183183644
201902379
198896501
198516369
204532551
199271085
52035062
48275069
192406688
187218585
193309982
193744239
201548851
197433700
197834986
205215419
51836661
58599984
178686614
196663203
198480241
185386170
182915855
180530058
189160495
194297594
25464667
26782243
185662257
192455892
200397444
198678634
199502745
199611887
204023349
226429052
58205950
63561095
180018728
190681565
192880898
179203720
201231336
215354415
224560062
172925631
90476925
60709935
177839651
195948683
191600779
187232292
210827623
181469005
192088743
167294305
69035974
65122240
28049517
75582819
71737339
30480338
88641221
171651554
202874402
201675371
207147345
207924917
204829629
191598211
177081864
108855513
66039805
36860145
193092234
171493278
196304476
199276671
197792134
210288949
205470079
167043621
61271192
58508571
182794021
173630781
196990950
206973368
203394429
203928576
207264429
216937111
52493808
53097050
181645346
176959291
200818808
204882744
192246340
199842685
202646508
172898404
83223162
60641669
87143123
183014670
204792692
195048729
195468618
196027397
185593082
177451594
156828343
31811239
183886760
199049123
209692974
202187827
216665983
201777552
214328474
226317910
65802724
67396588
106301853
183095039
192402780
197186899
202431285
200876957
153936854
205650280
136599138
52893200
26234745
49351881
66854893
48305927
25276483
198714053
212532639
199470301
199840341
205285101
197182592
197641484
207743870
48384094
53797378
187205064
187116095
201425432
197950013
201781264
209741057
210924508
230920932
59324121
66286674
199923739
193539118
192376666
213266117
198828679
183105616
207925545
209515356
46064638
26514126
145872202
200628016
190255456
192588747
211915373
200260619
218857812
217466160
129553902
68130233
48791083
184124322
177740728
188478635
179169443
176545116
208559101
157056604
165678020
69391543
49771487
199896404
166353095
197737636
202312262
197999579
198487856
178278116
163962710
32748732
25335597
204604644
198528262
207051503
207683234
206513775
212439080
186054616
208435489
52393706
49897368
51223599
44196924
53155901
54837045
109455414
123615978
194987783
194573839
198971804
212791095
216601319
221714962
159614912
182972945
71697780
65837913
165994797
170228971
192584227
203340407
167082592
184125683
174622240
210393146
84215500
56208661
156013842
170933242
175046171
180163019
182645658
183150822
193517365
206428415
100858667
41325808
151241434
148030386
179994212
192224384
196187610
186539669
191377751
216266442
138186789
144220862
79471625
77609864
151471643
169957407
180150021
195223346
196361195
182804359
141307906
168984413
71305429
120786388
182170431
190742146
182799476
183698142
189834710
157439043
162425050
148085942
82391233
46697173
159073687
167456706
188592390
185958574
180855774
181497793
142370249
183328374
92740987
69709956
38202279
32021024
117783495
121400341
164850358
174581688
183285628
191245364
183048774
184610062
190363155
180361790
150413383
135712321
107339298
138704410
168388666
190824146
195345589
207745557
187098903
159064947
165870208
191521026
136604264
79266084
178018286
196594474
179196263
201978634
197267058
198573323
181676151
151841743
109047732
96643160
134901765
135092088
175801635
179900065
197363270
188497595
201901007
202461076
173272355
171581966
119354211
112724228
115824469
122250378
162503601
174221485
172367956
171263963
160723188
176336608
159201827
144265589
134483625
120633056
127151908
178944483
185968000
187016243
183924780
183840225
162636347
174952788
165666266
126095092
86024343
27351334
41203896
52200540
51249853
45151722
181476813
183390880
205012672
201318705
191566310
188429913
173943717
173856856
79435643
52862322
93584181
191090996
183709547
190590749
196378250
200430720
201674649
190675636
171378411
77512340
56518500
114218731
193144378
189577252
183425142
185068396
180061005
177265301
159245247
138639129
78658783
66626378
199941993
201062897
183129922
202611131
189840722
216568737
194249120
167608796
51321041
62935806
185476594
190409909
192834187
193628415
207046401
219128161
223522332
221426864
59361643
56250032
177185536
193663248
190411718
182040645
198948739
189003765
159772667
165869921
71724658
70233706
181229169
186387550
189967556
195322882
164608168
194181987
176033230
153847362
63880118
58395205
37563298
61401584
61965974
56197862
43818160
104643278
105639402
192153905
194515824
203379635
195422179
214920845
199412327
149698223
182879614
63973800
68934172
173059543
194888556
160739968
198153851
208568111
209341398
208987353
182264040
56751567
57394008
131492831
172887053
200448687
199090686
200085403
199392750
166293242
218216337
147017337
112370087
148044745
194604345
190720586
190433052
199271959
166031071
189115113
194013182
162693444
58576157
63615558
195540951
198948403
195078786
180830387
180820791
199769353
197799913
232668766
62061933
69268669
164969477
193694328
198830707
194636522
195633313
219091799
171744784
171535035
98059238
68124609
40292412
171072153
175047557
175123608
193157112
178173624
198664226
160473478
149111285
56784430
27469322
102654219
117238316
120657155
123204434
98187873
166488972
184956909
177089105
191881116
210584596
172452457
168814558
170682525
115748351
111316742
135472567
163623983
171404446
185408207
166898915
192982967
179311459
179895582
166273616
135811007
144430758
141116786
171750757
169870662
189135413
201097457
166916180
181830008
221676609
163255700
135574226
157611244
167944076
154984633
166960179
193027469
184123593
186758709
211145265
175725489
165627963
177635922
124416668
130252827
141217444
186298120
178303100
198922161
182027591
160413757
208714200
175459119
151291162
82675629
94809640
104790402
153015717
183170316
178521733
182178898
162072033
157139615
157636865
86312945
57639082
134288237
191203319
192189901
181571230
183186208
183769436
169194457
164720793
121161635
60732117
74772994
100181636
115567221
98533535
99092291
50484438
121441211
162260833
181027624
186301348
192468367
189434621
177523953
179519681
152268095
85957395
108223861
133614553
143222086
175424184
176657205
186527151
201170059
208992894
169095591
142316731
69160703
73241138
129515932
198654321
203000153
193574879
190315048
189892409
173499887
225997949
143410085
72002078
77682307
191568593
192748811
184732491
187533281
193629377
194627391
187548815
173746158
63139708
70815432
179426304
192514979
178075094
178756345
203167760
195268339
185298372
167525060
63703585
59032860
73230514
135282764
148184118
133562322
156209977
116564479
116172044
78545316
130005544
158236660
160013187
173727047
169905027
171054543
149624816
155296193
141965027
111541893
129409576
125379448
113229786
58815303
105488986
115583491
192907051
193980710
192672081
192773235
207260916
204619807
163669223
150928707
68367255
65800453
175206960
186972890
170040973
179001826
193656855
169053305
183838639
151043908
64168584
70538007
185112616
188631120
195505531
186381322
199222016
166504748
171324586
181857443
70336874
59606124
183940754
202236402
198685177
199661086
178919745
180842630
200107276
194097221
79912348
61461017
30349401
193070836
176164047
188579866
197187477
201181483
206723903
169063872
193301113
68412904
51636160
105318627
131871412
146180671
153655514
137890036
111675656
112953327
141324330
156768452
159262313
170773000
168316129
147012172
149336632
146742358
83680171
42943010
66427508
68663270
57886547
35457797
25844528
166973044
174791754
219437395
195284482
170605953
163897802
194274986
161100976
79660984
45260928
44173928
179016500
183900681
163827718
180468043
181961663
181601005
139250783
166809538
82016943
115998893
199483661
193125602
197753182
206215206
210914771
215236873
177256369
162829849
68930881
56946157
162120921
176223725
198416795
189767529
190915295
173685572
178208419
175953089
106529657
92579276
116388910
173387669
185939365
203023501
194840067
190662028
207662879
203453645
162241536
104684721
53644769
173544734
181256815
199152107
188184330
211953524
176720743
177030193
133152555
109615517
108357989
135135016
163717603
162409207
186653988
168097531
184762358
157139119
130751766
105559466
38303512
76151068
117807373
116548001
123912580
187654208
177276304
178867589
217584201
195341908
156919207
188458002
192360325
179752970
164290805
118982189
113007036
107400709
160069184
144819195
166563864
184408852
180019490
176765131
181997315
161594354
171510971
150384652
155087661
165335682
192729331
159858748
240362764
209523592
198915984
210589104
169797206
184515500
128140720
130109149
173172727
162820680
173931205
202126774
186689031
206407685
177914156
182765328
173569071
165401093
90097468
74764620
138191593
167863900
180245517
167217104
163204087
139329246
158577197
144461035
117051822
195511990
193548895
199200871
193796492
201692684
203132015
200825198
139007704
54923404
67909239
142664052
153063515
121136807
160520762
164951622
98421940
92560381
123988920
150311938
196963370
185923645
177898023
181679793
212934964
155509463
130103160
114430694
109847155
123493248
172960243
194812795
199311295
199596319
157387782
167455773
207074376
146782901
115334403
135115363
168623293
182557372
202310643
177448076
208938167
231329299
188273135
184266334
138531291
122392160
131028801
155479087
183950008
165461364
168635876
193655222
216331591
184964583
173581305
131504747
135494519
133953057
191794369
193282556
187127330
218243793
184841233
182959048
168638984
163436088
70405242
68718405
162959271
203541361
182923966
190840669
194758806
163379870
165486864
107868139
42319360
124751852
137136662
162551964
173254583
162180986
124990670
151441276
153528105
42145190
50249119
34017201
102111371
115109139
123483335
125120096
130633315
174412950
163278746
185306937
190263168
206747580
210361893
210503886
207905398
170462723
155985375
127031304
139811779
133447537
147690831
146884086
162586687
178139384
174974059
166262061
169909234
177799895
165073784
162004213
181526260
174024514
154292980
165582576
196082317
209211330
173946544
188013465
150286984
180451779
178977335
209604813
199469200
199462678
197428765
174557618
165376800
152372955
148682647
95176716
150379488
159427728
174595174
195608502
206588933
204552386
199263965
185215553
172999118
136122279
75731448
98653039
33368787
118145148
172872626
180402649
181327595
171369781
159909046
165538677
112054818
98176411
61339124
143098981
159283907
172512065
177062175
167265665
164006323
138416894
145579589
42319684
35250017
58125363
158703459
154056203
172890205
176702327
161220506
142207529
125855568
119520776
127678504
133950736
171807597
187660825
205679528
179722313
175178564
149104926
149990316
134788845
128302612
136166706
190735794
172398126
183986724
195868861
187915487
204043732
157820079
163023781
100089056
107990846
104531375
122314924
175344711
190197360
186041566
209464785
207108827
195816356
167140021
160737937
75334012
64119104
178692980
203124905
204562444
201164646
178969996
180824445
155060525
219196024
88237356
69105936
28341522
159635342
183033748
184864585
173524681
177234241
204239036
138968602
155685937
41748058
26829568
188668746
188512810
177872889
198272043
203660234
184897439
169138636
186869229
75447757
53985927
71594031
103897084
105485904
82084065
84813713
169638627
173075273
188641952
176360690
202178581
203227483
181344582
182584619
93559051
87739264
29108717
106153863
160127357
185540394
206938706
207253725
208427241
172529658
179499597
144240453
114430425
91747948
58155079
159892891
198081343
201675370
187141377
206460653
207687473
207663883
179100707
102687174
65178142
38476695
187854170
194442922
157593354
203567363
212615883
210185755
209891490
218250743
78637459
50990508
117687408
167076393
170057366
173828982
177230443
177680646
177375035
151887152
58944010
49143727
149208502
149401412
168654956
169471741
174832584
163069777
138200699
139836326
111440158
126738312
167681115
187201820
201789729
184835559
205711268
196670347
182446007
181830692
121446148
110095353
35677446
53874722
86357463
100802538
97834262
95060979
72116984
81460868
177087515
168545396
187797633
192565083
183070296
165105672
151453962
170454350
36178275
180948595
192002520
198898568
192492505
174272579
203127373
179425256
183290326
67577167
53389560
202566190
188669593
200986397
187253379
192571922
204189020
218089006
202809157
63182241
53834410
201776931
194587573
208872969
197184124
201736700
205898412
202724299
189677017
53139163
57061217
220442729
217534326
220700529
225712168
230041406
235635272
189088864
189065213
58314339
63712118
194912841
192213592
185622623
200059180
206928365
193471081
164189450
165587384
75196363
68168692
149175640
168437783
185298126
200806307
204944346
213991983
198243481
166408807
90009136
53371917
129691521
133070872
128515449
133612207
119960756
86773061
64790934
184210085
185738791
187761736
207799276
191424741
169112671
198905262
184670238
100088561
74740796
168209035
190698661
187903386
183358707
160316073
188906539
178116718
181114426
73910982
88192569
91673476
175469754
192161147
199495611
179692306
180165318
194951442
219066401
171541654
69736277
80202714
177675926
195406027
184785674
169313812
183673650
154168688
190067594
136304920
25815986
139262078
178893967
177164420
194147504
195462966
186695853
190461936
191415736
129071093
82242784
58480667
176286547
176427393
184195379
178074773
168261282
169199704
153578061
153409530
57467822
68023951
141191948
169603185
175597528
178152741
169986786
165372736
143524619
144575650
66869270
56703247
34245114
127123940
121062305
148384092
134398033
131407437
124716995
113629878
140781613
132726197
190904736
186759792
197664365
209384510
183337738
171761271
149866039
214337646
103514942
121786098
181070351
185591135
187256753
205333237
201508847
183755696
169917689
182332193
89774768
69254134
89800358
147062924
190974115
203191751
186816998
187524471
193296970
248855035
218819638
156602970
79243546
206967477
247195620
243073220
227728686
246397508
210744353
168480209
184849372
51600472
59195185
98912978
149315288
159076529
191070439
195527358
192336190
199902924
162274789
62577982
75520260
148763171
150867450
170076265
166929088
166899096
158549048
144783986
101195940
54701900
60634303
100796362
157819043
163074581
164267934
153202071
149309713
130025915
110169852
53384743
55473683
98783456
166529341
173959950
170348109
191472827
225122755
168416228
172463577
152244204
124809985
132037670
148899345
149704360
192860158
192759963
183732105
180456314
208642282
195713929
145955782
148336605
97993470
98791982
140499019
180978201
188836552
202105823
202957136
207833114
182670838
170735986
148771867
79706945
112044118
66767605
89368180
151372138
161707221
162503356
173197968
175959147
169083918
151633790
173421681
143358860
160954507
226444317
226889243
230416911
222567879
233778117
187997362
159946023
152635503
141271664
144051344
151160869
179187923
205477488
158400884
185261769
153306496
169608616
153155910
118335289
108090511
102172219
109192380
50791320
52829636
38408508
153052727
168788733
183592918
175125062
193299410
180631179
181695326
181698814
150860419
139683856
83616526
95201027
89349348
180467506
181158893
190056037
196342362
179317365
164818743
180215541
142632419
84281983
86295861
167926081
158313802
180121800
207734123
175274304
183999519
182021689
185449399
121608824
120107251
153679014
157119181
205188463
192210679
192216186
183130195
184015526
185100717
124164782
113828811
198309554
199445017
196948924
195405009
175509388
176528171
206741157
207035557
60992799
69583346
173310693
173475436
188890205
171066463
179098127
183646394
137096344
126412336
126183283
134941177
184929502
179159934
182468419
165940876
178411250
179363066
156040179
99996202
100382947
97118979
65874800
69069790
32054399
78293092
153070774
158504674
168797560
192254556
196982863
185176368
186927426
229006173
163978748
174457081
94673804
104109591
155732758
163268802
163575433
181840467
148082219
156162708
187535162
159139374
147846108
148376124
181243360
177793335
171877403
167649286
162081874
178117694
176275468
185453893
89113159
104822354
131373174
154139313
155985909
168600143
171348412
182067740
171875996
174795766
145858652
139997771
104178150
115893730
105145355
109789299
151597647
148301181
152891594
192138581
170188990
174888507
174743429
166562855
141259941
119978584
92777771
45989181
62643016
155796820
184371973
189228079
172096062
176893077
171090236
146489016
165117234
119461086
137644254
158550783
183900943
199027442
227095426
210299087
170458149
223321295
147451034
98105402
47155301
152776734
182313548
199046848
177356837
194159266
183073630
177356242
153153992
107902237
80357742
123063072
191161470
196882122
167849634
175985427
201921420
179711934
143688344
161008166
83611378
57748499
194023570
182655162
193807560
198106613
186307600
195265687
183130981
172888142
68998312
67506586
200724263
202797231
214805207
212677352
193440672
186867206
187474888
199905541
61281566
60382913
170577295
192980466
193769705
186280481
192606781
194720655
150921637
153023690
39771673
26055135
190454564
194188658
202324593
191638264
203589441
187497000
169498946
151674359
73459845
65230126
103502533
182416602
195515400
195700114
200036336
196368176
183506275
171030290
154704046
84726321
67987705
139713506
143166394
148011778
132517076
133892286
105395216
51661122
133575073
136732625
193927520
211418398
203544464
194824826
199014694
199649751
148418178
169824748
72273657
77283980
182565093
189940677
195123103
191169725
205470743
176655958
181301184
150934528
69959771
64621595
161763670
179417713
207289572
207146677
186581806
186885691
207672239
179721992
96043879
59215341
43577386
110765279
193600703
195820457
197240808
202354827
199346471
209773275
177347591
148807926
71927344
64280802
160844735
162352714
177558175
174352944
153767440
138780360
166391040
57618980
74747792
185825611
185895273
203900057
190900284
197744472
183376988
191576443
158117286
75838763
62277084
172958411
181500329
160423649
178181589
166701765
187636223
142106293
142129860
58118141
62358674
50068709
142207280
143400371
148371429
168827501
121218791
128012379
93536183
51082675
126855583
127306917
147910639
132041580
113599474
114358487
138935963
128715031
144160984
168554728
179793851
177664714
167584878
172723886
202164361
187471168
201430722
165599533
185607775
176955184
167440828
171974925
189028700
189080308
177742166
161358411
171758642
162694395
171010797
158735897
174843784
163614979
181098581
179853409
162128696
175902930
104241070
106117631
74458079
28908948
27439868
130857955
163291528
179281295
201713632
198245870
185974865
176124486
176577336
147010163
138182669
108555562
97639712
160714152
180624104
157905337
174605220
189483018
159109331
141564599
132226762
115803497
120041041
125523034
107953472
107282310
134297540
104284362
65486960
82667757
141104133
212793592
216787062
186226263
181102073
180570717
181116637
185278457
151425625
102225593
132748098
173699936
165900999
163917293
179332329
164984713
184508885
139553417
123983202
107890760
128645955
164948570
191895965
187382299
205134944
199518501
153002145
173098894
193096001
129659302
87885032
101738921
189362321
174742118
179731423
192085696
209643003
189097234
184805773
163747550
80469919
63436612
145509248
141479154
157774383
148278400
172385113
166603194
130865105
127688669
54639601
132401379
153427740
190821652
188494620
176918849
185070791
197360830
192952710
161742984
108219985
77610722
117781047
163269528
155790805
161487616
187323720
153511129
155734237
146745086
123139786
80826500
76672448
77923239
80474455
122938577
111829228
124993559
123132398
116422255
136258685
129201590
125521520
170370443
176784083
180179235
159560906
158704669
163560970
124367654
107151313
88017693
120237048
170379700
174877350
167599153
172374326
174882735
161432149
162734442
176025288
153654120
129120712
170092141
181494820
223250439
185719528
186119238
176500273
180257396
162088969
134949627
123677001
155199019
164409913
191262250
206681490
187622871
182900583
241026826
211978008
159746988
140080099
86714712
139109359
155387785
179510969
178122874
170519525
174076563
147265075
153229207
128300935
59110716
57233506
165879250
171299469
176171584
184128993
172686802
184662745
164035076
129726384
62242136
155982580
176993471
183657959
160755842
169876182
203096869
191723560
224919631
119877432
86910068
68283488
66826873
81770231
90319814
97546915
85266022
81590888
53025659
186885900
187746394
187658275
161262279
186024088
195420462
144765080
159153922
48821306
170986735
203814131
189233950
197872073
180586899
193407539
214431156
208222009
53788315
51471466
188952154
200756024
213195329
206651129
207054493
197475336
195474727
220154656
60870635
52001024
165779438
198178671
188511032
189108037
195302025
203416102
189145604
205155633
88571872
68523997
32943708
138626753
150099045
160863774
161302026
155531953
136547390
108752060
50881899
52705973
165096802
193320529
186520612
184721345
188394699
196822849
170748839
147915833
81708535
64827951
103665892
168434423
169965434
193976895
188922173
185500130
170132877
143665561
151202677
45129055
25514748
128571685
128427556
155799071
139835371
159130528
155405194
128359095
143804131
163909384
168801234
139461627
153893102
173177390
169717106
136297374
142599726
114112957
137875538
144852709
192261995
193579181
186088322
183247417
187285820
188148044
163282354
125028620
82194933
82979410
186117982
190929736
194483272
204401246
183520632
163009331
174462812
226651095
66895872
79816332
100572946
168250333
202339975
202655412
184845558
192809723
218142228
200888597
156305646
44230659
137039084
173922496
190895691
174031225
184872484
161150051
186763915
151468561
64764743
61560197
107168009
176403094
187307795
180820370
155409747
196184737
206435000
214196456
144895824
50532565
142468912
165904258
189624573
189189522
186417874
191302663
161163984
152700178
69180158
38013409
32784791
109390951
138100943
145717115
148661947
127975327
105956531
66471132
142435870
159324892
159258343
172618051
180164249
164138204
180701174
183309093
129731274
134313715
162883342
169383084
172655695
178480762
187089113
184454954
200096481
220251897
155217772
179201625
105799316
137638677
145848381
187365812
188810432
194959399
188263111
158828111
190799855
157175781
181014117
81728891
81649129
177408816
201053783
200779329
191095310
182905905
183328873
168245331
176376961
59024803
156358864
153257133
179727871
169543102
162173183
166470060
166739361
142835687
63529152
60198253
49155212
176041900
180936330
164803594
186610921
187106488
148437062
151691426
145775505
74994880
82176073
110925675
150613938
152409433
150566346
142824384
153590464
154261683
155665433
108282157
54765573
203093831
251671408
258997757
237358191
262817659
155721153
213959192
190911429
118352676
72829056
51076927
177372387
194441694
206454498
199982293
203992035
204493053
216109060
175436853
93334366
65350971
28914028
184734758
201378923
202446647
202216824
195009162
209993030
190061513
162225218
59566605
55369228
172299938
188779947
182381043
207170287
202342459
208751358
213302801
185543162
92289255
69961278
90679969
171710875
168689942
168952934
158595852
206496480
153083735
161620916
103642892
101470319
86046695
132839338
138564153
152960230
152155941
111605969
139934033
97137325
88487972
120316011
169067685
172326146
176450546
151829058
171826400
163168835
165576036
148805722
85766508
56171557
27409672
94022572
118561186
134926296
134957074
129689477
119475248
132174040
177744288
189553168
157412160
198509310
183734546
210570218
147034354
154172086
120129454
84611502
46386771
169570018
172311664
195593892
195299513
144424098
184253373
175524358
196420550
79422669
46660192
25780783
167765114
192475991
192080556
205447333
186722318
211762743
205609720
168619904
53648300
52463360
151694566
168604586
196924074
186625576
192928326
202096265
198458007
157197766
101576424
65578440
68849653
133368990
156776600
167014013
163771326
157906569
147962273
154834176
137072222
105110328
87405865
91375206
49668652
94672182
99451714
120830811
156162425
176545213
178657474
195823725
160934150
173445092
135623979
149110396
104908305
103257835
61017841
99132307
90533798
97247776
95451627
93120238
137601710
159306481
180250534
181506472
177563269
164205795
172617023
171595869
191595719
174716085
148974073
174066292
223011947
187730884
188261230
206320467
157973195
157185497
183279414
109890020
126945604
160747679
188828002
184194154
192083673
198973258
180974586
191314283
183467765
132511980
99727935
79345363
136832383
148025246
168983252
191636181
172286568
214723245
166638380
227570895
166788675
138021804
148447703
142285702
134483855
141727737
147496361
137354373
155329724
137845339
110802267
103771941
107127804
110056341
132635687
144625351
131922539
157145430
155605757
160182057
150873841
109147598
122151183
90486973
160814570
168735062
183543988
190389599
189026654
195141724
161203500
150208080
103188878
116956920
27481558
150176528
172060013
172668305
162114118
198577120
158828721
144420001
131497813
131065003
129479212
187014965
190144264
170996614
192173797
184665135
169640102
178956228
163341717
95530052
111940943
176813377
187927956
199499706
192836435
207356699
180237607
173129858
188816836
97805567
72790031
36697620
182043683
194192352
208005624
191747245
180618706
209451475
193217818
169012931
62157983
64655751
138781215
169204472
190350954
192046599
208795448
188635221
207051273
166524699
135842972
62610131
64103062
115343837
111738852
127930937
133114503
107660132
94768016
96310187
72074922
174989910
178390827
181103059
160012096
172632884
141547011
162916419
101627347
61675372
164829266
175041435
196090750
188798632
203880874
176077080
191590413
162277313
103765644
57111654
46325834
112758068
122477238
148678595
153113982
124135095
134414345
135568232
117378529
165938372
181097956
189611263
189938692
148285696
159948348
180303224
182057702
123471625
124565115
176971074
177404368
187098806
186853589
173155601
169426675
193092484
180404609
108670859
111827745
135221524
152403817
177146265
174425066
165683442
173107996
175195064
182475831
130788005
123337641
152798309
150823936
173854416
188797174
173065133
186203607
170285399
157355383
146920397
99378394
109969512
96645181
118554954
125822515
128835060
130215437
121749668
110258917
115729788
91071264
116438505
117329075
131039564
133699362
130016496
157643747
152128586
189907344
163771804
154832424
145218695
176305885
153811729
154736535
156915230
145688166
129453950
145846515
149228004
168258681
171279546
161622579
120518599
105210593
71958657
67345231
138960384
174412754
179965305
188655916
175052057
151933251
175065108
154584352
148028516
126301117
154206754
191572587
189286531
178292857
199780598
166299686
179756878
197284734
139220662
96905577
99158930
155696351
168892362
195018826
183081184
196712805
187572424
204059883
163942333
97685469
92043357
72973248
98894303
124870510
168423727
163488623
183470448
199347586
176472755
153403379
169310529
143095919
107401723
108884115
111133302
126808853
123789200
137938503
141940657
117674106
115129811
101806349
115978590
126781461
120358761
151928244
160384955
162954885
179966324
161354172
168106158
168022536
125757034
150414953
145117953
144263761
173011579
180598165
194156193
181702701
194590070
164547942
169023581
193825203
151239708
121249982
44130752
101470845
134085521
149852499
142002594
138140128
144839859
122296197
140983976
61650888
174887730
183445306
175167024
203109501
162163550
199026598
166890549
157291244
77188210
69752739
112342196
182299088
185049674
195550450
179275323
169363889
187576687
214482962
171871125
110438255
108759338
142545808
181588903
189397723
189359632
193122074
189627179
171363390
147124468
84839458
42960696
89653095
179478854
180564934
192571685
205658283
185510060
158128630
184406473
155077071
66329176
57330345
83050937
142019510
142948437
111346408
152154849
138923703
125142613
142472493
157704378
200451053
171235829
176847108
177864854
174515460
142916143
125067178
138575895
172222510
189449448
173830905
154315929
170087168
177452040
178456838
146554001
70293214
58999853
125992820
122721582
155401468
163932913
157252165
157698343
142207209
132845692
136728386
156183005
162333334
163834669
172819223
178610578
187336842
218068061
171706147
169985643
145215460
140929879
155277530
157343387
138345831
147293378
160652757
164656294
143112941
148235510
155910521
170742756
171103626
179209901
133635205
153426630
105899524
98803845
107793991
166847407
166729476
182256316
188265905
179847536
176422603
148767148
154901782
89051803
27225033
93830658
154982498
143365129
182747351
145339340
159436684
119208287
120820934
129137843
130758832
153278113
121298301
148947411
145194370
130558564
76841804
97600662
158741835
172263659
210844455
183962799
186428354
186859415
212911874
195968386
135755844
89551611
76923114
90307070
141932746
135195327
127266233
140777230
101115697
97667604
112482750
147095523
177596504
180884266
186205640
212444111
191271176
195273953
176595888
136232164
70104300
69288140
189762745
190652121
180477981
185819125
192477305
190675058
173230592
156125769
64505927
64650268
190807227
184788670
203719849
203365483
191814786
192066906
192881860
203030155
63048595
60826875
162810055
193947575
185310989
198601010
196881209
208732929
167811161
163670535
85407423
54965771
151775768
156922374
166438544
166890837
171464539
160827719
149818809
102755640
83976953
87117931
114755772
147437889
143008576
167426409
168665204
174914255
162648866
168228510
166162832
192641929
173201280
171067184
186885787
167501954
169511181
156577871
174265195
153458567
78937192
91011337
67133903
88113995
154081690
185191994
178551389
199463404
202931484
193729707
144814326
133980134
80526086
78793844
188264118
198485937
197160730
188608200
198110845
204563122
172995911
185146546
69476226
61555281
106871579
195522640
203472795
199648946
181452139
186852229
184505602
196646364
136711962
66431118
64742367
191272166
192598618
194208953
191080838
179879793
192068122
156743902
153759783
65235026
45075783
167950754
172216720
180104502
162168197
165096090
157329182
161542719
80398595
81295802
82841198
145314847
149899025
144446251
150480258
145495096
140930905
142559373
197047158
178905473
195123599
161071099
190829662
196231631
196575748
168617829
159570322
139224154
126257229
91095836
75163069
63057049
69829385
94902675
99463212
100715432
122358930
154070160
172791291
191434728
193162561
196347585
209200005
163790474
170753890
196609453
175553433
168302280
192029217
184018229
170318549
181317002
177903774
172798690
155370278
157015397
122304319
139524748
177064097
180777483
177148824
168495495
201309991
184509266
160948747
168281132
99250634
84377544
31681564
181600326
205317822
193108100
203651864
193554012
195393124
221031951
155090395
89909844
84166941
45625058
63748537
128263845
137728401
148893898
146402014
178608739
142553959
126756505
129443014
126247539
115975593
86859720
76718429
148687307
146256739
163255132
190488374
182771744
207190617
177291203
186557502
169722879
170303251
112798683
133416465
151382499
152144064
136632091
144605939
129311104
103236035
103655110
76272267
118596006
145064475
145568486
174067415
171098903
175936654
191558846
169448297
151578457
172612622
193445231
172107134
175157132
198624264
184210328
187614738
204349881
165051112
164100262
157117929
129248403
124461555
117446688
146892675
153924162
177578083
185103541
166638222
181045295
170964741
154475808
115201186
119832234
65823976
130490077
146857302
173435145
179123173
205662081
176794791
175192493
161767790
157803291
124579928
129725154
131072526
112270047
118144782
89316022
55427650
49240471
40122168
142360156
191693752
195426222
192568156
162532893
182785464
204492794
154923258
86479995
44968724
106035993
172848631
196949303
202910347
200749913
198497212
195260304
196542934
164053305
67364118
76368341
168345979
186695238
190533941
197553123
198774360
191883780
162847423
91769517
52305141
32523898
156502937
195869776
195698250
201882088
205488664
202438546
159838411
186030887
55330836
56773851
91780486
186743846
195410063
199490588
200995803
188616278
203169067
195933909
145401918
64776361
61007028
173476734
194060977
191139866
192694113
208411307
176867069
214025853
154172517
61670527
52933114
108949160
189163446
175428986
193741622
170547807
192703617
194179490
166344478
151447025
81177819
67630473
44084793
53358543
65392262
70459101
63633350
37411254
128093205
162494023
182882440
190021829
193535894
171232675
163817545
180868201
136281063
76107085
67167221
146106605
162886077
176974113
181662969
146947767
143927534
145473806
125811894
163920861
174258802
182467020
190285752
185423199
169252114
184838878
162278006
57726557
43290829
117999755
124466454
194864423
202455232
198314445
198530504
211558201
215628349
158722586
144049232
78668643
76559897
172338641
190150027
193887917
203207721
205601513
197618993
169068134
172804397
67081055
61928044
136801570
183802387
196982914
181745218
200772132
209577788
193284380
168564482
125455832
64309395
25195450
177776031
204697637
189721608
211735278
191087552
213369256
168639780
182448412
62374294
58327880
128838238
130740163
138994770
101560416
103290029
88567717
198404290
185673074
210205957
182866260
222458248
178154369
169965805
174299390
71535849
69344134
156310553
181932527
184469674
173266569
176658856
155058911
172221545
104374153
25403387
24941478
196433507
197721345
206295818
204740697
214741698
217255534
203493740
176415677
59019355
52769820
167734144
182569564
198739746
191742971
196902133
197861975
193587780
197240517
104208553
61698517
33293161
162959326
191808689
195753339
198697886
206528059
206210600
207871310
160529174
91867808
68724546
34553146
194132881
202816929
192595187
194122500
198750759
174583664
162791859
154680987
74358937
65782035
121937969
192378540
195153349
186800773
188897044
203031220
171377649
176689057
110898602
51031501
92157658
88203722
93755762
85518600
88714163
70375187
186086465
199097611
186810952
198945966
191748432
200977200
204928354
159560357
56969631
53844829
164754214
182368117
180056512
183597277
200166617
158665424
162536619
212032866
73624672
59602742
148852739
170878044
196762748
189601301
203844636
189940076
196479714
170578142
137714726
124702401
141689975
185373328
192888093
183372524
198703122
196252497
188364802
158321338
220125051
107787375
99357039
115215997
180671523
179515379
200782972
196899210
179195212
176364132
177145069
144301557
70694211
85773428
156631909
195566520
211159554
212308520
191737508
196651223
184822299
237101283
134524188
82620460
77535547
110768937
155043900
138044232
161682191
143087420
173461549
110683927
52210409
52956727
245523605
262938449
261949351
274292184
262224409
264940569
240869989
241919785
70427793
63965986
155177508
165711649
180038833
164531678
164559333
153436220
132973900
137471262
41994927
29789415
139268199
185609553
188447871
174784112
190887090
177451206
193003645
164093707
97686649
147719455
98631593
165649661
170015379
184943472
203806155
177066046
171124910
203048347
180390612
147129285
149595487
169286447
175515798
197114278
194805951
180049088
191053585
188257076
155077446
122469473
46174934
161510831
193406165
194148045
201638844
185256542
164302528
170230096
227354489
101083070
54213606
180921272
197567597
202131484
192833541
175526566
219309096
203777836
172423479
60801830
62527300
55884846
148707850
148528332
162001688
191068220
164597918
164925419
154786816
129516551
169159388
157093660
161669213
157973143
163292034
166206040
188232076
160381995
158801283
154344815
160291526
138952441
125867358
125817244
93412612
104270742
138349828
169675714
182952243
189702594
175032497
197048873
187956707
143560859
154586104
119048681
127042890
123816677
182680512
203352303
189578561
201940234
187798145
196675156
168482131
166345251
133465418
114114815
188921577
176112917
178785988
166069491
176581382
149722053
194743117
126344343
103466411
72039729
162524890
167000832
192041780
173320558
187925946
182024533
162248550
141849919
102278359
69023352
83269811
118539766
149202147
164952088
173780314
177892905
157924058
205963727
159802689
146002927
144388684
131712540
118534148
123932713
92303175
82318907
51370754
41617215
84354890
139954042
191138085
195403737
188607985
180212940
235678765
225564866
203981508
151900952
119666378
118012342
112571805
141387465
155491726
136355511
154938424
171224306
139083028
131624212
128241599
119714326
137740626
194501653
188274900
185810792
186224490
183312966
177252757
158593825
130970980
76266579
85639239
186571493
189416749
200135420
156631302
208873770
201113373
217469865
180210083
79590679
57461910
178179877
188679150
203238566
194286044
194826817
208799275
164933729
220607733
58236814
65094138
165552119
192210665
202357359
191053759
191490552
200674883
200408972
175285641
67665414
36033615
96293460
128890201
151344358
152891172
159770866
165369602
161895415
42567385
59037436
61466965
92045071
132757534
123093791
128461580
108874700
83103339
87490830
106392936
183231543
200991953
179144029
186044573
195829484
229210889
168936826
151282891
67446854
91382838
124805828
156900343
156677688
158691291
181616215
158929052
133351534
154093978
140086365
152568298
171236561
174321779
164131179
144755637
183081586
168221891
149287506
165960082
184467585
172077919
167089776
176563005
200790862
189779756
168005198
191646998
146816775
168387102
131242697
159960077
146528812
169624128
176771207
175599435
178527130
162200259
152543336
115154259
88480073
74976875
167530626
182880610
179990663
168782326
178710235
179957882
150431608
152093693
74289299
77611184
82617121
83360338
104631906
113865433
115778451
117048225
124886252
112595250
161208241
161319638
138243690
143049698
113872628
86190709
105534295
33741807
142565648
187746255
189985021
189548885
210823005
192545766
177717550
182952906
140187900
123255409
121320249
155392826
170624418
165236809
159331516
137528329
137000797
108772711
100014145
117565169
145777150
177897073
178395559
203799553
206159827
206394830
180645175
169134412
126811253
78066714
80672394
176035803
185885083
191032584
189678012
189583044
184107791
166381504
156830903
72424675
62380360
108558992
193058524
194732525
174510479
210030424
195041967
169745151
195860218
150628072
69149721
61398640
167583720
174933306
196916718
177630792
209194193
197241728
198631656
166741238
105381451
73683656
35860215
71974988
156237153
157172958
158033712
138797097
142137898
134593718
90889835
61217157
60470190
118852531
128920441
159128814
160272619
148543824
162858102
155926693
147232170
166494011
176036317
172459187
170537063
165522312
192589974
193191868
164679454
153629811
134336199
58543035
96432528
147030388
173767821
176275672
154994554
168758000
154139680
175115654
168281648
129905969
123372591
161097784
159221755
192002852
178588674
199561901
172761663
165088014
168793987
131521241
112176825
130686967
152273926
182177735
177882966
206779389
192155056
189126566
202638541
165640610
150816327
70966013
88221719
170178945
172268102
193327235
200338328
194518009
169681306
157757972
155755193
46349609
139033013
189411446
184868144
185755655
210411684
190719058
184452585
185422732
127708723
61812571
43029951
162062707
157759816
165245933
164826333
147273157
144898324
157690051
127215016
96751541
124607734
115226439
117005431
127858727
131096205
116578194
154674668
161588331
190607255
197342036
205721913
201760228
191361110
168790252
164929358
172746678
113728007
87422665
52011377
141326391
155483390
206996207
183295217
191618470
177814024
183864654
174986673
113689411
130710542
154807821
150082698
174624187
190404828
170169652
200707880
184948684
185204368
165697596
154628736
89488831
101727236
178654206
172725079
205404995
174451599
189628675
182451296
173151909
225246994
82771862
82617574
51326343
81331222
137562962
158683982
173478644
173630256
159134540
157210512
111447652
145710915
159884244
169366947
174313392
190348578
205809256
193497946
180934642
175534407
136967833
101135040
169575755
197737736
202460417
174386693
191433002
202410795
190915726
191384446
96414762
66183250
32770890
149350761
154883766
168124304
173919411
181594845
140692023
153173206
146696516
66211941
67395019
147341030
150719011
145959405
172274885
188978129
200734131
184434118
193166831
160890181
157631833
143616920
158597060
164347132
161188378
188496345
187256217
177035330
173646824
165858505
216281695
162685663
147020506
173833253
148104371
186180519
170006781
177363250
179780758
157397982
133274803
129186225
136406963
148291738
184894537
186420556
188256832
190734876
167255939
148332472
144111189
63904900
146653629
164045857
199891662
200313176
199079827
185031652
215891078
190834033
106177720
67665287
53355621
132089928
147412629
144935313
150634894
146180045
132738099
133676302
144699327
163765536
164976242
173066267
178007959
165607863
166129026
137935200
152433430
152070318
145429274
130273534
136290667
124596997
124596548
188091575
159728002
177639145
148215665
169150193
143733101
148933107
133867778
98126862
32777084
31354443
140691849
186731952
189040441
193156626
202412232
207233627
200422781
169159348
127464408
69736273
58335457
179271005
198670828
204343370
190845566
191302914
191882152
192966979
168840366
64167741
56177577
100765205
179885786
202720203
190054008
194772975
199218400
223260167
171052214
166218953
71184089
87407381
125109637
162050633
161264327
153366802
163936745
156424063
140872945
141163398
66194230
99593757
114212247
140947450
141446156
141324731
117208431
151255925
78824068
38936879
193226021
193305467
193655387
200243223
185045451
185945245
170826848
173433049
70447062
69496813
175155668
196969070
203463663
181363846
186009178
186444818
160368954
164853273
65483308
65322759
86038614
175406573
181299999
181370893
166931316
163743921
157263463
161372453
107887558
122206570
126105893
181510867
177794673
192634776
196933281
224886514
172612924
174747578
178247129
86765672
91688129
153970335
193043353
174396994
198225909
209469818
188686332
191288340
157097729
118568506
77445922
49877126
176927787
185864662
189530199
197610942
180246597
185010195
160794411
147859154
73145294
45489089
25696063
155727821
184382443
189273410
175784344
186859097
147754519
136706495
70564085
70338900
25050236
173587014
184499895
185141646
186876024
184961758
153768231
172000609
137462056
63602423
47031135
190523656
179794957
191328641
196937546
171600786
181769645
200830665
151939228
71593349
62726115
191292921
191328803
198840159
185028132
194115113
201685645
160762362
208909470
79397428
84004863
109465558
172254280
169849661
179869486
189016931
173543161
147682027
158208882
81452035
86358820
103812010
182944754
187343166
188524804
191296630
205494091
177589664
198983011
136803087
67261961
62119336
179001909
169931025
191516864
185554768
162449499
183549780
187290222
141931845
48299737
29418923
176088671
205220614
185098410
186020910
201115251
199802973
216139313
203137721
89279110
53759183
150250102
142818721
152306893
148182894
127316879
127830047
65786691
147371535
147300247
148040884
156326555
169759500
153353104
153562561
177190910
124547708
158672324
167724494
169833501
175986402
147737302
152282244
154155217
163416646
83780552
147264979
169687480
179069562
172933462
183292651
143339090
150374539
151075722
77748276
56209208
168549680
163824449
168810618
181306169
178624024
155121691
144899474
90230160
119968631
128708388
194425457
193226507
205193692
197972478
184144668
213999772
159056059
165757676
78384562
77639313
177819562
186902610
189070841
192465721
194178109
197283244
161013164
139395906
43355457
29309837
170807890
176192306
187423791
186690685
189020908
203903624
192371208
205431116
79000365
68983808
96012326
119954785
141055596
141011713
117411010
118482337
100969158
136532473
188502058
192938567
195935474
187730279
157263626
182012542
191657536
112259569
118886586
142701312
174692015
176513770
178790375
194370523
219724494
158071200
169303051
139260166
94613465
80274611
87668191
162305831
193798008
189755429
190171888
170314496
201181786
169900089
159602926
88456691
68844240
175807633
179320326
193894767
190111655
186483719
168863718
211376815
191296621
114589067
119753589
160315015
165585729
171975625
203784194
184912914
174705028
184540482
170884944
134646813
134875806
70979977
69739804
166336317
165728338
190888620
189656592
219256709
164215255
153826164
173697764
114247432
116423242
165424575
174885451
163042056
172516954
149030725
151624234
149235953
102001897
92264931
112236100
144990336
121335415
127952180
127055208
142611601
132964957
156498240
171781422
183978304
159348894
172608781
166617894
172870654
156005293
151822221
129437652
169543942
163949717
177313040
191019446
165789815
142995094
166608625
129051767
150863519
139121870
155892458
177140165
183179853
169112783
178873882
190851346
183887918
197014786
152879496
155410210
136715671
143364431
110956366
67778292
71139319
139555332
167781590
178947370
202775522
204531537
190339564
214069383
227491811
186919335
133140437
160270868
144028400
135178531
149517793
179036640
182838667
150759284
195454309
146695011
152617412
158423361
176483788
139075950
180267991
174660166
159444364
173139626
173031772
145294947
96625403
93365229
89330564
77523559
75251177
65761004
51167103
57376900
70329233
168907393
176133843
189214501
184972891
171994821
196380772
198176140
166760141
98380962
106835412
118428432
138317563
185513549
164183350
190632181
175039332
180234352
192146477
133336848
74668180
77584579
176774007
179270513
205565821
195790933
199887387
221655267
168897816
180523602
108276984
81279394
83632313
127572692
158714619
156245213
156222229
147379076
147284063
108809685
62028187
98819322
147867986
185045891
185131919
167278276
192619436
168587437
174637765
167487305
118891970
106848695
115668805
166760100
183532910
202753047
151416834
188592211
188994595
152820734
139221055
123813599
114136270
162701738
167699172
171199065
177466932
203723152
161636300
173739714
129261750
116979902
74647048
69066621
74905828
86529056
103529064
123193239
107679268
149584978
168437811
210559184
173387816
197577021
188098639
199077146
188247577
137665697
152057874
115482841
122526869
149295459
182629278
172857292
165852857
174830811
147359106
170686257
138115210
105608818
54669108
152275433
181696545
192756929
187252511
176374563
183248700
167651766
189744345
111094565
90316010
61115178
95080778
133207199
154041319
151273050
167608643
175015905
158289993
186399322
193630248
186165476
175945638
172719671
167834659
168096361
157242294
153880975
139527673
172056882
139982862
143966311
173238826
166641560
164423973
123814180
142846372
155219319
164029269
147597728
185278068
184164572
193099713
140860840
162888788
144959494
132063849
160410700
161327328
150215509
140599872
122519511
145433421
93255713
29265937
171744338
186206551
188932091
176284138
195807717
176619444
168145538
152059258
60360274
38153890
112583248
166128799
175204224
182574048
195798000
196454059
194804689
174982361
165526944
96979107
110044553
107149342
163778826
189386278
175472595
196799464
154221424
203013678
188050799
134140646
96204574
111910972
129667125
123815907
135117572
174898462
159833332
176325886
164771745
144684068
121209159
111176099
96978623
90833209
92465949
175993402
181940651
186312592
179117602
193184911
208521664
152585928
153852065
73210676
79593703
128181045
179451087
193595188
171607652
189253100
199431193
171448231
162893761
130652421
68731550
56902213
152365085
165156340
169306404
171447350
187486510
157700376
147396488
133250707
115995590
65076159
96155131
98241687
98568384
76597374
101512547
50072427
61832622
187152670
159985336
200014497
191178095
178255597
204731417
215733683
163351007
79604894
58395876
120936398
165140505
189448789
199927791
198590689
175231680
178981831
148178921
136573906
79542107
80765574
182005491
167664623
172751566
189349645
181030706
208739381
167975251
150159681
111131343
85599522
138922371
134363404
130765521
160866127
152537811
139511837
129531169
141289122
155493726
160702355
179010099
192297772
156529926
183789550
157787702
152119502
125192679
107912054
112425678
145237342
174692904
194742976
194661621
185011191
180947667
177787426
169382120
122295552
194185380
127355247
152819310
151631572
165473837
182471907
167384430
161657051
142678447
111006957
115488705
83604654
32712371
27014706
37544226
132600050
138970861
180764751
187597150
204859503
201750357
179157163
164219270
182683293
194064986
162047768
196760706
176050896
180331032
184905950
189054228
176155137
179287535
161708283
152197774
136711497
105742155
80843365
90737380
160714357
174234655
146422617
162149024
160046501
164660722
147697460
150210298
132274747
94930175
142304271
139713767
150608364
147111732
117795422
126606974
87531087
96149233
138855831
177274287
194809590
187425371
180478787
184996752
151963951
164345958
119218667
84490307
55170781
148657830
173598045
187288931
171367701
183049872
202311017
163699851
160864079
123893267
81434857
76608660
170211915
189943961
185824516
199227872
174901561
181709085
163930071
152168384
82069258
78735627
61588753
80542228
92822956
112669599
94402025
124263903
144638260
183223316
190650716
182457099
204616886
244284192
194866232
196279904
159705003
123129214
108679815
129181308
174434957
179298026
193841395
201288801
189862566
192910316
167448937
156265355
120713680
75962766
53416044
134069331
143306804
151995833
159529948
145562115
153234569
144103096
144961863
120225525
112800975
134709988
142778875
121502028
135672348
130061329
133206034
125452828
153337143
187663081
185866551
202001367
184435018
199263139
162533505
178282041
151811525
87660968
96778981
58504810
175410491
175440741
177534758
170516113
192667781
195976694
165224024
166034719
84650028
86448071
137036583
142666078
161455436
174579473
159124566
168589013
158548428
181932133
137217466
91033976
96901801
93564079
45357860
44192805
29608040
142814543
151926908
184850233
177775601
187137180
170312706
154319837
160762959
125072221
132378969
160779530
175382309
181762087
182559449
195341610
194433640
200877071
189532052
151200739
133128491
81755023
70156715
37757954
112634077
162591216
141775994
164424977
172331618
162052013
173819855
132958859
139208174
156487477
168724579
144614889
143565405
153024172
128278430
109612991
58890035
96536872
125880144
197746933
200330519
207068325
212278372
197034936
187598397
217802178
156827362
63872135
76326322
174652635
191814502
179615454
210017762
206968237
198267668
178594058
163171932
63433833
58541346
197894540
195482659
191448221
188910347
217839032
209900690
206345568
165122102
54747759
64641474
141669446
152002653
152071678
161364312
119332593
119870496
136766113
178964860
187735399
214800121
178068807
185193472
182930049
175391804
147917184
134978178
146620489
181163498
181504490
190783540
197563462
186801312
198795627
212981520
168409662
107787103
124844206
89944532
98056940
152269329
163560673
155709510
156743868
162444271
160593808
148248020
136826426
116808642
122136384
101972772
100761591
99172840
102987213
108628029
138133701
174172901
191825502
199077632
186832431
187611712
194698176
158388753
161442737
78906872
84601584
127654510
170183150
166156316
180793035
177999629
177034482
155453705
153010706
122040634
107345621
168991798
187018275
184800741
188509455
193091534
166608131
174384328
168475491
133252921
98993361
93791104
98863718
95655256
85486239
35041950
52205084
43991485
185466108
185631447
206903743
186196082
194624139
197777896
171005346
176997225
76372181
69437614
177367474
175753079
180221836
175826947
195639183
188662691
167064952
163141199
58323151
68804116
126252956
169825411
180929088
185832391
171374239
179688287
153316581
162583363
95828125
84880561
100989232
160093416
180113979
193041174
195092869
176675855
188566082
154545076
138186769
66614341
115276696
149610293
172201134
181937785
187185372
199786732
200346330
191388802
157115959
143579604
118212893
108474169
139377037
178806667
167257443
155894144
190863300
184534445
165687273
151405455
122664673
85288121
108046369
158537187
162232568
182711523
173541041
165473143
167020871
176192852
144761502
110018412
96193404
40281201
38806947
103177905
115085853
132909910
129408222
143869705
155874458
160065267
176986638
173958258
175537883
178967565
174713231
162310070
145745280
160462681
132991051
170527883
154143295
187474288
187624111
172824212
168072059
149274717
171556877
151537079
114829231
46531379
142300527
157945486
154967684
188458489
161985762
162837419
153303168
144105392
68427930
169736654
170830897
168285726
214726734
180578039
172443853
178032927
174212603
74951295
100603729
168996621
173409059
174538381
197207120
220947643
192814225
189681503
180577548
118269757
110148896
40549547
142221218
192099350
197914738
211304957
211650128
221756103
183796400
176071870
121601755
60712563
72359010
78368346
192078057
203947445
179857059
208655204
219031509
210232411
170995117
167108296
67877422
69746623
209125077
222446075
286290982
309238285
336375932
337212537
371393305
365385442
423831614
426155733
364036127
324156823
432351894
429237997
339242021
363656041
269514061
248227831
190339199
164392620
117548849
27299418
84874084
144136381
188819233
211597148
203637117
189583650
190636526
169226018
165151319
129411501
101378001
81636039
131126647
182173190
181952346
180091304
191329079
180056555
173687013
177424797
160242285
126696025
139060866
191415257
187621609
195745644
177825508
189638175
148445801
182687858
159006859
79562968
78399286
162199185
188149462
179630588
172201974
201773705
224715424
176659004
152550857
88682617
40440178
135439125
142510178
141423698
141899209
120620522
141339843
92661857
94991689
174323030
173544813
224250294
188772831
186800843
197191113
197563521
160312316
100173850
101733830
129309437
137406609
174893745
182981376
190719579
206872489
208396835
199376760
134805875
156945297
58777898
115721918
151738506
152749672
132362418
147684020
162019577
131588936
118940615
157495691
165798334
193403193
211937434
187332192
175421278
175529298
162625755
127006192
110033263
111404965
143081007
173193883
177324912
170400207
195277751
173881379
183533673
138422710
149452432
150554287
162453171
190465880
183687626
183151803
187445488
161996590
178794405
180657761
132068183
86767002
80709540
112789146
154533385
185049768
182711287
183131213
176172642
163042161
202722793
84000602
101624784
158360917
181636707
187116676
188173804
179688030
166475022
173504160
127263064
87964107
82177183
97538219
158499159
187795860
187735257
166161637
173188359
190743227
192387525
174655213
131340886
170990919
158201711
149390101
169646371
172415111
148907631
134446748
137812028
71576478
59076732
84937668
143929790
163638134
181872526
166867083
148049500
174664647
162649297
134813052
131595111
144982800
150956762
166410669
170435174
168767061
197576350
168778063
120240308
190590411
121534719
137494206
179989043
190421337
190858002
184919198
185549862
169575863
149862020
160839433
93219755
87432188
157362692
173736653
166214382
192787060
151340511
165577032
186447076
184738110
80858249
33570616
150998920
155270603
152846237
148690880
149811485
125810834
130914408
37646905
53954159
164144385
170563977
189575750
199636833
204301681
200357118
207894366
157735055
127321151
95717652
99099963
108598165
182290446
208614482
210251581
202497431
211263835
215773238
164221638
164350719
55522280
74375177
82967491
185555848
193122082
195346172
176873771
204010968
208058325
176718753
108679830
37413483
153648610
204608497
188627975
208453620
209922740
211005091
211257998
183542854
124205606
76045054
52653801
84500050
198053901
198504559
199660933
200221249
206559401
161118121
188075317
170193660
47560832
201289132
196016091
185610341
205750868
208967379
209461292
212865275
182648353
53669785
64229712
158068656
150054422
168228473
166068747
157041192
157699807
118346917
50935699
49831218
184878939
179335071
174243013
174652655
196289088
186908316
136975684
146141845
68259609
62138880
186784705
183898169
187849597
195009707
185898149
207511630
171123113
175474124
72528139
52320459
130347053
165996440
164234492
165464070
165963060
181891122
142879040
152438964
98464691
99577100
120411842
176165474
181783022
193183402
179410568
184782164
198563706
146920224
151558055
98189774
87891542
101015126
149507340
170886909
185046143
158723774
147513065
166852282
212572199
117344274
102085884
149446779
135196358
199422766
178266012
197753546
191191034
187619863
181866452
145282596
172789258
100170627
117949714
177640846
181083149
184950780
190199933
195900892
201626798
130365943
155300533
67661727
32635120
151747847
155309383
166062381
164074593
154439899
142689867
114775167
82934333
81329733
109687374
170224036
193322535
195896998
212531865
178119654
205073991
178843896
149689658
89247548
77256772
172914002
185951660
194544792
193159612
185552417
217096990
186774084
199414065
126177531
130575095
126769423
120369499
147217884
155118773
139344967
126866616
123168458
112402569
120028056
190985621
179676199
156700282
173203225
172510383
181314100
153998658
151655470
83385598
61714870
151000803
178907965
191530839
192016068
160422242
192993186
178006857
213538214
143917854
138955305
138248242
169372510
198258175
195878401
193670195
195449318
179744003
193087656
158646089
123488803
68723187
167337429
200008198
204440698
189995921
214114946
171954758
194954338
229811699
107848558
73372339
151045215
150663058
161841299
139228110
151069420
177072919
144532057
160576321
181035778
167607169
156533005
178241757
173004307
167873305
195229200
170879384
208532169
172555541
169100256
210116464
181859743
175197529
202637863
204291364
180270645
162548176
156813305
148396607
157221495
133433754
103802243
110683226
57836913
27053042
146282410
194856670
185272351
183054110
195466620
186003127
186564701
164783278
120008452
112322230
127291232
124153224
143435615
127805611
155977676
155382244
146608510
144647675
152519469
177350417
179691749
190335008
178960956
170046248
172531230
172807783
138197035
150207790
135689135
184160399
178337505
175728042
192051097
158485208
165495207
138643217
93818648
66631018
25847128
70944157
78315462
95215684
98970530
86985938
68349628
25017623
159559863
174539951
194302664
221011423
172135573
182096472
187201428
171270357
84262976
92960575
120967780
108639026
183891107
200695066
196699644
198410615
197365069
198148615
169209134
157233101
74419792
65349557
188062736
191639564
199396604
201076209
173473237
206891767
175672635
223192825
66876215
54575166
48567749
169660773
197314229
198833595
207630312
194815715
197882596
141844000
123779905
127665618
119842617
86007086
81632840
140343457
160765906
164014445
156200948
166882185
177898379
151488491
187007417
154421398
152034247
144941562
153500933
156397699
154517605
165280972
158493524
112090277
140585316
152378571
146918177
176619574
182557148
159961636
168132463
161920868
148700212
140652168
96077937
178827245
191431906
173771974
199159880
196070867
194791787
189316519
145027280
76603558
59110442
80250714
190201552
176580052
198308603
199918376
197024664
201596605
185077186
161092910
68247245
56426646
143201444
186912478
199838213
175643854
194921386
195990426
181704495
200130951
117564170
64105994
49275728
131152476
146130314
150355456
147493491
105340807
131578158
130576414
160773078
164581295
168229922
175639467
170478581
180581488
171146583
188689177
139570579
138832808
114385523
123214384
124166924
108822349
103353288
116220662
114302652
117923980
171521313
192664711
181728048
193444645
161456973
138187893
153287708
172046948
60319359
88070635
198279516
201326549
184367961
176606484
181014849
212348273
198707199
154567891
61067812
49068989
158824742
155733351
163643581
164430422
165361788
123949518
124002417
57335834
143815371
164829927
189585579
196865598
178080112
188266989
186450841
227021850
135789919
158675837
152634995
125519033
180984240
186818205
198775946
210475973
199709109
152951868
152726928
174259062
69032253
80067196
100717213
99749687
136989558
127847193
138066277
108948873
109374636
178378653
172140677
173121697
188903739
188009510
142699654
160571196
163710851
84106041
79640002
181747052
188033790
192515726
185506871
188007120
159342669
162402280
153375372
69387065
33763199
168935380
215574531
244752097
248452237
245312002
241758970
226239802
232547434
144402782
102497905
106704093
130421864
174489146
191247875
196636140
197182992
182783925
169777190
165767988
172287952
112258141
104617990
30006676
102041371
132757859
140959486
175409486
167289739
168779506
157862943
168471358
172734052
162974359
180895148
164550386
174590117
158270312
172108514
168655996
161317091
161394824
159881606
158125803
211686953
155822789
176771926
159843643
164101855
108361575
145286939
121807159
166210377
158723663
156991936
161042200
136700823
141241819
128845836
79135984
50161498
172179569
175791421
192214054
184766597
192575920
172576854
178002902
173577246
73000582
88371199
26641322
100820743
181028366
177656916
168257428
183047967
191564193
174101357
191835505
97102582
62391988
113784688
119848077
171998154
187089971
190928666
176564488
212982181
221755909
168849465
115116733
96497588
102038815
119901083
174720732
157776538
156016438
193116121
224320418
161588904
150644154
127463345
55727805
71052577
67814890
126576032
182211594
188568383
201165339
186373278
224437172
163599700
134789522
163532086
117817139
130323330
163732150
162207705
177006097
192437248
158707217
183466441
166675198
155737667
73217015
84769478
101704836
170056286
171488281
184735839
182308840
182947416
192185007
167849902
102503665
97105742
131013600
138152205
139804493
167645810
163534360
170549186
160628755
195613620
160691186
161936204
175102053
174782981
198607966
150455913
150803940
140355257
129073536
139687397
167139496
167258342
171016846
170966937
178363521
150547344
174185126
143002356
131256585
108504430
121137689
123771408
131209554
151569448
170240546
171573948
208200939
190968828
180545476
173599187
191458036
153350962
149236612
102282195
102376786
140148150
139179460
143023948
154439401
148565154
149068801
150110979
117655347
56541108
116299982
136450624
202770096
191263090
205984890
204913604
215572411
229751318
187376314
166139849
81197369
85173449
180303804
184011034
182414589
184377297
162873906
202118932
135209100
135797854
32079997
152721385
193327262
191724434
192416205
195901523
193789884
237065920
229456610
132268211
91581190
65707724
165125513
173309043
157957428
178465412
190286555
177476634
155454461
159855005
101070489
105454782
147861975
158725011
176795098
180570479
155004992
170365198
184892444
154932983
147683230
121097131
115588038
122660381
131949237
123397856
130256965
121330474
146791565
145060995
145260424
152731511
146591728
136287365
153973895
176907381
145424825
154229260
129852196
109821473
54060494
43825462
37450229
174610156
190163347
204493366
191777194
180865580
188239872
192840585
150403755
80809807
55933480
25626058
172670784
178761035
184184658
203782408
184627138
206236474
170870865
180955679
85053348
60983492
38132936
128236012
163924038
175340738
175647749
164116551
158497196
187416996
154733411
141654330
138665869
135522783
139497111
133101796
138564915
136454249
84501551
63766706
131309346
136129604
195807591
193486800
200833469
204744566
205322700
196369582
169065734
167883257
74309129
66838399
147973744
176884588
184091515
200373185
184513995
175902495
176187048
146506198
79560594
70567528
34457558
111050892
175515761
174093754
198312519
203803254
170632970
174374551
147483581
120888369
76443730
70655173
177886987
167869263
177051458
169458095
166782109
158281989
180426390
120816548
119746592
117830246
193233062
170580426
200877464
184046392
228915449
176161617
184486805
152917930
75695407
75060933
158417380
190729861
172094409
207171796
200042581
184349533
171344762
177466180
73313704
64086596
29429383
128008854
154779850
163739674
151199287
151018646
116484324
119642948
124334890
128056053
167575230
180380114
172401358
184977137
178476733
186722239
172578485
142492422
164219771
165077827
159951119
172935940
172342062
175348418
187402754
193792504
180538361
154549186
132679278
124585385
113673998
78946724
62948808
34677927
186049795
187332548
196111775
198531849
182145093
184869298
171610466
172069010
75637500
62565829
63077520
151015017
150696177
146884336
140391371
122081188
122317673
73872369
134058441
134991444
161288062
173100756
195219553
194546983
192183605
178993720
163223634
171724342
124528457
157179242
172600513
181187564
183907637
194242823
186271379
194605087
173087572
169407619
147194178
110380036
108149176
129538826
191454591
186226123
186501425
191166782
147371215
172430297
141698922
114076149
34855234
167691714
180950767
199226371
205328111
190186032
195504602
180390191
166902854
114275434
106702445
97521826
140523874
178286972
181414087
183293665
178690567
173524870
210647865
154952175
132470957
52497949
164317532
154668391
182067348
185409200
201138666
170645513
160709911
126855007
38630552
155128506
178151134
182142204
169449425
190690614
178322878
185380114
180770209
93306675
118462631
47235632
53020916
128120499
145158000
139714072
137847156
153032230
154262494
156443091
187311019
159841796
179880757
173052166
177068940
175822676
151630128
214133914
187211318
158827292
156695978
169154328
189174381
157626623
173069793
163173242
148704938
138461016
130883967
127543392
125059913
154351806
178664687
175925877
168601824
165572031
158253277
166447773
135006520
134545944
115115139
85344959
109024078
128837430
174067015
164890506
170021608
195535716
188218561
180886598
175888965
156282054
166118536
154543456
150281015
180810632
140503698
182736887
160091170
131792207
132086640
175910047
97580195
88688672
149781624
187935964
163333740
181114875
182181961
179548250
189917522
158391149
132618574
99502345
105260138
183426717
180040850
170720888
196540340
195121192
148427059
201537944
139807088
163811325
204723530
173968740
192483423
196275435
202305102
206644492
204175180
95965928
60639560
42902590
165105799
184048191
203452183
200618880
198652532
203328753
216106864
168275967
119716946
79142831
101623697
178585873
172030017
168415317
182480709
183665375
166454283
124780442
50507270
25009482
169273348
171835366
181038104
199460790
196740194
184522121
211028031
162222836
90789675
70570668
87209798
195075070
187388998
195082423
204387332
188614880
197046997
168894612
149169993
38189865
171879453
191754202
195268040
193269688
171487305
193018969
208816904
185268348
69614247
57317838
26541644
177809215
176704797
188240425
198154986
190926145
191722801
164355373
221578394
76097053
59553507
27038757
146440954
153211790
162052167
141018373
145315391
139973802
120184652
60187868
60747719
176028020
186906175
196187056
200558242
193035137
192758484
177904414
185570298
57689029
66017038
129243857
188857339
183817936
180918779
202560751
191958014
183119133
202128372
132014657
62185324
66046861
91244863
103365037
104332944
94851918
78473597
82416352
156146885
199802586
186951029
199945478
208065554
200845078
201137739
171605207
88857749
74274795
41082197
175895958
195738628
200357941
201488124
213828153
174763055
217805380
158854466
58126290
64268839
79328307
176749855
170001105
167309589
208717437
209630966
181791614
166768887
96977002
60681477
89156650
174048062
190069285
191281463
181137879
190364673
186898406
180556739
167538402
82011956
84239183
63909915
108592451
120511849
123663201
145516551
115788634
119353209
117313964
167117955
184524782
190251726
188133375
176474196
176130462
164110766
150453533
79402568
75925994
154357975
176467851
180313114
185444324
176356129
157570289
162523318
184749560
103753663
100220031
102178617
106642429
112152577
96620835
79053426
57933336
174949291
193125501
196704817
208730263
182264645
169877546
178472412
164861088
67319202
61452895
137870204
186513050
206157647
203750547
189151555
204744974
197225657
169079719
134995706
69727899
63324364
152531685
175749783
188653740
184642266
190844588
170633218
141197345
143025076
40434323
118686740
146783903
183526097
188169598
205081493
202350350
190223821
238231677
148250282
161030832
95910964
131981534
167540686
196484788
206017516
146566039
206247049
161588829
178790387
113835999
114576704
134441809
151372796
202493687
188066973
200539901
190842833
192190150
194175926
178357768
147653327
81869990
64283755
107095787
184159869
191567058
198825678
200124236
203434809
177591593
177639240
149075399
70487550
73782401
121771445
115292793
123049492
124780923
127012127
86076898
38786767
127921821
179316774
189791005
209131752
185731292
185771808
194311624
188089072
156747877
100312503
92030729
84929854
151081491
184042906
197230017
222264047
219617354
170298329
169227584
187061750
84030520
108116998
172811983
192897634
177848509
198916415
183518550
184703437
196882622
150554434
102493790
64125516
38546916
166139807
169226542
182843084
187446552
166985214
172489035
148533988
158469552
75688351
77668750
176431545
183191129
197722905
201019470
210692168
175949207
168647927
165264067
43526268
34186502
136391332
185546220
204406353
198910245
188214326
188976528
194786478
196245798
121934753
70417545
64259206
174393044
162885464
179425744
177707313
181706379
164096028
151328593
153937096
65040371
64959696
165292566
172415394
184783836
190346102
198291661
188070747
179865632
176606727
136366684
119519993
67090381
103696190
166876693
183953156
196313681
183466395
185422861
166221822
161599989
157712397
91539735
99459413
76098204
100802647
146950934
166253396
150000321
150421370
168667046
161291429
123741994
147287599
138448272
167329154
157686060
144587126
161306153
129674056
134806012
55044262
70632633
96735866
175418281
195240969
181956918
175338495
192929782
177785114
199081740
155281131
58706833
76116334
155054071
189514600
201338865
199500451
199982675
197399408
198049101
174020172
120962461
82791076
64563650
156012772
193577476
185540403
189287669
189408182
166339281
192675833
154556853
88791502
173080322
194788222
198222010
200245682
200849529
191425417
178607183
217374686
117344772
87638886
74588037
149100604
165515732
150379061
162325211
173804602
159327844
150337938
135464518
166746676
160627232
180655204
155506515
186075577
189062126
209029544
170326272
172055316
164638438
101205156
100625954
71384537
126766694
150592970
167527606
172256515
178714306
164648382
156579318
136477719
105215674
134231454
32472298
94760483
116892282
128765597
137226724
143870316
141584038
169441710
126378773
125906984
159802595
185472319
183158936
172147277
173253317
184622564
189278697
172680253
142784620
172025466
137005937
162446308
183024741
192915879
187724959
189112557
199714388
176836099
143799053
118035096
74722514
32479969
186090293
185149475
204891188
205248247
199628167
177194682
171555555
149698580
77483211
81890657
81718401
201795742
206558517
200241577
199991611
188343225
189448018
191158544
200267230
182610878
202379716
199409918
211695278
216246777
216922696
229174806
235751908
69137361
58273687
33624468
30706214
173656322
169300445
173920441
180711011
176942179
182179644
184246906
198559486
200350916
202933399
205547874
210037323
211335576
215652280
217700839
191170323
196094949
197960678
199039207
205441684
205788500
185063909
184002898
52402594
55883643
163743785
178509822
164924957
180402015
183880206
164660637
161300588
187093747
208328267
210368549
210730177
202879392
207457409
188090487
192632396
171572039
176798618
198733019
200410441
200873936
190354866
188276341
187343824
59245211
57384926
184811762
196445520
174777730
202826824
203743211
205603665
205870755
183707475
54978641
52337989
162579760
162193407
172054469
168256006
158527016
211721456
173741913
114184510
110571002
111286159
106548932
113564824
122699481
137664858
137656280
156378547
183644750
179309107
177490876
175777855
176858618
191171036
169985798
135418451
140497395
141069258
126065748
141045325
128296617
140237771
134603008
109049670
107091945
136159200
159594063
174621451
175361687
159803028
167274177
156655570
143970450
147215711
174335917
178175464
184357776
164182396
150433369
139444826
129012678
163145129
25926390
141676263
199056660
208435858
209830519
190441652
191604152
194921594
205677300
143339155
80249675
66961116
160278872
191525477
189070393
195290022
202737437
223015796
218713231
166426262
57807223
65821403
130751965
165832441
156181174
174311947
149049835
153433855
146316597
37655503
31212349
183264133
194096653
204376244
190415501
200429605
196878274
204023467
222961066
47319513
64341308
167437691
176496291
191896599
180041118
189479996
212608873
162762843
154102770
72306845
81004002
144045818
173458493
165080943
166846564
158743457
155545753
127064384
131472314
64962991
145410494
145310634
192762309
163002857
193666719
196772626
167352778
188419853
140739801
68048004
70548219
186127098
188837002
190096861
193566975
205702274
166496333
169694279
194970050
63459674
61082634
191312253
202890299
173724276
216922567
204227017
201781905
183128238
187561399
62291023
58889579
173733075
203124717
183496085
196305954
185190932
200004012
200975149
208002886
60305642
57586486
173130121
180675970
176612587
193529461
182268596
164514675
162173610
94618018
82656801
93199439
142599198
193122251
201134257
192802294
175510220
184429904
165552743
143120522
112600035
54085073
164208878
181171296
193926877
202007611
190187015
178543405
197584277
178227691
65889108
70017048
98331408
105311986
150594704
167206504
170371304
178432839
157465543
160992729
95249675
90729143
82241246
148775488
165821768
165769699
177172847
164642521
164739963
136471988
137414634
59225198
49277274
181271076
184548005
203532669
205829350
174357299
171754738
177475929
204247279
66261195
70491618
147292016
164380520
160511622
202590544
202523757
197333201
186061586
212785094
134553582
139869736
112460586
148514869
157160184
182809968
183930882
184876953
185541144
189959697
122861384
186004391
206112557
213143833
216856929
222063174
217184142
205296926
227646685
58358163
63874018
104182197
156373915
163249343
182087481
162643281
167669823
134934143
135220073
50612751
52552553
179314984
152251650
180077755
190452689
180056944
188517478
192114000
150876507
82856001
55331710
113647649
115965943
128018750
134576224
131014036
102455578
106755195
165832395
181016622
186111497
193826688
209032495
177092116
160137073
160906441
66888540
51262037
180586392
193303825
205437756
202241115
186397567
187072474
172200653
173917606
88341179
53572435
25463509
183990071
188975516
192388547
206860594
215596786
204787671
212795089
169554699
59845523
54694840
85625724
149430331
140892589
141743413
178384566
133925509
134686319
154499634
153829499
165191606
187085710
177976259
182838680
183232743
175764552
166992495
179447323
134461301
145447472
132930977
100261741
132886105
94022631
70466464
107362129
119051376
163056618
150292702
184021664
194122596
173881818
185291608
174391445
134102191
133462370
107350604
133209334
154597149
162764272
153342439
145263391
152399315
125162494
93913135
47874968
54220535
183123192
180645552
194593886
175921763
179679177
176666677
166526206
125690689
82615214
65786791
173293415
196451289
188839199
189267428
172163939
205125005
186219013
162044589
79952736
62535034
26079871
200457230
209452254
207446627
193394390
212219136
189736644
162834838
199914504
57132446
53264277
139085276
140773587
153494653
150663565
142053490
101831481
128996002
167299509
170131428
176010101
178855013
178460376
178792931
182801552
131246884
64553956
47710354
56311207
79492137
72297772
69243543
69994996
138805072
139036210
127404469
138759771
111324195
117007252
30132353
150906266
178916940
166519370
180905797
155785141
163786680
134569350
114322265
121073904
128148484
131097878
115198623
36951848
34390632
145600785
144246941
158533080
155329012
152357561
104628610
88483481
151989752
174950698
168429136
176465174
180365550
156758514
171888222
168628976
157531990
168669386
166702483
176127023
162968391
181440154
120562999
129128789
121917743
120234022
129712762
51859012
127556864
130515194
131311114
131832289
138568337
39364774
98605963
90977349
103344246
96851081
102685992
99646260
100624702
96797763
99150889
119398015
120536672
120430929
121165443
27050003
71744161
73394016
68430900
26628467
118544955
114029571
124212320
110193909
92199450
98777704
103268826
91472245
92941800
95085839
101066472
100271947
101023379
86017372
98879295
90513204
95476826
74314334
72078347
73223930
73312124
75910277
76979883
45770561
51911320
25541718
30986033
26199296
25661617
42599837
45244598
37691051
35315636
25854255
29649786
26787131
25428946
25329365
25345775
26004479
25756950
