40951374
38660818
56574284
74918444
76392946
27760187
124313923
123479238
133937057
134406784
98928973
64996083
41544982
176793819
176580923
174737170
180974660
215015539
194383160
135008665
135979010
68039075
94405438
156015808
161874785
179423697
180582832
172736121
196632485
200472570
211110479
129919724
223924985
125843004
155949732
185064084
193718794
199439403
200462396
235647004
178466357
173062154
174273971
138268364
107308927
145537064
158770151
197203885
198242820
166931531
202479451
199351087
172313256
165539706
190887131
67502901
98193232
134980896
116294132
131548860
135543418
79556546
174084828
164154247
182929834
177633941
182511297
167080105
179117814
182370865
176368447
70876183
117809524
155808738
152746682
155735568
157101206
140985239
151180336
123051076
135133031
169726055
140170220
138012108
111171769
126934355
79379533
125211787
173235173
187203309
175010128
202125461
189694541
202913353
176082965
166729259
158432039
131679241
120317106
196737928
166502377
192208563
188725156
203794250
203997606
199522414
177616843
197481661
86173409
119899509
237901048
222601876
257604533
264013787
260592761
227572242
275972052
248974757
275706726
147017620
167237302
197908886
198099296
213494211
184688882
203557681
173307465
240510172
194590792
210728917
61772709
78616129
88525359
114181981
114138382
68042103
60978083
103853471
142232234
160604355
175227400
172974884
177057640
153148701
156900062
147906434
67303176
105145707
127512591
139807282
157091688
157756506
205944117
149006531
154507813
149895623
133314406
142169825
123953861
109518525
98458592
95990295
133648733
167647205
178083987
190939247
178955372
205898143
176040310
163635985
176055829
181755187
128965129
187191622
172620045
199033959
190999066
174341843
196410134
204137098
171499868
172207837
135779248
136136186
155480498
144940264
194545548
198934875
186490101
197987945
172357432
171416340
171893820
194187574
79604734
72059948
180205846
167384802
189910338
201404976
204536302
205693301
157650994
142411556
165390037
166456390
123231019
127726607
139289837
150219286
150708257
152544679
105387025
124311357
140254217
148322172
142097128
159036059
156831506
160842713
169988761
91844939
106217014
117032926
102562101
106432983
110734789
111001075
90620648
139904802
134254979
139628618
153908787
143184665
134246666
150284328
109262022
72374283
113940587
191226393
195007203
197563964
197871571
193592360
206130493
185785734
173340545
155220916
122020870
46205088
172026502
179472317
178428700
195577658
194379188
191644621
189205682
166172726
147904358
200382568
162070140
176642923
167201350
196394615
166253259
180408885
182927090
183201188
181821650
182625355
121558268
153784952
172785393
190058519
190639453
206345029
206226555
203348823
192027444
111344543
224137506
127315822
153416377
344725491
344898374
351900381
369497427
349839971
423621160
285349742
244910189
151388438
224972023
83900513
84450940
44481621
51562909
137763797
139272180
151079590
149426482
146255053
116785463
125167933
129880840
105313153
167594022
160913918
181305416
192491086
188677364
177549161
161784067
170801537
143608029
110787201
141779562
166664105
190747669
194986588
194895827
179100076
186144924
202403723
181971286
189705456
102590151
91723371
172098619
189919924
185978182
194482224
190888052
179553394
152094918
161852980
163538201
168186545
103832305
222909371
227039389
217878384
225511374
251242976
249201195
268110164
289300087
440850670
415924816
391091416
393186087
404270716
372400737
425320864
412072906
229084412
167700120
188974229
221246038
335667309
315399502
414600757
337355769
379939708
339882063
389237708
651860440
456016702
611713796
387551171
387899141
367695254
347287241
311775612
355912610
570299382
691757273
391796804
391361053
440944836
407783038
475682927
444172435
395783933
367357762
343439533
321372447
383683436
463808303
441305524
420999621
336354969
337054764
327497177
327508096
312544550
261120396
158353946
183920296
27026944
27477771
27351250
60463200
115195606
107999225
120899507
165910901
173391656
187878636
178222972
179265263
192415527
208542722
169529072
137082879
196478997
147166505
156122869
158204763
162204067
155594036
167344155
159551500
114735736
34035341
167605908
199675367
197035053
205272236
203244368
191279602
215382631
212333073
218511286
183246774
42115332
186123607
194042116
205550878
207202590
211756374
215624915
209013112
175773913
176115745
197364671
135957777
195945859
180227603
204150509
194078609
195125183
195519222
195707392
187079828
58667404
212573115
196721257
202077082
203502740
205836440
167950339
207636214
208461164
228632812
196754749
203729120
99398880
171162273
189419543
188934720
190116068
191461212
146244671
161527552
67935942
69746686
105230732
109697589
116983308
101618332
103895566
82654258
191314266
179034057
202963983
188137651
193593278
208851647
173672950
158105128
190307105
191793900
163922738
144844981
168217866
176309157
185184133
142785684
172824133
127351238
141497382
175720672
179493273
191753460
183212176
195539198
186477651
191750360
182180340
156130712
145660381
134107076
184837586
186695510
205433422
195348708
199065356
161249442
198246108
136087985
121307757
146595926
49101435
51356177
151606642
194108938
194636563
202837790
198327297
165956866
205145331
220281061
175005894
174993128
139646339
163695851
181645948
196045583
166269284
189600268
195560586
199417559
188811605
204087854
61259563
74480076
120742065
120957236
146276180
107092318
161900779
165990097
213465352
241930618
234344378
260050260
199578546
159865950
118207467
138330773
131424137
189632041
157589130
177380663
177099416
151286349
178220617
114894665
87502896
42131380
27572560
183283392
188022675
193115697
211036577
186499197
215765192
170711022
169403155
74668004
172070947
154627884
195058719
203830617
191163595
201525440
197230200
206056993
211534339
203997889
221614378
57249351
188154584
181582876
190107179
205321945
179262767
189858281
202852019
162947446
178406150
179723727
175105163
204511763
201825035
172734663
197174655
200836314
189499790
202893016
192652074
198986508
204915011
225568746
215465611
218025057
190954921
199065698
239938924
233577147
187382364
25509111
80341431
86935347
69565160
51916851
128011896
179948097
199746849
200186698
204772610
206976583
203712032
225354873
237189156
242875691
82574179
183518781
196945537
198707538
209626920
159929285
196035288
180475403
171601276
88004107
127455466
188001170
203456212
207966679
192726198
184851921
195830619
164274258
203900744
203623329
104270231
140388676
187592341
200346921
205373012
189953770
206106708
212113574
212844967
191074572
54905769
218946250
196493840
180293327
198882705
161064860
195898526
210303979
218014556
222039875
194113942
195445488
199913819
197728207
209327987
205603779
205507472
209865004
206147571
210533075
204073601
198859261
142224322
151359806
143879834
148673115
142827914
104859775
94469073
117963368
126633709
123382633
125765501
121799221
131209625
225413416
245616941
233963482
245339405
249158888
194493932
258572476
195922511
233839242
85377022
105427472
153189072
168820626
172068352
183766044
187034266
173710267
222741564
161712553
142682931
156028611
149819085
142646326
175407844
167406500
172251593
165706642
153154415
159361910
170391265
172293799
196297285
156468477
208107482
221308530
172963354
185632687
220196647
205322967
154040337
171690631
185413847
185211169
183845993
168682886
198950116
173882713
173918447
171268647
156377621
163036631
180283104
153548914
186571157
191513655
183980521
190814126
164594582
193479427
130226340
139545077
94429656
96794156
117660644
110382051
105842929
116176204
106443168
93582680
28397831
31597120
105529967
237234929
239084682
253070085
257484342
229893726
187935428
211804725
173645563
200164836
179020902
138219346
144051807
182209492
189123842
179586159
185930584
184036602
161198819
180026194
91794265
62758194
180984257
179594853
161602918
191827317
168325603
190847348
149536879
153382382
140157511
186583865
198144339
188165715
205444537
184270425
182130118
194101159
186394428
218776905
200744269
101989009
182076289
196351358
185989354
208585984
197250715
188422617
188877480
187950754
95645506
207741925
169926418
204718237
203488345
204211069
190875573
191096956
163372886
195653390
180480137
183204827
185347384
182242282
183868187
183054798
196024709
163922092
178732021
110347403
74935378
76889716
26134207
53438861
95838375
102917580
138705266
144405740
143036489
179398653
198229482
188109742
187349362
178370579
171311328
152045570
108669862
113031211
182345728
203747489
206525281
185372160
183858173
212369113
209124004
170480719
194211009
208734928
164776230
180181013
186821036
191614372
192129357
195679391
155648564
158083353
61471479
71116487
153183485
170806133
182707669
168971902
196734779
217322286
210263511
187387700
168774391
193570872
57775173
194976570
204338493
206803554
192365430
217538205
193901175
196391491
173905957
170555772
173079449
192946771
201039479
193809831
191861515
204534844
201003140
203367668
204528481
198944334
201271413
155373529
160061489
159754653
154243432
137070840
179618930
139567402
77639921
108859475
109567191
94019611
90665937
75766358
33013923
175608697
179372979
185756142
197850899
208511159
190453929
174074129
178204763
225041102
87167168
117645694
131452645
174297320
197748105
195518668
199659214
199346171
209388598
176839139
193936476
125913778
123553727
77550074
143740425
159935044
160694918
169732086
168365328
169409645
159010975
153837688
148120231
147968625
169505006
191391709
193850249
146563766
211537044
180878425
157388432
188243002
163744970
171639901
181157613
185967547
180315509
184274621
153784765
175059340
161809000
163279118
132386056
152793518
149443813
164626389
193224746
178765805
187889857
187511048
193377734
239765444
184793876
212379544
112818721
104636710
94135341
78926585
84269952
89071497
81326486
85540698
68082329
126355216
130815003
116630710
134463508
113310867
83400835
61582803
53925742
196680479
200096851
202990553
225516125
189013126
223489586
204419231
216216163
131845459
240029028
168272858
169720948
175907980
177299263
183110822
180496572
184149960
184038407
157297198
160812037
129790439
130637289
141710927
144156106
144713634
149193537
160658419
163998164
174648923
166509513
159029631
197862586
168108969
149181230
158666929
162663922
161536607
176543605
173286846
186119099
193941037
182418288
170365455
167035616
156761961
184748307
130326707
157671000
127607234
158424048
189699662
172156676
194414520
182233481
204685366
175896565
172180705
191389856
117148612
66098795
115577727
130507043
136583916
124562642
123848336
112828801
103812310
104309778
105322842
109705671
109013415
91379730
102340492
84867873
66254850
79359059
161331051
167459624
168031271
159316394
160818467
186250286
133267427
121620668
118115522
116338235
165394824
162947893
175992758
179656249
180174999
177218129
186611264
188809481
190847644
166329410
138609892
133003446
193977342
166318182
173708414
188038446
196134610
157901095
192257121
127409312
137077355
141108599
85633501
153792802
160317005
165982088
160110428
176522814
148037736
149441064
169642484
183735420
189697523
195377696
194819706
179423953
170876764
191865800
168939893
172101033
153383127
137200628
138411401
129691319
166283092
181480644
165651398
173771868
183652532
185091660
195850256
172632882
209072707
48614755
89654392
169197678
170240871
172864652
181644390
159346811
169342856
157614226
112361987
126143738
77352579
38127296
154429975
149261970
168885699
193796141
149465756
161121985
166117440
174797951
163994062
183990090
178576319
177307682
193904157
171935169
179223326
152927761
156989723
159209682
146273932
126215949
164342111
181492775
187141473
159071452
163039890
170122459
177615940
152240670
161906941
127758839
149858014
135056968
135010429
171425489
179620143
182980065
181859162
180666814
186575798
185155707
158952532
193609551
199506149
178349943
159229950
165431179
174052371
179653856
241079088
175123479
188154157
169600116
186032919
163328102
176406782
179535088
136337855
126380036
112189221
106246885
77284444
71508304
147796533
168270703
169212097
191867090
164164040
165623382
171887819
129239947
103675392
25177702
72422974
95047797
90262959
104419456
76180883
86078240
88955532
119776132
163844739
170509684
166991508
183820726
174196954
159239315
148698391
150195315
129767690
154013677
187764448
166847236
176118736
195240205
173601179
160676534
148797358
169574762
94494584
130385155
171060812
183719441
190307426
189568703
180597349
197781015
187786337
204055181
90550592
231921086
174559141
164632071
194320124
184207448
189432801
185504466
160706580
146392792
166567940
135261674
45641404
185615739
190091634
194149613
195766518
197318791
189438779
180073696
163648776
184505938
162736191
170551271
193490140
159701645
186567552
197105419
198220649
176048806
148071653
29635416
145945796
171683406
173481606
177457916
172096282
193301580
194347559
199009828
174948673
30673965
26185201
155680819
147694220
162390508
167661273
140296121
138875963
130964478
139847729
161690685
162280697
151609655
150337052
168577243
169961480
133479792
152289007
173609064
162414864
151727670
173225774
145920146
147095956
156523596
159193619
108284799
166695661
179128043
176116452
199471298
209236085
161119726
169629366
167049975
220025985
209274248
153386784
169414915
175997859
176079867
181647944
164022878
158109454
124154031
157428381
151339239
173843003
195577078
196055142
178780126
192019076
196816580
185376985
205724489
180249839
83288843
105159160
113880408
157974398
146015766
152185601
124582739
136500574
149714219
100761405
160086387
179628499
197451460
179152824
176115989
150951083
175061211
134034655
124569098
40962934
38026247
60090514
76537058
98380759
94555702
85128090
82773395
128992908
155893677
245395760
233216916
239689003
251590671
237270689
241898425
249417786
267631071
173840922
156890474
133757688
145606423
172403050
195499363
153170521
166029534
173895646
155666513
169172042
180396828
184661103
179660327
164015043
188345445
183867827
170228003
171155944
203760904
161213593
131521586
147572026
148998943
129903024
128726895
144330875
173142675
164700284
209599048
184884327
200029645
180642695
229428886
172296469
174128215
125922076
108317882
111180913
122315580
143894407
175284012
171264258
157995428
157993368
132546202
130029291
47118738
192544089
184075228
176083070
209898822
210228109
201430804
174285629
170630010
145919961
25098885
130736742
130817880
126176453
132615905
112218359
74473189
65273124
178558468
185464259
206862786
203493475
185076645
168600124
197337444
179698854
207121000
127446020
73761240
181702180
163757272
178515279
168251548
192025578
158377858
171261932
108371971
75234035
76953195
185125921
188987954
188682593
188233575
210225956
186963771
157099049
179165239
173767059
179802287
188135194
167828628
172280298
206070781
199642732
184012865
209448728
171194512
196840447
104853441
173513361
189925562
193863004
191700089
190167469
172757624
186174336
222682004
185638802
194746921
128034676
195754019
179016059
182729942
176017114
154568548
210627450
161755586
96936321
119925166
114902309
172018863
153564543
177828942
181374835
187291657
157171201
138513797
113703047
130263684
57025578
58584234
59733933
56841879
80520444
90441673
87242976
144608671
157296707
177536303
176381925
199128585
205428206
162610437
171083231
152862202
152868894
190700467
253942878
254447723
266614654
264705852
276966698
248244448
250048104
227684268
237429348
87874984
61345910
194809195
191968025
197821200
213523623
210271498
177858115
229685735
172725560
151349907
197602899
170673271
187482768
159238474
196394199
182040882
191987309
176034677
155628632
187190323
57596438
185582284
164608234
192533012
174180662
203558864
203535159
209068452
169597320
197055380
201150326
193276570
203959098
192473520
210781978
204653823
202351265
163480413
167598636
71819572
88498593
105101569
112085322
122161276
122240591
92586916
93241540
191266740
185991627
185363941
207776478
212031747
178764053
217895018
179493626
215367356
53937199
145628758
193251904
193017388
197692754
181713875
158615820
205577322
181205730
108657722
147104216
124795696
202041143
197539845
198564682
203806479
177524562
185868431
184664068
170560202
139572279
118685256
186893120
194205341
201530701
192192370
186769388
189025149
173349162
188901903
184044745
185223221
173365550
184736231
196044269
183700003
152543823
194254413
213164000
230831430
212434440
96337242
128534785
180103326
202732046
192827737
216883124
195790127
180426086
208302210
177187093
85205061
191821691
192982271
179162159
221171786
169823749
238406383
230445999
231227194
176447721
94618664
105346157
35127211
59791598
88269899
104056456
89240916
84863112
34184360
178498097
185914854
194143232
201232949
199451027
207261955
157439776
153722659
111417713
160615397
194291503
175160379
175669479
200409411
182010980
186640443
209762823
84430093
234807237
113268166
188626658
174015475
177046886
199053073
199561570
197263368
165967289
165402575
86266791
190676970
159553284
185889283
195078651
195433812
206011796
195194494
184620902
153399070
157564727
164877781
25422546
181247879
192128972
194817604
203835049
211238562
182611069
171813773
163908618
82404639
177647188
191669472
182118475
181159890
206890623
195491956
195331278
216087843
196648871
193749755
194705892
203566655
200665276
227074369
218033821
241340349
188538629
188543943
230631928
90757693
124046295
100595589
104992000
107800051
85155685
92830931
160570172
163533661
181036327
150076606
163904827
177345614
142063157
133153485
33525629
129773678
182248025
177835703
186994449
164413604
179255934
188447852
203272737
241609016
220150183
125750672
172896227
189589460
176553047
185324104
179793022
180456572
164963314
137056431
143009757
125244451
86143374
152906525
171395030
202052412
181454282
183286662
200845994
179907282
200022180
210886280
151186484
83457197
121283803
162753194
171756416
169958483
197616779
180593440
173510387
161844333
165308500
142291046
148091956
137895254
176545124
173096211
189519517
186908608
143807871
168220239
172361576
107231132
109880046
31937430
132107609
175911042
194532970
196554352
193759077
156737765
181642855
182112698
165279670
84446882
92420822
133532585
131543803
136035284
118483156
88704569
111424776
127218597
138660609
171799212
157053974
189237652
191664287
178692677
167626764
208314638
173042839
175705048
194405136
173668597
151744522
150530549
158235391
161988224
117359793
151216717
156747438
211422457
204332874
204941226
191739210
205826816
189045549
161853732
216295759
114040021
118862052
91137461
170733147
187075467
192596689
203377193
210870036
171519458
176607211
156897253
147237809
186546830
125780326
165819428
162794334
193840265
191191132
192842619
187786408
171155408
211805422
118009737
190113109
145086967
183342599
163881365
182807709
187952265
208410071
165372573
169793346
120869183
136398748
136147117
126737001
120464519
130351683
139300399
144099135
137766039
132861993
119143738
101991986
89418047
92056160
85653468
87830229
98510175
91170267
82961669
90855368
116700024
169216440
159987965
180513026
181774082
187252844
153426730
207893651
183893016
200066305
158815890
161536830
173899510
224932449
232849549
182742566
205036322
185894589
185902359
183453201
181261742
136924296
123472385
122184588
163396768
182194395
193733438
197388420
197653611
168222832
187067163
145760741
109621093
165783065
126753191
128220172
155867832
166355809
187133433
181917849
193770079
170057427
155699468
98829255
125598802
183163548
168126847
180889160
173829830
194472748
185647631
156580538
137279186
93026480
109653924
124192495
135784537
161145767
167407608
160331206
156919968
164165365
147359456
159198918
104197260
105167766
122957452
83793938
88847419
67062331
78058187
108918093
103831458
122875538
98787837
113370491
83625294
76604328
69375088
91430153
192541606
186094365
202782406
197149819
190966430
191560026
201184738
129448657
127215642
130169268
104234263
190648463
195762050
187039046
193554590
190328379
190822427
177921827
182678649
88318903
198971797
172452103
176063546
207018224
189520380
191662499
219632830
184559786
170726637
183805773
192931107
31616743
184656491
184577028
185371355
183964663
206760726
217232224
174208605
168450102
174166615
95790188
133040794
174677794
185793148
169931150
183246563
187082082
195481825
169386062
190396346
101936544
76163252
147311218
177777739
185121496
186264814
175353908
225978881
172633883
196156320
182817295
126284609
96144873
69467041
47657388
123263876
133053598
133490186
153848012
117351128
113191686
142794283
135798770
128912230
141567284
122208681
102777337
117028666
145050554
181555009
213914620
193017664
166477046
189049734
193227928
194037535
198109645
212164294
99951874
118622903
164284771
203225304
188967708
205204490
190036386
208341349
171449102
175708212
177896581
82595274
154835168
168826946
177387935
193253698
196991016
188507756
167015991
181605091
160701129
162695713
176570612
97244968
155806344
192999525
195948212
210011912
189450890
190306569
168087980
162171448
121067240
90667750
40289925
187620013
191869885
189588828
178947853
208216917
203365512
165086568
160377124
72739290
178447121
139751160
191559104
207766195
205532595
202309235
191114940
181332374
159411086
198221192
91489688
67187618
84963980
88903647
101065716
65063659
65071471
120277578
173288096
180217609
170068552
155545738
173318032
184248851
140420673
76620391
79294080
164309543
170795813
183867079
176588519
191201587
163147965
199206613
197713637
169036293
172151919
112706989
107283300
187647933
197300205
191380776
197682533
194128327
197162447
179425217
175218171
111279942
127761077
182929649
180317044
193828317
204685390
207961203
209092304
163532510
163856737
156546948
75655836
203604640
212899091
193905561
200087015
205766579
199071529
211352328
211079154
226166461
128440959
167562896
184614539
199808212
185941016
181050988
205225672
163809990
204160743
205399774
73475932
38258777
194061340
185804762
197776519
186546821
183018715
182998294
152654799
162933433
76674776
167283779
42488714
44457148
29843806
64846616
201157050
188915906
196803451
204490628
189708679
191218837
200376284
178044506
175989850
132205305
190889140
203705766
183345857
202038614
199080212
198774332
204657389
199464590
195278513
199517548
192584303
187382243
193770408
193992403
201676757
197698688
198113628
205547777
196804336
197439904
178916418
198277396
198762869
185603189
183000291
180626765
189473848
194437799
167457658
27031673
185838223
192647608
200528811
198924153
199761853
199738868
204217398
227147308
230106622
181029996
180209359
190838586
193049216
179355463
201470136
215478815
225133307
173084278
198272781
85941273
178018768
196178689
206690659
187369658
211109202
181634167
192282015
168287145
198023981
113861863
28280005
75719887
71906346
30575146
88953783
171806690
203346992
204872080
207517012
208180627
204987435
191783008
204333107
201443636
129300440
36980774
193325968
171625394
196568827
199358151
197922232
210445199
205716265
167285564
180520369
190162281
183034847
173786091
197083378
207116315
203669209
204013864
207545806
220093767
199585382
201720270
181871416
177114077
200985277
205143436
192371547
199935251
202849103
173165696
197045416
86240636
87314981
183105387
204963906
195137878
195610070
196219245
185733227
177574279
160011389
166061531
184050335
199221722
209814763
202432704
216801903
202093378
214528610
226883620
237667137
233886567
106391278
183232813
192491495
197279815
202578306
201080349
154151057
206367100
183904769
82492109
26415569
49447015
67013183
48474073
25393327
198829304
213294766
199745168
200207391
205811645
197364603
197942447
208142569
208182394
240844868
187386558
187254721
201601654
198075367
201957049
209901208
211058750
231646525
214678107
215796536
200153030
193730967
192457852
213504958
199102616
183261345
208248258
209652224
170829832
26614506
146051311
200782705
190489185
192779473
212052876
200464943
219127816
217922396
228052994
205456041
48923269
184204495
177826546
188648686
179480313
176649232
215049842
157172537
165847114
144619416
49924405
200051311
166444638
197908850
202432461
198090821
198622801
178428412
164058279
155402157
25478257
204721924
198772547
207233154
207876415
206698312
212534721
186197258
208633998
74607649
178671625
51449118
44381887
53304168
54982691
109657531
127925527
195149456
194714588
199257239
213021052
216959160
222305354
214244528
220265566
102164151
122779989
166102399
170360640
192721358
203559199
167165290
184264989
174783954
210592375
178199102
185192853
156687643
171052512
175197760
180337291
182834000
183403134
193718912
206744850
168619726
41410461
151333135
148116225
180148457
192398207
196309365
186741964
191498515
216907578
214032852
193160026
79560142
77701942
151566399
170102656
180377674
195344087
196489713
183067866
141504180
169344770
168370869
120915049
182332277
190848511
182954789
183824495
190045012
157532924
162561044
155827787
82607216
46808186
159170977
167626859
192271877
186062118
180993260
181663688
142470513
184025644
184667795
69863948
38420082
32118800
118713673
134777185
165019877
174720072
183467090
191371434
183245441
184899640
202784319
218796884
150530966
135855994
107422458
139031119
168557312
191018604
195626840
207931421
187255622
159153597
166033790
213474175
136758320
130116063
178166057
196721003
187916096
202102811
197399983
198703009
186737996
152001088
183498969
163133401
135102302
135175655
175878087
180033507
197525558
190316620
202032432
202660060
199598522
217517979
119477804
112880404
115908665
122394325
162618241
174379500
172711417
171408344
160816729
183534432
159370635
144459061
143239325
120730062
127237439
179552821
186139979
187105072
184065975
183980252
162734890
175141888
166389439
134835325
88551950
27478000
41362426
52346766
51409028
45337745
181679594
183645863
205230863
201592870
191703710
188604091
174076164
174025501
189278229
191551256
93758590
191296077
183878818
190693244
196524990
200637107
201875180
190926324
182148670
198735550
104377275
114325363
193261735
189736852
183554251
185169800
180204737
177428985
159360801
184184532
80855921
66739055
200141235
201280742
183312840
202832451
189939941
216712660
217668631
167749353
194290988
194153778
185686876
190597621
192955189
193926344
207235131
219343806
223674918
224322931
208471574
215556920
177512854
193783728
190501524
182141708
199106283
212540383
159896713
166051351
84746006
70354066
181313382
186653703
190130559
195545162
164729955
194351104
176208981
153995928
183250345
78325361
37688517
61558452
62113629
56378229
43925959
104759563
105734689
192256220
194723145
203515585
196592143
215092879
199593731
173066381
230689159
111521347
124835149
173220535
195009873
160829971
198263338
208794752
209554044
209210154
182539954
179548082
172646032
131642954
173123873
200620261
199236076
200350126
199756916
166409338
218876271
197066386
112496655
148672128
194736144
190837341
190607393
199396274
166133855
189245522
194100573
163836677
105137531
143289848
195688351
199139917
195258222
180921392
180949476
212133690
197934405
233057094
199099365
200327283
165185732
193889425
198965840
194844378
195838773
219741490
171920498
171678038
98231635
68218567
40448196
171223898
175192314
175214524
203294998
178366663
199065693
160640608
149243726
56881631
27602542
102750099
117399297
120871069
123330053
98414372
166665609
185089916
177288174
192049455
211420509
172573659
168993719
170927302
199239301
166902658
135615416
163814273
171492668
186608454
166994764
193125096
179497543
180071345
188058263
190637232
144704419
141247255
171896486
169953871
197060778
201339367
167011367
181944809
222432838
163407915
135706857
157819029
168086937
155118967
167068348
193177446
184251655
186882227
211346911
175822854
165806914
177716304
124492313
142111243
141318370
186407243
178475033
199079695
182107782
160508631
208956007
175584434
151418480
82758829
169015927
104984458
153109024
183330295
178714960
182357458
162227820
157770856
158260174
86562320
96369592
134454970
191344222
192451081
181735102
183404284
183946883
169392656
164887943
159843707
60829270
74953378
100270576
115770453
98629278
99223291
50577380
121526703
162371678
181174108
186398996
192575908
189608372
177612774
179636181
201413980
86080116
227989777
133749655
143373484
175526820
176749330
186640035
201298058
209115012
169280085
149543615
69285018
84352201
129763602
198809604
203186063
193668458
190452052
190137109
173600408
226617852
177563721
72130423
196821470
191696442
192919789
184828198
187620403
193791967
194803016
187758884
173969999
184166496
185175094
179607494
192670319
178175602
178931728
203402906
195360410
185459135
167857028
189813789
190489521
73315703
135437765
148319165
133714914
156337229
116660282
119301528
78759767
130247041
158319980
160203116
173840739
170229613
171192427
149781699
155486673
177676065
111626287
129570427
125497769
113359943
58995322
105599582
115855305
193028352
194082695
192783189
192987783
208121794
204959916
183979297
151217684
115902358
121421365
175298086
187066089
170137735
179099431
193822479
169222890
184050982
151195514
64302173
183440919
185264679
188772362
195674495
186509999
199418652
166716164
171499915
182002065
173132783
175719502
184072376
202559367
198819279
199798084
179036365
180968879
200246224
194251648
193912618
191466850
30451070
193259486
176256326
188673055
197313015
201304963
206848863
169230669
221784961
200340489
167616135
105488722
131982823
146397735
153882969
138054505
111773999
113079460
142186533
156853095
159407217
170916191
168498480
147124766
149506633
146875022
162998400
43058327
66619828
68844455
58007877
35583490
25985080
167137590
174938160
220263473
195446113
170716220
163991036
194569294
161225180
163697588
45401290
44276761
179174472
183982791
163934315
181566633
182124464
181948351
139422498
167164371
152459569
116761969
199646177
193296686
197963845
206476464
211140904
215391989
177383655
162976860
180672017
135905504
162458862
176380730
198626963
189861230
191112315
173823456
178356029
176086909
201272973
227626333
116595631
173552393
186109182
203230631
194981271
190839202
207778811
203545325
171846509
168928249
97676162
173638726
181369009
199320603
188459345
212352236
176871047
177201666
134130261
109715777
108510895
135263815
163812312
162608336
187687956
168292161
184882782
157355984
130983630
140399134
38413010
76651060
118000098
116692704
124033990
188622095
177471790
179041725
217768354
195500262
157023198
190205410
197076207
189731684
179899168
119116329
113184174
107561122
160294230
144910706
166679351
184590335
180193109
176923789
182175662
161739462
196407780
167445362
155229145
165528162
192855681
159999053
241131473
209687906
199087225
220015557
169969760
184694916
128267812
154299794
173853407
163012203
174027662
203279647
186886431
217632143
178132742
183038461
173720669
169567163
99819742
117845508
138410458
168036361
183532096
167361061
163394535
139437774
158735692
144663286
117298369
195744273
193697489
199748453
201073849
202028753
203268260
201072306
220791869
128176971
68727326
142814273
153341152
121306333
160735412
165650094
98594214
92651085
124171411
150555222
197195872
186057347
178041066
181886380
213722331
155613097
130200410
114580498
117853398
123707132
173063206
195018468
199497734
199793909
157489030
167552127
207805561
146988529
142812633
139396067
168793132
182712253
202488692
177542513
209057999
237662953
188373715
201789717
175407439
152011564
131189525
155575171
184121401
165609282
168734686
193872168
216453620
185182134
173751315
159197317
151396728
134245720
191942118
193487582
187301412
218631677
184985901
185673238
168778395
173108035
82758749
68881465
163094148
204324428
183044886
191043189
194952368
163562792
167113562
108023247
42465013
125013486
137315539
162701140
173490808
162336446
125105386
151649343
153695478
42298766
50398059
34243566
102280235
115442912
123663977
125317732
130757315
175007955
163430099
185426474
190416176
213247494
210659606
210757956
208170362
170609349
156128750
130639404
139963328
133561898
147833482
146980939
162672335
178345974
175136863
166411897
170940582
177955473
165273894
162095090
193930198
174206155
154385936
165678321
196255718
209808756
174108693
197681979
150396930
180590232
179153677
209997302
199613160
199557188
200413064
174670954
165535934
152458077
148846373
95340959
151090615
159843942
174690745
195828905
206848792
204852284
199348229
186271105
173148168
143678398
144429097
98783510
33516046
118352837
173068796
189323234
181470944
171498966
160017152
165707665
112163066
98362187
61542282
143270584
166377906
172626357
177216663
167402134
164147131
138517394
145695869
48462506
35416490
58426131
158882625
154206473
173033305
180616645
161358067
142484351
126041651
119699101
127766401
134043847
171911980
187810916
206290575
179841237
176560956
149202388
150155112
134955675
149762937
136319154
190892888
172541455
184079515
196053891
188051971
206663893
157978709
163165779
130686622
166475932
104615073
122510417
175440581
190362993
186208463
209662890
207291300
195910660
177489123
179396467
103992399
120492020
178804895
203332087
204705400
201539416
179152047
181076605
155177108
219602618
193216903
76501998
28495624
159725948
189776306
184993030
173692697
177436952
204921321
139073979
155867883
42045676
27075125
188844956
188610433
177973130
198401885
203802517
185005645
169235050
186967068
171211395
114423338
71725125
104137778
105657879
82237206
85080370
169748607
177951137
188770450
176466955
202281664
203386255
181602663
182818570
208226722
208382550
29298379
106308316
160240023
185779938
207236384
207508323
208583548
172678201
179791040
195312494
114563876
105519216
58283049
160078217
198259219
201892918
187253323
206747953
207881272
207894329
179299011
191253127
211165663
38608524
187949758
194665408
157722498
203715679
212893026
210300934
210050815
218685989
194773174
192173202
117825432
167228764
170360966
173971426
177429263
177888996
177678888
152212890
59186217
49274061
149532042
150384351
168853492
169705979
174931053
163251040
138295106
139942077
116829467
126972310
167824029
187516828
202012911
184978856
205874558
197018755
190279496
195079639
124243409
121821436
35830083
53996620
86527040
100966155
97993477
95197697
72254812
81620110
177233391
168703245
188014171
192661111
183386303
165266932
151596092
170580304
153674004
181052626
192195103
203808514
192656229
174436217
203273396
179615789
183428020
199808171
205395097
202735552
188803391
201155550
187396062
192798608
204410083
220035251
203015168
195517009
197730633
201937271
194802245
209001326
197371004
201989142
206126439
202868157
189853517
203254293
204302579
220621953
217634004
220943352
225840333
230481627
236022904
189255714
189242031
83404272
85270507
195124779
192319948
185766468
200255429
207346280
193739532
164362568
165788571
86637492
84150185
149302531
168669420
185504021
201013385
205241247
214142284
198481976
166808549
194752778
76516237
129912435
133290197
128707709
134559671
120120456
86923158
64900030
184321872
185915605
187860258
208019818
191578901
169210896
199213399
184839204
220638525
74833607
168376216
190838186
188027149
183484889
160527659
189050777
178387016
181499241
155162894
159611098
91811240
175561342
192282203
199652283
179861485
180337734
195097729
219783947
177875453
206373013
107849905
177828830
195535573
195702621
169464781
183848847
154308197
190389341
136473701
25959876
139463851
179004347
177259795
194237675
195669481
186785835
190591615
191543964
225291025
215713463
58856044
176376007
176630359
184412064
178323923
168352850
169361058
153716773
154302585
64852409
98601815
141344037
169823245
175886555
178239573
170121069
165506463
143659036
144727994
67028734
57325730
34443600
127220233
121150786
148518584
134486964
131517083
124837358
113816869
141056811
142469425
190994507
186849116
197897438
209569384
183483270
173324616
149977536
215058395
133154196
181069608
181214862
185675293
187349209
209562088
201702868
183905601
170063879
185891053
168240023
135010137
89978818
147230509
191074811
203335897
186944180
187663604
193511869
249437393
219492228
217673267
79371422
222869224
247773459
247643148
243668078
251473416
218597268
182127772
192659774
51689474
220873090
99069362
149490526
159241523
191213524
195808535
192561483
200113122
162724347
66466329
97240974
148940851
150960707
170256043
167054889
167093178
158706649
144902009
101400951
55047204
60751602
101043222
157926536
163242766
164426865
153384497
149484482
130142095
111162576
53550238
55827285
98866457
166680546
174152878
170514018
191681894
225857579
168765541
172745393
187044823
129772523
134305881
149016452
149786631
193111833
192889266
183818246
180588259
213471222
195928082
173057481
183972733
98158742
102615679
140631583
181196336
188994670
202467493
203284445
208115753
182823960
170972246
178585748
79812856
196611114
66859318
89531094
151469120
161901269
162746825
173322924
176189918
169246243
151738492
173675758
143491889
161138456
226796816
227169240
230762205
222683798
234150008
192832122
167471459
160585139
141374244
144246841
161273678
179390857
206292853
158622758
185584633
153401411
169848841
173656048
118524382
108168963
102310671
109413133
50887480
52941699
38528239
153220491
169048936
183750150
175324888
193511800
180783799
181933745
181823780
220625919
142910211
83722267
95352580
89482966
180672772
181476298
190198246
196650077
179435925
164931203
180363856
142780230
137602450
154802305
168004827
158408082
180318192
211868072
175438963
184142034
182256279
185674036
205385916
209213805
153861747
157321112
205324972
192408258
192340576
183299688
184149892
185322450
155666438
151805399
198506111
199642333
197721773
195542310
175647181
176676128
207003139
207459089
156348650
173911713
173482752
173598239
189057224
171162398
179224678
183799180
137214979
126564658
126293081
137398017
185060102
179265023
182571308
166142216
178554174
179535890
216190736
100151210
106034317
106862062
66035360
69194381
32207451
78660140
153318467
158780341
168918956
192464470
197121886
185360265
187228685
229642165
170733978
246176047
94773813
105678359
155987270
163409313
163710690
182062545
148183247
156280356
187891956
159278903
204815618
155175615
181440916
177945497
171967131
167746083
162237089
182569466
176396038
185587628
128682716
138911388
131461468
154333120
156120814
182087044
171444989
182206803
172015030
174912149
204621519
198072619
104345712
119340615
105271984
109879924
151693643
148454088
152975771
192318378
170306805
175072933
174890657
180010985
141379363
120155864
92965620
46083641
62841882
156134199
185748224
189603567
172222338
177024435
171275683
146586871
165423275
189419152
137822661
158663789
184064212
199239430
227531512
210435838
170613735
224113130
147644851
98464366
47330882
152908798
182427515
199276667
177487616
194302359
183320661
177597047
153329864
122929442
122980552
123221747
191340081
196976791
167952398
176107533
202078856
179880470
143808421
161192637
105382877
74652236
194118055
182759486
193968788
198318902
186463300
195458195
183290569
173068690
184190435
185034110
200812280
203019643
214984323
212977952
193616778
187070795
187682439
200104459
189016138
189462001
170672224
193214762
193969651
186419066
192749658
194964013
151021127
153466995
45692483
26258999
190614660
194374538
202437964
191818394
203735946
187598680
169677922
151817093
73768950
71902559
103607017
182603150
195611039
195849209
200204164
196518021
183703493
171264374
174414081
97684532
96042977
139901553
143341172
148228619
132750892
134056830
105603489
51835123
133759722
136825613
194043987
211605351
203711496
195034584
199164462
199870435
171449581
226590770
103989238
109373063
182712527
190051667
195267447
191403700
205656324
176776839
181520946
151053617
182665478
91500217
161856600
179586835
207371743
207262943
186816178
187065972
207844042
179905901
190972722
196068148
43780233
110868618
193852526
196088095
197617640
202485026
199684193
210013091
177504976
188961967
188632355
93125751
160948103
162485869
177693510
174579348
153967736
139146447
167035676
57709084
82931961
185917311
185984907
204156185
207576925
210384018
183550529
191720877
158227576
79431497
182905394
173101832
181650615
160517222
179556129
166834274
187841076
142252918
142262378
58240619
62716725
50267991
142461374
143531190
148511402
169300706
121554340
128216473
93665104
51395518
127098132
127519021
148075409
132182426
113777286
114639164
139048985
128892700
144287399
168712590
179998969
177772021
167865623
172959631
202512054
244646986
306166713
165693913
185772505
177110973
167548811
172110454
189203081
189222850
181822982
161462509
171907380
162949973
171132557
159164739
175005018
163805650
181363390
179999013
162217299
176391243
104410464
108703232
74650302
29104931
27593686
130954997
166802015
179413534
201919228
198374868
186140506
176455151
176777156
194872600
160524743
110220252
97780789
160921430
180840170
158049716
174739504
189872108
159605225
141732792
132493282
115917310
120237204
125726666
108047657
107395045
134388147
104526586
65585498
83375918
141207913
213135260
217369816
186382070
181284560
180776904
181317239
194511386
172887720
102305616
133026999
173809758
166347532
164009646
179812418
165103370
205643809
139676096
124165530
143413627
143607511
165115679
192179886
187518266
205272419
217238186
153113440
173255329
193220544
175925531
146710264
111406287
189503151
174831920
179830432
192199031
209782176
189222820
184911215
163903266
180815776
119176914
145853655
141595492
157901677
148389248
172485457
166758284
130992920
127828119
54785442
132593087
153550705
190915926
188587293
177007330
185257175
197480674
193099662
163014566
108323287
77739205
139581386
163482921
155906587
161610529
187461097
153630464
155828389
146995477
123244922
80929656
76763162
78077250
80557024
123087740
112092385
125073502
123298221
131311596
136424745
129373524
125671565
170699105
177160434
180478047
159729031
158820870
163692153
124487916
107442709
109886362
120338539
170607726
175045811
167744126
172544088
175060048
161778129
163200404
194893143
228290034
129200343
170265591
181641584
223843556
185917022
186316446
180012170
180399970
162272309
155838496
162618239
155486815
164574850
191423803
206833247
187816111
183021015
241631113
212379466
181713481
185125971
88865515
139191498
159408816
179676059
178353658
170615015
174260149
147365194
153323753
142968821
59242033
57367011
165989508
171377968
176248560
184239685
172931038
184816554
164197197
129853950
105013778
156069477
177128395
187016255
160847908
169966560
203285358
191999992
225684126
208885197
87030131
68370102
67060755
81924018
90404603
97681368
85402192
81701520
53154579
186990404
187865758
187792562
161361083
186229122
195843743
144868135
159434390
152725384
171085417
203929776
189324529
197963675
180763829
193535637
219174052
208385733
225762524
208934852
189107057
200891969
213294422
206847219
207234429
197696061
195609275
220544752
206179755
207529288
166000652
198322556
188597870
189242719
195450228
203540258
189269872
205327955
183146863
208655752
37980907
138772958
150200998
161028801
166017596
155752176
136650509
108913510
50965951
52788575
165192719
193504966
186692849
184816024
188526513
197188315
170896993
148134825
184566773
64980204
103803549
168525397
170055979
194070822
189065018
185590163
170235464
143768825
151324103
53099291
25635496
128729593
128608627
155938923
139987931
159289855
155540210
128939130
143893188
164037251
168933519
139564512
154000201
173329441
169850022
136568865
160957377
114221792
137960415
145010990
192633095
193743795
186235392
183378593
187505140
201244601
185163492
125165664
96106772
97458967
186242624
191095065
194716421
204568182
183627228
163154479
174673722
227391959
187387801
188744890
100713108
168345787
202487257
202826160
184995353
192990900
218785425
201213000
173362845
187176501
137228791
174103221
191088363
174122534
184998190
161240669
186890376
151598130
64923951
66329698
107314522
176543738
187414741
180955336
155574226
196369171
206670134
214928297
184396463
135358887
142565566
166011669
189753691
189369897
186586099
191532424
161290160
152831841
152496353
38116222
32927334
109532128
138308226
145958423
148929694
128074253
106056649
66563909
142613373
159425844
159470923
172720298
180270199
164256468
181035267
183473687
212120174
232536757
163239655
169520827
172822478
178618305
187229824
184660945
203067140
220943987
180677117
200623981
105914084
137714155
146182267
187528486
189004904
195094431
215691600
158906818
190953598
157337125
181173206
132401117
114779778
177571707
201181880
200925869
191240529
183114190
183558542
168372186
176626570
160922543
157007919
153382869
179880024
169742875
162304960
166763784
166932165
142980719
63662062
60288055
49298693
176273644
181023812
164969454
186754466
187299040
148551203
151831157
145879272
75131286
127478069
111015931
150786261
152493907
157522570
143165984
153835993
154593258
155824638
172784649
54894210
203303630
251770975
259241780
241652173
263023930
163489412
221873414
198651792
202234615
217623700
51271044
177606791
194563471
206664296
200118330
204177467
204677613
216308669
175662686
195032349
197061776
29057346
184880289
201565581
202611500
202415805
195213462
210138639
190166179
162373253
191757068
176921789
172431126
188887536
182516447
207354247
202652383
208848929
213596591
185983484
217386691
91365645
90827618
171826099
168791469
169330040
158737760
207242524
153247085
161746151
103795179
101603497
86138590
132919795
138714259
153084979
152293819
111705593
140019869
97263167
98546530
131638784
169155784
172689656
176802705
151994290
171941793
163303138
165769147
150758249
85898266
66960936
27490839
94121223
118654382
135229695
135092321
129833778
119633137
132334810
177906208
189746913
157509039
198629226
183861581
210693942
147121336
154308091
165030339
111168959
57005135
169737048
172449283
195712270
195435559
144523632
184410316
175664764
196670800
169026293
167959633
25965099
167860786
192566866
192195015
205569179
186879813
211887008
205738237
168788585
202993992
181492363
151794326
168695140
197065046
186718908
193068944
202244456
198670872
157322094
202438597
89971337
68978158
133457641
157131263
167176291
163972632
158045096
148126496
155109431
137212216
105258841
87540202
91595568
49838971
94830773
99592435
121020278
156285337
176852390
178952491
196171576
161053407
176733658
135732435
149276431
142949013
144840769
61250980
99292146
90647702
97393529
96463706
93405729
137688403
159468088
187047918
181625291
177748688
164325869
172826616
174769121
192121174
227559842
149131291
174144294
223771643
187879027
188438035
206558701
158059782
157292948
183513304
157442795
164326008
160901370
189001281
184356403
192276815
199108857
181200887
191438506
183703485
164034150
165373550
79497496
136959778
148258873
169240694
192082616
172433300
215601256
166782257
228385697
193747162
138254889
148677823
147536094
134567471
141830849
147641379
137499785
155515454
137944116
110968007
103909909
107277163
110232439
132771563
144745893
132027291
157277036
155700047
160313560
151117533
109474707
122410942
90663734
160967940
168879480
183673696
190507712
189359918
195286118
161302741
150317347
132214913
143801989
27754706
150284960
173097772
172971206
162248222
198874041
158989845
144557160
131599270
131210933
129610280
187164281
190288240
171089050
192393702
184757344
169748961
179127799
184120778
141033456
149492633
176964596
188197683
199651726
193091189
207454115
180350124
173275114
194348773
175893932
143799367
36932161
182214799
194368629
208090678
191934458
180753655
209588538
193385131
169148876
195056590
177805457
138955825
169300200
190550272
192240819
208884200
188735662
207258688
166737252
201028658
62706699
66660737
115676082
111994441
128051757
133271203
107828112
97401936
98994294
72163624
175125208
178524464
181261267
160120756
172805653
141692159
163052421
101790270
61909989
165036217
175142573
196298861
189045001
204107343
176192860
191770186
162407125
193996691
57248679
46456479
112848393
122660732
148815663
153274953
124228110
134916581
147524290
117562019
166092561
181237214
189886018
190141825
148385689
160059217
180389010
182200043
156610634
163401576
177148485
177558455
187328691
186999117
173334771
169575580
193233652
180523422
150686360
173374441
135320688
152580251
177314875
183064664
165884390
173201591
175405605
182789039
152121396
197333799
155379652
155277728
174012616
188943699
173207230
186303990
170423622
157521100
147017546
99508943
110106222
96757056
118860632
125903085
129044713
130303678
121882328
110420627
115876140
91159767
116633467
117597211
131133252
133799653
130162893
157925229
152228006
190603708
163861935
154931838
145312384
177008266
153952815
154897036
157091914
145820921
129555969
145975507
149453604
168458383
171492952
161821055
120627259
105777512
72084666
67503062
139054238
174734290
188495885
189296181
175218274
152050546
175209026
154814159
211617750
136696745
156997593
191700217
189494670
178423922
200108535
166384764
179901001
197428958
139307359
151484440
99305222
158519122
169061723
195166967
183205566
196912732
187705170
204216760
164059705
162466072
192799093
73162031
99174361
125025916
168647596
175493337
183723689
199812203
176572823
153504323
169473828
143301372
112130132
109029652
111275794
126898712
123871749
138122384
142163522
117908082
115224030
104676696
116069766
126882209
120460658
152246051
160602697
163130636
180114088
161499734
183553608
168185366
125873387
150505794
145268098
144415673
173171272
180740447
214303866
181840415
194810997
164662262
169152639
194405420
168888119
121335403
44386774
101725855
134327071
150180498
142161628
138284671
145026084
122479928
141702146
61748700
174992755
183618447
175318269
203268722
162261315
199121584
167027466
157403055
180319689
158020953
112478551
182381739
185243110
195686638
179400420
169463846
187720847
215174670
199285719
227614666
110925633
142645901
181727058
189488845
189504172
193753446
189759732
171526866
147389792
148317171
43084788
89848167
179577639
180659689
192663443
205879469
185674273
158264439
184587866
155207205
118605750
78353182
83152588
149861788
150783659
111478746
160004040
139025406
125321917
142613885
157863477
200977195
171405055
177015207
178006927
174671895
143054740
125170183
138720564
174736117
191968089
173977625
154416609
170246585
177650223
178682797
159946360
70463408
59083962
126113114
122904591
155605319
164105459
157525181
157932421
142349563
132978289
136819333
158827313
162559787
164000424
173013533
178864554
187509547
218803926
189329685
245694967
145380811
141072297
164615865
177953247
138434210
147462631
160872015
164821058
143200768
154054281
156072431
170967948
171513993
179332108
133727692
153571389
106007937
98945956
129116648
168002669
166852400
182482298
188392684
180066166
176639099
148987555
155078251
164689837
27322841
94012692
155143150
143481853
183564332
145478144
159588134
120185168
120904411
129294780
130858206
153452845
121676307
149098871
145347124
130935316
77012475
97932116
158880525
172433561
210986329
184352697
186880241
187306073
213170337
201024277
174285971
171021853
77048179
90418873
142097484
135345368
127411274
141078409
101229766
97815016
113156813
147269748
177799641
181025759
186478355
212639003
191448367
195467708
176767841
201022864
142153876
69429547
189906752
191378272
180646637
185975271
192651493
190875771
173375508
156312089
168392604
170068187
192916295
184944007
203915550
203559931
192061134
192334237
192977921
203431876
203575830
206263141
162990352
194164576
185518127
198951516
197067211
209029418
167954599
163798425
85704816
91672074
152058067
157035335
166634109
167049438
171624056
160974884
149934125
102926350
84104328
100140821
115080788
147543993
143181707
167600355
168820732
176058053
162797601
170985407
166249000
192804832
173373463
171232651
187052635
167697194
169679929
157791533
174869355
153598776
79099300
91137338
67308491
89239517
154243682
185363119
178693875
199923997
203326880
193943829
144951832
134144542
138623921
159430441
188363341
202941991
197478087
188752699
198357849
204821663
173103519
185297784
164909566
167237942
106957545
195629334
203627240
199782468
181584846
187015795
184631427
196959633
180221733
207381624
86739406
191430826
192737843
194455360
191259507
180024150
192284904
156888954
153895821
65384050
45159226
168041288
172504365
180225043
162388449
165317628
157494930
161699426
80646733
81549316
83009333
149324260
150166942
152591002
150579191
145630481
141296403
143348454
197763368
179053607
195248741
161167770
195923708
196381868
196795166
168713070
159744864
166920942
126406724
91231577
75246294
63191217
70003840
95002138
99804670
100796856
122459016
154221700
176721415
191569626
193258748
196455788
224364791
163905440
173576430
219765930
193560097
168471392
200903075
184736018
170427747
181403055
178054894
172948477
155465574
157243486
135595344
149369912
177210789
180954381
177261074
168572649
201512140
184772889
161043866
168428797
137472366
138053861
31854024
181680583
206007307
193212100
203773325
193707010
195491444
221681747
155244537
153891918
138057258
45813757
63901318
128373384
137815772
148976020
146497538
179019369
142719407
126865319
129590653
130572544
116118553
87714801
76815247
148856952
149454133
163444963
190725804
182920000
207405223
177418963
186794896
219130663
194505013
112878561
146191057
152043423
152261469
136849618
144802706
129474621
103324042
103778736
79206806
119233908
145281937
145784701
174197810
171222052
176124711
192591005
169630678
151661910
172737837
194157086
174911970
175278138
198731063
184357165
187785692
204469353
165206111
164238217
158920090
129369593
124609913
133815069
146976813
154008911
177720913
185300360
166778282
181157713
171159961
154602343
150103157
164849970
65919105
130633785
146970802
173975780
179259540
207116615
176984020
175387788
161896203
161492986
125006299
129868165
131207879
112425168
118406921
89468859
55566541
49387327
43724665
142454482
191887442
195547227
192701745
162643998
182880604
204723440
155050478
105193187
45054569
106167429
172956223
197101067
203013877
200836648
198608510
195413148
196674626
188936197
96236570
191269821
168462023
186845739
190703377
197673148
198970803
191969905
163021801
91995671
93519619
32641108
156611899
196027244
195845221
202083449
205608563
202672181
159952681
216687149
190226858
181491138
91892873
186829051
195629840
199581425
201218549
188812004
203436790
196096440
178228046
208014050
102586072
173686331
194167494
191375777
192858532
208644644
177093851
214143494
154343918
190657881
95528228
109030163
189312268
175524585
193942554
170641650
192876937
194469305
166490937
177048220
82591005
78025688
44253039
53577394
65641991
70672061
63767183
37617106
128172716
162613016
182988093
190156713
193677414
171376576
163921092
181105426
195022628
182210131
67264334
146201577
163023344
177102217
181980202
147058504
144132295
145677550
125957153
164021847
174468779
182621530
190391859
185637660
169358501
185051413
162417908
175515982
43372534
118086613
124570429
195027524
202600451
198510499
198723317
211743045
215792332
223899579
180844940
109757215
99779174
172457318
190237400
194046850
203396290
205682171
197787717
169235644
172895110
177891240
184664185
137030262
183904009
197128909
181895694
200910519
209750485
193446648
168752102
190521466
84821791
25362589
178780095
204906162
189890652
211926816
191236927
213513468
168766982
182736695
172064701
163777816
129030215
135963253
144417387
102817348
104524261
88738425
198607467
185817974
210493072
182961474
222693393
178283845
170108163
175278918
205775517
114962973
156403725
182184640
184621540
173359540
176749699
155256195
172373725
104514765
25567004
25040793
196573444
197987111
206472579
204894289
214978592
217334505
203700228
176572848
174646453
77612776
167921297
182658802
198831814
191911109
197051826
198039581
193781690
197330803
207158865
209540370
33445247
163253436
192033760
195998973
198951033
206769414
206477931
208107499
160814951
187309029
194580998
34638911
194286784
203389435
192807843
194328011
198884602
174757639
162939981
154822026
89175541
76609158
122061556
192472587
195264846
186945494
189097629
203327079
171594119
176906046
175562070
181951320
92318323
88538075
93866686
85623294
88883406
70648953
186235082
199262192
187067503
199154372
191989306
201099698
205086786
159664443
187698777
201387408
164894678
182533929
180207473
183688610
200387985
158782248
162708572
212455753
76120664
68501636
149087551
170965695
196925325
189750858
204067715
190148880
196755936
170781260
209126836
189088516
141817155
185521619
192974771
183471672
198829434
196387480
194964689
158412999
220810581
137612368
119431841
115337284
180828797
179680429
200939273
197110790
179280105
176453690
177317777
165664655
156775734
86811540
156729268
195657296
211360567
212412489
191832980
196778009
184962860
237734388
139012259
115155504
77696817
110949387
155148789
138231353
161852423
143370264
174103435
110877060
52297800
53281047
245624210
263270304
262098593
274492145
262368371
265093020
241031547
242059191
131450500
151735228
155359502
165805542
183078551
164687553
164711349
153588564
133109265
137636585
42198300
29961608
139359340
185730039
188609670
174953897
191018484
177594905
193201247
164194034
125299185
215668967
98759890
165758201
170169147
185028863
206950958
177220273
180096114
203276508
181106967
205787843
232697560
169393014
175605922
197255805
195018321
180155115
191220602
199490576
155220030
153489196
46257577
161678630
193569155
194312715
201768112
185362425
164401768
170330553
228145477
197632947
121009461
181011511
197668597
202316969
192974971
175670881
219446666
203922947
172700819
70643312
119680891
56077362
148831384
148695739
162283641
191463539
164832105
165147872
154988807
129616802
172420810
157241379
161876036
158192498
163529043
183949489
188999548
160533247
158978244
154476853
165767050
139099932
126006280
127497459
93582267
105335780
138509622
169832503
183065484
189855845
175205843
197192283
188262481
143663666
154735641
153653677
127213423
123945398
182831962
203481119
189767713
202241032
187921768
199424186
168580936
183183858
184444091
137467069
189218100
176264991
178922963
166219084
176804639
149846046
195068998
126494623
155987784
72138384
162689759
167178647
192196067
173731417
198644291
182193275
162417602
142010823
146093664
69118058
83378165
119141044
149325118
165129127
173931222
178136234
158093482
206357528
159998660
146162241
144573245
131883603
118632537
124124572
92479148
82479392
51525712
41834371
84461627
140307937
191294274
195587293
188781503
180363030
236395210
225984628
219196637
152054021
160273763
118344199
112766990
141577963
155712902
136518889
155081048
171364779
139247629
131801583
128411869
119817846
138141822
194608379
188434063
186027091
186433137
183497012
184590651
183436880
131255144
119929512
120435484
186784032
189696258
200384601
156741410
209150754
201274673
217738310
180375236
180893260
181988914
178383632
188832075
203412447
194464184
195017311
208939859
165136031
230116368
58451169
216776667
165750667
192300919
202494814
191242819
191721280
200842461
200554690
175529872
151091220
36149761
96483479
128997820
151540353
153127764
159970966
165525812
161992333
42719754
59255918
61565955
92161343
133065667
123243334
128628419
109031485
89984366
87639798
106487695
183314313
201161859
179315553
186230374
196041036
229701439
169095010
182888840
96949347
216596614
127125365
157000495
156791331
158856819
181762117
159061776
133491063
154227104
140184867
152724402
171474786
174418203
164242099
144870550
183245006
168319674
184602833
189198890
184594572
191403930
167193762
176741557
202869143
190024813
168120925
191843786
167256678
193467193
131388713
160059898
146620007
169764105
176879981
175737793
178719358
162283219
152721235
115445220
88626541
91050805
167617296
183027275
180138803
168926893
178851943
180123046
150581712
152193449
74383736
182021604
83113717
83440762
104754342
114017840
116063895
117200955
133568446
112698165
161335307
161455421
138343367
143190898
114013786
86327175
106351189
33833618
142712836
187924977
190094105
189685788
211210396
192965481
177969331
183324024
210945342
203582509
121539727
155485083
170714527
165385942
159525221
137623613
137199651
109071598
100120435
117663641
145879841
178011013
178490263
203978459
206288462
206814721
180811675
173769226
181391633
113666594
80758981
178537635
186031343
191244869
189812775
189731204
184258395
166523015
157000836
171839577
172523988
108726735
193407981
194865595
174680494
210279519
195175775
169961002
196077099
180901296
87544376
89137185
167736902
175139384
197103033
177729978
209363449
197537646
198841434
166915418
195880534
73919818
35969245
72130754
156513306
157466481
158543890
139028941
142353855
134710701
91026691
61417191
60590804
124037745
129223053
159327849
160434549
148643224
162994093
156054277
147395152
166679753
176185597
172614823
170667401
165690600
192939612
193396644
164970985
171565852
188958996
58630313
96706167
147122052
173909543
181109088
155088423
168865048
154300286
175270100
168623327
168889543
191434038
161308907
159352270
192161267
178785946
199692944
172891445
165188701
169013825
182622817
168700575
130846375
152358356
182289651
178021641
206912189
192349643
189348671
202955929
165780221
175040198
81708789
130147582
170277197
172416731
197801830
200716367
194737379
169828886
158343131
156416139
95574517
139197334
189540115
185015454
185920401
210542222
190917604
184610129
185696709
186897598
61966468
43174692
162211900
157916993
165671664
180614297
147417900
145215421
158821999
127507522
96894979
142476273
115320210
117116283
127949933
131406257
116799388
154826165
161740892
195074148
197510468
205923642
201965040
191475976
168905981
178686553
181707458
113882012
116967774
52204413
141613844
155655124
207644041
183416517
191808094
177968668
184064214
175141675
113808385
130902530
155076917
150414215
190683255
190599170
170281493
200812081
185038116
185373778
165996441
154792128
110206665
143109297
178766580
172831846
205650618
174570352
189783894
182744378
173281495
225993654
180904924
159281171
51591126
81520395
137723603
158848130
173816531
173763236
159363627
157359233
111680991
145809095
160600151
169592373
174445976
190487104
205965258
193678805
181085078
175711576
137140249
123090169
169739930
197865761
202646678
174485025
191566965
202562036
191119494
191585673
143509822
85857279
32998116
149527835
155106832
168539715
174165945
182068750
140799278
153333699
146848079
66308936
67505990
147557991
150862222
146081176
174699295
189186507
200983367
184722149
193367832
161117955
160941131
143705657
159150004
164504710
161282264
188597528
187404606
177192379
173788271
165956493
216944118
162882555
154859198
211605895
148198303
186302726
170114571
177507761
179861259
178105668
133379138
129394140
182815509
148475191
185045626
186595401
188446380
191026121
167439098
148490115
145694544
64053694
146784893
164141134
200110042
200520042
199270908
185243846
216165370
191030338
187617399
97622007
53468371
132252665
147579525
145076672
150738409
146346579
132879120
133827504
144963396
164233331
165232359
173204410
178107486
165845130
166338508
138075159
187621921
195811612
145564760
130356437
144734419
124683366
124893015
188832035
160291522
182954069
148303380
169295688
143842226
149086704
133947871
98220923
32899257
31488273
140831522
186890559
189188087
193296981
202574761
207399000
200578395
169313516
200510833
199119860
58476593
179422510
198751192
204776957
191056731
191562485
192006388
193284409
168995426
190369642
190527880
100931757
179993719
202859109
190145898
195018248
199446383
224007162
171261125
177640755
72191343
110265249
125294252
162237306
161406232
153544830
164139516
156579561
141071851
141350921
66297949
99753697
114366882
141151427
141666062
157294011
117341447
151967525
78929233
39260576
193404348
193602515
193847607
212919991
185208114
186103977
171038470
173718018
213145629
213837322
175262917
202406056
203625733
181450049
186275577
186602285
160555867
165080285
65770335
66161642
86181136
175634410
181535608
181498252
167075665
163880004
157414428
161514264
108003681
122343243
126232421
181600597
177925682
192897128
197238079
225149919
172694969
174898153
178876063
143773762
174500063
154120084
193168420
174495135
198438344
212378793
188816453
191597997
157206974
174104424
181957376
49970186
177131402
185954035
189625522
197761778
180376157
185136432
160920017
148024760
161938546
45651403
25785320
155881186
184595657
189398760
175912210
190451175
147894606
136901832
70671834
75410803
25138232
173680279
184683202
185326234
187032294
205561387
153863782
172146494
137557884
108775425
47119481
190686069
193975617
191507602
197067215
171713429
181978430
201097431
152093921
187992513
62870255
191442240
191521620
198976783
185194711
194243322
201793463
160920924
209378949
102295427
203673207
110386242
172356999
170012449
180014608
189145385
173704134
147868649
158368161
86806343
86504438
108476001
183036715
187438346
188709676
191543784
205952361
177729094
199112973
136930292
165098253
150951339
179113422
170040737
191609464
185713191
162542973
183752558
187509007
142096067
158500619
29576858
176365119
205459657
185196923
186149483
201246950
199951477
216322384
203448216
206677284
185185465
150543624
151180758
152583798
160614054
127691265
128237750
65974518
147505171
147609889
148286694
156424440
170120673
153549961
153804666
177437269
167868288
158884582
167949997
169917652
176405903
147909714
152478852
154333641
163720899
120673466
147359636
169773864
179388121
173054525
183512192
143592777
150667918
151322463
147337707
56358977
168700437
163931102
168906470
181440798
178774921
155255175
145028404
90382589
124975770
128907403
194567140
193325034
205327133
198118394
184280411
214142258
211641424
226612279
102122010
100835971
182442517
187049013
189317227
192603106
194403371
197550078
161149589
139605515
165099196
29471253
170908339
176291697
187513256
186883932
189153168
204054033
192535257
205611949
181769883
206410103
96117569
120083204
141195849
141175245
117656639
119093877
101139328
145590617
189061664
193179708
196364244
187998105
157357173
182151650
192317213
112370317
123756186
142957936
174778951
176632394
182102905
194460488
220367685
158165904
169509680
139351270
108667541
86896171
87820102
162394554
193921258
189958758
190376126
170408085
201500772
170003591
159783235
128230458
133258807
175967067
179510758
204384084
190219686
186930729
169008785
211748444
191703094
114754877
150505654
160496921
165718053
172081081
203953314
185068381
174829612
184635681
171045910
175695640
181253302
71064755
69908111
166457741
165820416
191041592
192805235
219997163
164521660
153977286
173886431
133484654
211181307
165636953
175121384
163277398
172679578
149205634
151867901
149821747
102119397
92509801
112358279
145205286
121634993
128079086
127251158
142932647
136712720
156786295
171966286
184251792
159464852
172859952
166756427
173030819
194066360
244866634
129559359
169803828
164049469
177479898
191215657
166022987
143097016
166732151
129246647
151424180
139220383
156033517
186008777
183558861
169311599
179238905
191170800
196444583
197403267
152985490
155503624
139383106
143458662
111232903
67929661
71255833
141131252
167902980
179157091
202933508
204656696
190609343
214426955
228565258
223691619
133269548
217114064
144163555
135366027
149605542
180922541
183001080
150909763
195643257
146910912
152854129
158708788
195300065
139182828
180457500
174807627
159548829
173283202
173239941
145635100
96820233
93778397
89481649
77652260
75420562
65918688
51312180
57502573
71182223
169076724
176225628
189362431
185131909
172134653
196492830
198274890
166925841
177040121
194099648
118527691
138474760
185684161
164291730
190769103
175131873
180368924
192247824
168144528
74779344
81248360
176934372
179447966
205757258
195985047
200065899
222043423
169023979
180650021
172927787
81434021
83735795
127668380
158921794
156372796
160623329
147467941
147443039
109020508
80347140
98968188
147972351
185203532
185298185
167382775
192760443
168687375
174808661
185016042
213669168
127060155
115866320
166857855
183674013
203027525
151513150
192360056
192856126
152959372
139320899
153538152
118178825
162841646
167788141
171339176
177594292
204317644
161776658
179062822
129410849
117132110
74797314
69155309
75183845
86653147
104318820
123577275
107780221
149707744
168594767
211193809
173505878
197721791
188256387
199214289
220722965
137826372
154571386
115736138
143000165
149396895
182810790
172987680
165934898
174999201
147468656
170848875
138215995
119911074
54779765
152442977
185825444
192899010
187350729
176562780
183427855
167748011
190470586
187812998
157509001
61314593
95172779
133305493
154126197
151375101
167729694
175108449
158462457
198436464
193901080
186294374
176159966
172801519
168029166
168286172
157370968
154046233
139672365
209651779
140080832
144081214
173559883
166757671
164523327
123910408
142941920
155336384
173759112
147708548
201898911
184336414
194178846
140951331
163033665
145149731
132326219
160834918
161553072
150300626
140895759
125956653
145721290
93404533
29361074
171854841
186327590
189075873
176471163
196024367
176770092
168309072
152206483
151804837
38299293
112676814
166266342
175296340
182668228
195901748
196616512
194893159
175190625
195839787
97183788
118691959
107254530
163948464
189593958
175648997
196923728
154324423
203227850
190584834
134240746
127650058
112065033
129779634
130595848
135226993
175074155
159933513
176553573
164943072
144867874
121366967
111359031
97123815
90967185
92557457
176585850
182035767
186444632
179257786
193415795
208748909
152689675
153983881
183619710
151773546
128276377
179546774
193718998
171703287
189350443
199650676
171609386
163084761
179057951
68859858
57032386
152524683
165325836
169389044
171558824
187740974
157870358
147534510
133414794
152573253
65163904
96902967
98759444
99114952
76711301
101757755
50167222
61948220
187357567
160095185
202580119
191410127
178399337
205119545
216457014
163518413
194940873
197171788
121018122
165233886
189602599
200072739
198822735
175355140
179121368
148404106
185105329
79622245
80924546
182730046
167767859
172844219
189512991
181121577
208933119
168158345
150358445
193176193
103550661
139106408
134454935
130870587
160998940
152685289
139614433
129730936
141456894
155650679
160815053
179144007
192996870
156629226
183919729
157902943
152281076
151320230
167264961
112758151
145332288
174880730
194900509
194848883
185151331
181107581
177941463
169540118
122395937
201738678
127517423
153035173
151987947
165807360
182631296
167521851
161814020
142836142
111161711
115625639
83780816
32799102
27142204
37687500
132721091
139148389
180902604
188775158
205222428
202017461
179297163
164467799
196303737
194656261
162136328
197417798
176166880
180494357
185041540
189226391
176251035
179426934
161862505
156996019
143173036
105915153
80936674
90892413
160801984
174390033
146521473
162300836
160155964
164822741
147798286
150355398
157914934
95051430
142451524
139823903
150794377
147276513
117894975
126762911
87625969
96245463
138952655
177524171
195124887
187591286
180717569
185201401
152082556
164527281
189594736
201755421
55345136
148808005
173734661
187445163
171501657
183196328
202432155
163947088
160994655
184925691
81560484
76759326
170303709
190100492
185958984
199344368
175012226
181867924
164059624
152330115
150923036
85332078
61676441
80693720
92934803
112958149
94654546
124735046
144772124
183501012
190822257
182579949
204823533
245014641
195059601
196462016
189037435
196344563
108793093
129273376
174594185
179441186
193952302
201422137
190026404
193110717
167583742
173490419
178446933
106988605
53528415
134154673
143390888
152083711
159659420
145657362
153352511
144295931
145228936
120474269
113124798
134848868
142923719
121617491
135810973
132693968
133485033
125589292
161867517
187811614
186069907
202202432
184576623
199407006
162744082
178414968
176183155
87752992
126965170
58705281
175543037
175589737
177682858
170605383
192892597
196323768
165391294
166244976
136427978
110920148
137133426
142851514
161628409
174741002
159264690
168695846
158731901
182135251
195199428
91314312
97243138
93667767
45610461
44337426
29695405
142902649
152036458
185062954
177925957
187465600
170407823
154483417
160992162
194193749
213651612
160919100
175558057
181918134
182729217
195506266
194689707
201011355
189664702
159154097
166009061
81889870
70306505
37904090
112722838
162673150
141871422
164700281
172516026
162138197
173968792
134471021
139310073
156646182
168839376
144738778
143712793
153178508
128395886
109756456
59041246
96683702
125972856
198027345
200466500
207458459
212427985
197245479
209204920
218150156
164873439
95667867
153647138
174758046
192122918
179715689
210133531
207113004
207154478
178730627
163332156
189437774
81224370
198013241
195613534
191610345
189105921
217961632
210022420
206479089
165296288
88089474
198123835
141907245
152338681
156462247
162060740
119489756
120098210
136954509
179119927
187959403
215510611
178183030
185283962
183028834
175555695
210800799
250695633
146786435
181324999
181633382
190940933
197760156
186949766
199022079
213224261
169064055
108541781
167996430
90038160
98296057
152458161
163702055
155880891
156885902
162532469
160772371
148422508
136927552
121753140
122311679
102063983
100917880
99296539
103299886
108846948
138460695
174299823
191989178
199249423
187026605
187947526
194829543
158536781
165030785
149575047
100191853
127761453
170273571
166343832
180986057
178149853
177135312
155618641
153114019
165124470
107523104
169649800
187201651
184956874
188781800
193360963
166702876
174701969
168586993
133401989
99090444
108277589
98967533
95825510
85707194
35245529
52414447
44096624
185582152
185723695
206995039
186417937
194775474
197966371
171247160
177389238
171212680
172367550
177590573
175895114
180416006
175924890
197797675
188804019
167279331
163286328
189677616
198331664
126430821
169984290
181105868
185980445
171475411
179906410
153481631
162839201
96027936
85034604
111394687
160278954
180278019
193253231
195295218
176799514
188672226
154682141
138346296
66733775
115455904
149718190
172299161
182031308
187327601
200004342
200533586
191538687
202335866
230198489
118337458
108554857
139476097
178965447
168238712
155993849
190950256
184686839
165825994
151545051
122762825
85386361
109439107
158793503
162455045
182803909
173677250
165562086
167108917
176324464
144912669
149444073
96285929
40365499
38910188
103362617
115248824
133056150
129534609
144100190
155978317
162167554
177161180
174961111
175678337
179101224
174849436
162471467
145867087
175798949
133070972
170801733
154236622
187630625
191015751
172931385
168212814
149492048
171677395
161348477
114955741
46618604
143292067
158057268
155067959
197451532
162288347
162976581
153392141
144236465
128715446
169864439
170990315
168396580
215448054
180710776
172679951
178176497
174533206
75094592
100751670
169128585
173538090
174632237
197359746
221530603
192980187
189825621
202147090
201545045
124283533
40634479
142374957
192273339
198039839
211549437
211825916
222094364
183974288
176224836
192891277
60796564
163124674
78528612
192279396
204370773
179989285
209000551
219458361
210475091
171129289
171838005
91377544
125039499
209264061
222531178
286451374
309546836
336506448
337317293
376379200
371887677
479776652
502290755
380368607
332126904
439800181
443890909
432287342
432297802
310765968
312272511
193046338
187632035
125567495
27515803
84966485
144249041
188909544
211768763
203814900
189721971
190801156
169338218
192667455
129566097
137390357
81722016
131213429
182333033
182096744
187210596
191577467
180184615
173822124
178004350
182923506
126822132
139202641
191500523
187816629
196032820
177995181
189917647
148545603
182769053
159142347
125799669
127361327
162288693
188312009
179769090
172305892
201969321
225456088
176792313
152768715
185097071
40523055
135613966
149697981
141633041
142097186
120718166
142069296
92803935
95516207
174454683
173680590
225024398
188977711
186970217
197419804
197820989
160414049
170781053
159487431
129512833
137658346
180542047
183128636
190872475
207068756
208617680
199567747
177986942
186894626
80216592
115825502
151948595
152912878
132460253
147846262
162158217
131785720
119038571
157588755
165891596
193551840
220731618
187484927
175521581
175704237
181014255
182376619
144627965
111546957
143176886
173344722
177461761
170518510
195447405
174029852
183660822
138527158
174279292
150694516
162623220
190699819
183785267
183294137
187621248
162140414
178892020
180824055
132210230
93740005
80866951
112919814
154723749
185143973
182898530
183384799
176264697
163137379
203314871
84144026
101815596
158577599
182022040
187284074
188399199
179775758
166598936
173641369
127434231
89658219
95998027
97695283
158587438
187946480
187903957
166363869
173281270
190958219
193009487
174791569
169610599
273461131
158294440
149488594
169757154
172573287
149025893
134543391
137898662
72962109
59252508
85477650
144030266
163734208
182016339
167029169
148153563
174803295
162817659
134977862
140415075
145181211
151093326
166562791
170520150
168906990
197911627
168931095
120336727
210889832
121676732
138746649
180121194
190624006
193109845
185129486
185748310
169688950
150060831
160987151
187577460
106959431
157543558
173848649
166415603
192962725
151445951
165694697
186649613
185437838
151177663
33732508
151217507
155380451
153005841
148787824
150120230
125910887
131058192
37800472
54066945
164287516
170715100
190001502
200066742
204459787
200628067
208009124
157863035
171678792
95818911
99278678
108899201
182397255
208922975
210512152
202661106
211406048
216083207
164322036
166859630
138133880
142201966
83170705
185804126
193216745
195562084
177009535
204286353
208409342
177677739
108839190
56046666
153869096
204777211
188759671
208797834
210067530
211218447
211504328
183686473
226094629
101242041
52941366
84655154
198513065
199073541
199971462
200712549
206729615
161233611
188646313
171182435
58341140
201553407
196118594
185745004
205892589
209211115
209736457
213227693
182859770
209430612
225844995
158180719
150243182
168472774
166229475
157230970
157908689
118519345
51076922
55207446
185043211
179513999
174482267
174854474
196435265
187067218
137072759
146270126
68357985
62222855
186963200
184097691
188055553
195295755
186027156
210619016
171230244
175612569
185800819
182822146
130508332
166179791
164379076
165712588
166252856
182117117
143045618
152678551
98577735
99730164
123548246
176451443
182022064
193407189
179559971
194073496
198702241
147086120
151707900
122603433
93561736
101225297
149677532
171012841
185346555
158817551
147612658
166972628
213217476
117454920
102188343
149638314
135337536
199633969
178410365
197903532
191289339
187764993
181958830
191881852
192929504
105999800
154691446
177748600
181376086
185247127
190571668
196234070
201770358
130467651
155430123
95223233
32806888
152016094
155456981
166239965
164215250
154627216
142878164
114886586
83100109
81486699
109802586
170314083
193488493
195996631
212749076
178284566
209692230
179088107
149896158
107490299
127898098
175211958
186338100
194724222
193314779
185665539
217849948
186954589
200163333
212953031
231363559
126960630
120682476
147415731
155284750
139695653
127094346
125854821
112514503
120204451
191484026
179841277
156797788
173341540
172684405
181493879
154096151
151837948
83561633
84988382
151398929
179174072
191830668
192300434
160614004
194053297
178245564
214348551
167075028
139117705
138423530
169595847
198504967
200965022
193810587
195562394
179957270
193423011
158777675
156723671
95439783
167563482
207347137
204648030
190137432
214346709
172127199
195117477
230599443
208995090
154367353
151190497
161706345
162092515
139346511
151174125
177439230
148583316
160801557
181240524
176357495
156717770
178407631
173214102
167982106
195435941
216306338
208821506
172814744
169199808
210290291
182035886
175356702
202777012
205026039
188524521
175151832
157005940
148545031
157431945
133579852
103921950
117399430
58175171
27171211
146395197
195085845
185400718
183151666
195600070
186141165
186836312
165044587
215331719
201338094
127582680
124275177
143636747
127907987
156068437
155536893
146702344
144819322
152701878
177550050
179942740
190481511
179121726
170143630
172689723
172973287
138354932
200173206
135818121
184736745
178431175
175855140
192597477
158649284
165632159
138840951
93964251
95924537
26037929
71036497
78465162
95397133
99181820
87099583
68453702
25114233
159750370
174772771
194522327
221106508
172265532
182189720
187367056
171404964
185599256
215702227
121157475
108741114
183984017
200838214
196807303
198513082
197568437
198442293
176717222
176838270
111486956
112316859
189442798
192525365
199560997
201260904
173600192
207165275
175819973
223781338
187580973
188280671
48683687
169813148
197578110
199187541
207930586
194997030
198144652
148303365
123869137
127925532
131720091
86113376
81740747
140542950
160958138
164467621
156357411
166985780
178118546
151585569
187229648
172433076
167818568
145085679
156148636
156539357
154644985
165379698
158707070
112200835
140724614
152506616
150635937
179326095
182721787
160054331
168253329
162063652
148852283
140791812
125352295
179803543
191533568
173881446
199309734
196164820
194885179
189473757
145160443
118141405
118646430
80394817
190297668
176683348
198494832
200036531
197196541
201782728
185264048
161316476
196928316
93134079
143351408
187167144
199956300
175795791
195182046
196156219
181828160
200380258
183472409
199835194
49402936
131298285
146302237
150587594
147683049
105429904
131721089
130829358
160934321
164858347
168351766
175821408
170654912
180727082
171320902
188932182
203497576
222800615
114512855
123326171
124301437
108923716
106581226
116677937
114516163
118114713
171609130
192779469
181880648
194091310
161583154
138280995
153444797
172277746
105330011
88240339
198403348
205524968
184505904
176763324
181197068
212484466
198846885
179088539
104184001
49154004
159015138
155821377
163921796
164557261
165621926
124055251
124152180
58003906
143976798
164982148
189725369
200884879
178176145
188439367
189140454
227650577
180678304
257272313
152814118
125650265
181219594
187034524
198942342
210656830
199843933
153031840
152847264
174428791
101658207
108445382
100893283
99840873
137168320
127978876
138327849
109170543
109567584
178503698
172400831
173295110
189119389
188221106
142817323
160840295
163863271
173063194
173508931
181872758
188119286
197014763
185770501
188130515
159448633
162492748
153784533
175948681
33891906
169131882
215697464
244968976
248712260
245443202
241916827
226335402
232767549
150792700
154468245
113579241
130682392
174634186
192692642
196828326
197381016
182885545
169934800
165904856
172940313
112472680
113031387
30098644
102268570
132901329
141094810
175575387
167434249
168895793
157959873
168627760
172994528
163108249
181091954
164691251
174757388
158502037
172259428
168940052
194320488
161569860
159974469
158219531
212343367
155908874
176901934
160029268
164224408
108454861
147991029
121944461
166801962
158812428
161309119
161230670
136806638
141387958
129080218
79285423
50279694
172317176
175996572
200322641
184889236
192712866
172744019
178155439
173783116
179431851
190486441
26834852
100950343
181186932
177786625
168346358
183209654
191715945
174225309
192014602
97280990
64652040
113945497
120096196
172083804
187180086
191129807
176779318
213134714
222468009
209515646
115312143
113005102
108431393
119991377
174881219
157875627
156160639
193248145
227305698
161779348
151586770
151859452
71603440
71143140
68715381
127287264
182388634
188760375
201449073
186531471
225148784
163724050
134932672
163662388
118814243
153937786
163842052
162314773
177196390
192538653
158805269
183611082
166891249
155874936
131622758
145093402
101798811
170242165
171680680
184893484
182461555
183152830
192575555
168309466
102662961
97249885
131202856
138536185
140019219
167841578
163733837
170748340
160779649
196393868
190261874
162096221
175284640
174922821
198754201
150557387
150988408
140587940
129278890
153911561
167281548
167439383
171727661
171206320
178464334
150644763
174515972
143169062
163705501
108704173
123428485
123928878
131591715
151693176
170573049
171763110
208527986
191243628
180693328
173963753
191800456
153481683
149399305
102381443
102527980
140271377
139338796
143119199
154668222
148831566
149326982
150316410
117813182
56746187
116498335
136562540
202966136
191470043
206130086
207018653
215743639
230447907
242086048
189191953
82449837
129673943
180500357
188370319
182579810
184476192
163066945
202541990
135367312
136012676
32189845
152937079
193504219
191879614
192547976
196111182
194093127
237827929
229831999
227044827
204010633
65867327
165266147
173509297
158139938
178687709
190453252
177629511
156538803
160150186
117888170
105685590
147966204
158905033
176965623
181165281
155223510
170524627
185035082
155121116
150849416
121244353
115672309
127848246
132284030
123517576
130592786
121617538
146966323
145170114
145402162
152862159
146691972
136431213
154231449
177087622
145545833
154383323
130026305
110385959
54155967
44098955
37601015
174805270
190330515
211010364
191933567
181087981
188387097
193063729
150628355
171058857
141257763
25782472
172901574
181293747
184275757
203972431
184802257
206451265
171007728
181088965
184669197
180571981
38233226
128338372
164161827
175554756
175853859
164255261
158706146
187830550
154882087
141977215
138796515
135689957
139609251
133231831
138690658
136604161
88033233
65146341
131460493
136364159
195895462
193579993
200999018
204965013
205604979
196786839
220094345
168013419
99519294
102062712
148083427
176986801
186260878
200640396
184689384
176059828
176367119
146597711
178473552
70706777
34551063
111185675
175658247
174350961
198543765
203974826
170829338
174594419
147579949
121021336
94533670
70756903
177979275
168015770
177181544
169599715
166920049
158451745
180698966
120958410
164010749
117909592
193531476
170699376
201007913
184140953
229594165
176290345
184598479
153071954
140421958
142642717
158502484
190877194
172287784
207287033
211136196
184539717
171468191
177760644
181788689
178755890
29563002
128099278
154942859
163856015
151336339
151150359
116597209
119778669
124476341
130307952
167679077
180654600
172498449
185187732
178886539
186994995
225545941
142665342
166432141
165225359
160124941
173048772
172487282
175517020
187617262
223579351
185026866
154834318
132825452
124707286
113772099
79114570
63077902
34770509
186154479
195586471
198182514
210542143
182609171
185791072
171795433
172307617
156768416
137779601
63255021
151156475
150838759
147012137
140533606
122173707
122484747
74029707
134183858
135160681
161402036
173208463
195438534
194746475
192309629
179132858
192019540
226660986
124699888
171509317
172837845
181291105
183999512
194407967
186402598
194762788
173220634
176899807
148895787
121670146
108318177
129698166
191599208
186465161
186737541
191453199
147493721
172626036
141836053
114204347
39395835
167902185
181130002
199461301
205597560
190334816
195765703
180661527
167069762
114373446
106851556
97616722
140679519
178382108
181510045
183387849
178776872
173648227
210952231
155142309
167118399
113666394
164459073
154773635
182374346
185592260
201402775
170854452
160841905
127039726
38759405
155242885
178374596
182262153
169643361
190846301
178423968
185534733
180953555
191055926
207214961
47326014
53160325
128315151
145472968
140027773
137953754
153370199
155484741
156669990
187468861
159981526
180156095
173181410
177203787
175961548
151791616
215010616
219059964
158909080
156820365
169283750
192221083
157834325
173311479
174769049
148830014
138738599
131019100
127675220
128223516
154527620
178797935
176093026
168696407
165732334
158351891
166534556
135164500
139608194
115224202
85440639
109195674
129000858
174160790
165060026
170125820
195773448
188346173
181012226
176200078
156442521
186315004
154702707
150375012
180965258
140610135
182894259
160238977
131893608
132211505
187008212
97735476
89031462
149886422
188133167
163479008
181236703
182284491
179706349
190088195
158547214
153954765
138741865
105398654
183523563
180220536
170816697
196689568
195253511
148535608
202302579
139972254
163989176
205034446
174102985
192687573
196516503
202397724
206805293
204377383
229321294
60780762
43034229
165332649
184260376
203675585
200749087
198808572
203611850
216764976
168445882
202611228
199506384
101770980
178761868
172128641
168509732
182614475
183795069
166608938
124938734
50668600
25118843
169400681
172218721
181160653
199615709
196898176
184715461
211197832
162529692
90944753
98896094
87377453
195165724
187601459
195212146
204519140
188814886
197233995
169074798
149278011
160948385
172047144
192026264
195491690
193370008
171579320
193373585
209099839
185413055
75642416
83037855
26661627
177912023
176810686
188416383
203183687
191060943
191989677
164520273
222299634
194778726
175698229
27152697
146636866
161859426
162188424
141217548
145665973
140152883
120382089
60281624
60924531
176232244
187034345
196437106
200734168
209681411
213077253
178068321
185729759
184772294
184790924
129448439
189035278
183977059
181049625
202698404
192163960
183284388
202339726
187044198
62630569
206564114
91341694
103528099
104493270
95040314
78589386
82678552
156262727
199886966
187075168
200230715
208215525
201070018
201228743
171742382
200089943
218686548
41172231
176041890
195931433
200577541
201638806
214091811
174936688
218114104
158962507
83850418
188819875
79461434
176855201
170097366
175978256
208838093
209779912
189925401
167108608
97157632
63124601
89300703
174144663
190385544
191378235
181230182
190504808
187026965
180716491
169411914
197425392
121429100
64060804
108733362
120644951
123744824
146080820
115962390
119452450
117398687
167210831
189615005
190437985
190641342
176688131
176307744
164262374
150623921
172323755
127252677
154536236
176635604
180449151
185572267
176554740
157712477
162677490
185452174
193411520
205409336
102385796
106792096
112430763
96750740
79228919
58542768
175098011
193262538
197067928
208915776
182374827
169971200
178627641
165031996
194955802
161734463
138035092
186712419
206261260
203838762
189285502
204966221
197426981
169311174
196088458
78942391
63590442
162794738
175843095
188784616
184782718
190967280
170741194
141392616
143345051
42910723
123034814
147102566
183619747
188326936
205257375
202534998
190494380
238871396
242033091
220886017
95988993
150559842
167624270
196773632
214046743
146835563
212177929
177550933
183070765
113923117
114736500
134613574
151513422
202672987
188254500
200676541
191040078
192285783
194463217
178720560
178915807
115177616
81438416
107240742
184360013
191779807
198997575
200265994
203722344
177743427
177803125
180255903
71387968
204927758
121930129
115472067
123195870
124984448
127171404
86242043
39042193
128022576
179414693
189887119
209506752
185867043
185971697
194507119
188276064
219492830
200366366
99234872
85029213
151184823
184136073
197458554
222646666
220431598
170441364
170165311
194757810
84211665
108383544
173022646
193053740
177998290
199018661
183715303
184835533
197023462
199202435
165403768
99818601
38791640
166246528
169340470
183000751
187590385
167093798
172673713
148637132
158641616
75802045
79371202
176655959
190999440
197968228
201313924
210901474
176153326
168817648
165459623
186613024
34399363
136506486
185693403
204543662
199168895
188484400
189263962
195029076
196567014
206174289
194525528
64616086
174685542
162978653
179590774
178114633
182239136
164241935
151572740
154240786
65129565
65131960
165507724
172523170
184970750
190532453
198469997
188195627
180922740
176735504
136551646
119833807
67389847
103936287
167074583
184217937
208497606
183793573
185585760
166321937
161789051
157874263
155669295
136356841
76235872
101232896
147097088
166418017
150155440
150580125
184244928
161445792
124536610
147424226
138658675
167498512
157768071
144746001
161414985
129795139
135047003
55464763
70801503
96884846
175542804
195403727
182070190
175430665
193080513
177912744
199222205
162548233
78789334
76207415
155157816
189651448
201515001
199733060
200235933
197589645
198301173
202612564
216994235
141271773
64796757
156921175
193778911
185703506
189441051
189591889
166482103
192851666
154844376
156151830
173310718
194907326
198322939
200339889
200979548
191579615
178918643
218045182
150993149
100268772
74703782
149202016
165620493
150484570
162569856
174005283
159494350
151299167
135649719
167016749
160710579
180989062
155611880
186253124
189155909
209320899
170439699
189721621
166837164
101398674
125218011
71478547
126913492
150990066
167677514
172346451
178865245
164783735
156727432
136574511
105358717
134595436
32597375
94853579
116997163
128854908
138152775
144961647
141748084
170130625
126689662
126051408
159893982
185620624
183294370
172288204
173411972
184763897
189435322
177597014
142919955
213193871
137105948
162575864
183182157
194772732
187895781
189320359
199985437
176996357
146411188
118225254
74829405
32572069
186314933
185276675
205286396
205564325
212104397
177358914
171832660
149802946
77919270
82068806
83624490
202033265
206820966
208071322
212070683
188589020
189688597
191312518
216024300
183056834
203381032
210788629
215118947
216797750
217727371
229997995
236810274
183324313
187119981
33720251
30795527
173816963
169455639
174198139
180847498
177201029
182536006
184880712
199421309
201191278
204105571
206458750
210611829
212217678
215885225
219205720
191458826
196824083
198385549
199450408
206217962
206291988
207532012
214820852
254392920
256226626
164049590
178907394
165124179
180735417
184268316
185974129
186732045
207875817
208567531
210954901
210984715
216199260
216548415
217927360
218156145
191011014
195433612
199371546
201042051
201587599
202211793
204171817
214647717
263117691
265290118
185281930
196882457
200249844
203130139
204232655
206174394
206376960
215508204
242445512
243968106
162695528
162351655
172310504
184928478
158713967
224509712
173929882
114270046
119006013
119755752
106644556
113686623
122824499
137871434
137869643
156549994
183812470
179515672
180367686
175871430
177042887
191310338
170303851
162523656
172518029
141257404
126176026
141233719
128446244
142899255
134733467
114109364
107393617
137119564
160679190
174837887
175576867
159957274
167488305
156843658
144147553
179938211
174519610
178358704
186378519
164304263
150632650
139604852
129157778
163731378
26117047
141862867
199232309
208524027
209925125
190721209
191877794
195401596
206332897
227077438
208511195
67098574
160406398
191634023
189221524
195417085
202955407
223368916
219289954
166612254
193327158
194273495
130846654
166047109
156303109
174552304
149185962
153568520
146412714
37773497
31304720
183472898
194247125
204474806
190682892
200749642
197016222
204305273
223077734
198336553
193122395
167847238
176830623
192004131
180158951
189712295
213020683
162916602
154212814
84729151
90005413
144250278
175126613
165183506
167047233
158886987
155682169
127189420
131668958
65147574
145548162
145624203
192862892
163155544
193766174
196867062
167544561
188608977
162632961
68167971
70695829
186263912
189006629
190284692
193891706
205797539
166645124
169920263
195377412
190276641
98735673
197697990
203093082
173820249
217111072
218453728
218684264
183272697
187702982
201197668
202048137
173819703
203338192
183673069
196536090
185410363
200298606
201238077
208157394
200366140
200812164
173330615
180848975
193439568
193785709
194315424
164656933
163118790
94780381
89640592
97432778
142805830
193652698
201288799
197040531
175636189
184539310
165715144
143229833
157696969
67420611
164324254
181274863
194100464
202199236
190330615
178696098
197721656
178390316
151449635
80663606
98419015
105416617
150714893
167299618
170506408
178642773
157798757
161224482
95349699
91068130
87701631
148881124
165917228
165938908
177331559
164844991
164935149
136653941
137689758
144786734
49455846
181666432
184953009
203824880
206040006
174447258
171874140
177621670
204978515
153737418
207750786
147395034
164531995
160608657
202810703
202658368
197512271
186273423
213541541
205100831
222530773
112574643
148668240
157290631
182976497
184130629
185096050
185740538
190115088
123018369
186150756
206346583
213340522
217180536
222258773
217395268
237790182
228473673
234868125
177082009
104387665
156488845
163346988
182266152
162830059
167907420
135194335
135454109
50740185
52658090
179510732
152463748
180299779
190634310
180300943
188775994
197366969
151057390
177975599
164063019
113768176
116068847
128141644
134747124
131346101
102548034
106946314
166060925
181198903
186207129
196622119
209225885
177288740
160443824
161153683
201456248
51453292
181333279
193438366
205560641
202510879
186515251
187254659
172376099
174153042
182496593
168307340
25634161
184099547
189182577
192597288
207054308
215732031
205058756
212962371
169764148
210325023
183072449
85834467
149699163
141110925
141931521
179137606
134142816
134915339
154588207
153985402
165276720
187252375
178133764
183000583
183542637
175929058
222652201
223240619
134562928
145599075
133039911
100373011
133049506
94135772
70657861
115607046
119193368
163241028
150395182
184199861
194281953
174060146
185442906
174618359
134206171
133592444
107452864
133298861
154683329
162882553
153492034
145403143
157598446
125296678
94022468
48190929
54375144
183292432
180797666
194959755
176112155
179943140
176791530
166740659
125858719
111427243
65917213
173490294
196603581
189026945
189469684
172334359
205217447
186420555
162208927
174281254
182190353
26249456
200638962
209601805
207654768
193654985
212307884
217369208
162972917
200150390
202334142
181406435
139183956
140981800
153670744
150855132
142246589
101996357
129174439
167724107
170943441
176213728
178988579
178733594
179047388
190420077
206000588
65560901
47856015
56423198
79579700
72402500
69394343
70210920
138963967
139231845
127503147
147015677
111486048
117279269
34693044
151002255
179141934
166660160
181039558
155921002
182541134
134758536
122252307
124911851
128325234
131273914
131731854
37046979
34674384
145753041
144385997
158662600
155462048
152541473
104751041
88630597
152166550
175074708
168597998
176585197
180563033
156990709
172152839
168940532
171850179
172836172
172884697
176281128
181404285
181602530
120672764
129266733
122048232
123284596
132329051
52026464
127814835
130795538
131633438
132200449
138918716
39495460
98814475
91080056
103664527
105325535
102922494
99797883
100935066
96961950
99314775
119682687
120718811
120687079
121431722
27356711
71894744
73532032
76201729
26789503
118851026
123875128
124457610
110342145
92299013
98953787
103420816
91606672
93139432
95180569
101206741
100437281
101265876
86164794
99111259
90727713
95610005
74482713
72408444
73387036
75552612
76056926
77177819
49908673
52115928
25684300
31386969
26419600
25830287
42834612
45934299
37858568
35405274
26065687
29999271
27069576
25595254
25489995
25520462
26197144
25969552
