39123291
38734255
39171693
37827828
46034620
45032615
64039862
65183364
45912141
41474343
40674057
63189753
110108179
97919191
87468878
83687190
123675120
130793167
133416093
115597120
78123801
48519921
95602082
120104193
137116712
130826729
113439434
62536190
67197039
121002046
122411806
118294981
114085590
73459869
147942334
142606729
139056432
135845724
154671922
62450913
92450643
122203906
128184257
120867601
123388781
65102521
62826563
134949264
143022454
142718736
119491016
81290193
37991996
63321383
123363518
150289764
131711098
111278645
92995188
75169012
106297379
113693372
117504905
127188203
147590461
128418144
135635013
126732229
123356567
127385563
122532030
133460782
141674593
141459335
144605128
148926170
144071721
121768957
125039186
128889028
136383176
131173086
130494042
118640611
115550934
130961307
157843081
144462168
142763516
147698573
148445144
128161816
113603051
118578138
128754964
126413553
128304198
88165285
55541565
74657309
139322134
130451066
127258006
108137575
38438974
116652535
119529910
144643371
136928794
119285239
65868493
79713048
150428125
153540699
136047789
163370362
69329913
137350663
163641964
162619063
152972169
132453712
192640316
198655845
171747271
172023395
182855664
103045415
155348063
170960608
143895481
154334126
42012098
156199874
157938021
180492584
175237598
149020320
117582813
148541180
153744310
143508829
75963382
38318407
120261918
133263236
116321715
87899196
43092825
49625569
102588559
113026743
112842895
86986484
124486144
165815617
157173606
143140577
148208394
38544764
156477772
170535739
163880289
173778064
133602835
68781664
161919481
171249933
153588218
168475140
74201611
152086242
159673345
161805595
167661064
119725332
144449609
154128851
150513779
150020534
111695863
70303736
126152087
123176232
125048306
100917815
82339667
71493893
99380912
89558048
73774008
67003323
63548801
73489580
81619175
45248482
87172246
126625075
122740634
104644066
70165277
108869917
152516107
162243034
150902391
116725098
45742439
93993981
122550927
130544785
140822439
126325117
55935048
46866555
121796939
141249182
140080701
125147213
93832636
139282660
176876548
169823908
162196213
167174553
67282728
151848909
168947276
161435057
157420531
139238716
69092061
129546052
145391216
134790143
112520672
63519632
109437936
122149665
142799099
140329060
125704740
75132324
45006917
108762377
122498305
124005595
83653207
66045228
88387517
127199563
125426243
117969457
93803971
48919609
146073989
165033216
154190041
141065733
122772399
67102005
110700499
126664827
141212270
130241729
93545092
40972499
137641897
143855316
147037023
125937631
130507595
146168506
152641562
167905129
145033177
141500048
53303666
138535398
128974111
135691520
128453642
53389645
89170015
106862963
113117893
100777212
78546453
53166476
43783952
114521828
140173768
135774878
127854914
107967600
98820984
162288904
148773032
155003546
132831331
100339276
83364526
114938549
122567406
119022096
108898111
106451759
110893394
121597300
141454730
142657145
133585714
100590221
66236576
148034531
158281621
178613343
130318155
136534759
128383396
169646296
169859419
161266220
144417760
38122751
114531369
136357147
129143116
126156812
44344140
46558502
124133026
130135529
142450436
117759648
64916578
38163625
119465613
140704551
130541860
121253971
40638946
110145135
121226937
128847326
108371085
71712666
59849393
143764311
141213351
140188579
116646595
91063770
138965031
178676396
163074026
162933608
129789396
44795177
96095112
142302407
153977527
139668517
131112707
57024353
73221453
131012208
133446613
147975451
112921356
68848137
38968720
109651119
119967574
110690650
77300447
47967632
58446671
93726580
87411863
79544411
56850048
37234475
49456719
86908649
119935823
124145797
91746812
38542247
86326503
141286273
148129337
127597704
116833201
54500696
137764157
148430255
155375018
164408077
123062663
59437377
110300955
143813417
157127865
150555773
110540097
55622823
139103447
152960299
153288168
148538822
128077781
158524733
166844666
163078701
163635722
164310751
121098377
156659444
152199061
153783601
158325649
41927543
101686727
136704937
137063693
111109471
99869153
43822551
38985444
66811290
129597312
122315744
110590418
68004681
150880798
170016735
145771043
162238058
116317154
94758325
149617792
160093743
153231092
145218981
49000585
162435679
178605626
163915893
161547891
139766289
46190294
168605289
166222033
161629272
165963815
98225720
174213157
155752703
182516692
179380895
176519513
70537175
152034269
153746250
151082243
163138716
127494877
167137380
167139920
138703237
153679580
38269168
54700279
59265844
93355650
118448132
121161394
76272003
44989045
105140658
118500529
121112342
112372210
86126011
40483708
101148414
107001945
111167938
90803987
66476685
76884777
159751086
149005162
149583196
133072204
67869609
105138084
153820975
164109585
153860310
128105142
41477301
172493932
177132825
169556299
171420856
141044016
37546629
165441291
163400618
162526538
166407320
114073785
149902926
171691076
161065217
162177143
86685711
56683709
55905827
134635879
152242607
156819020
121625118
107096328
73127144
116374839
127858332
125884128
108489057
72108253
42442441
64053661
97685547
130822998
124252492
120554933
74914501
41191814
135580860
133040777
138600338
126207868
111677797
135239650
152458635
148225412
141699936
141571778
90732240
122634560
140947417
151066996
165419743
75131514
43511322
137326850
147029761
147183109
137720728
99853424
124533085
145154587
137526676
151130647
99435228
70223039
134615950
128808443
119595103
105130779
43906993
60505621
155147010
153379961
149481139
138104190
83462056
54460761
134957587
134810756
154567851
111812284
96367063
150305278
159131030
142066947
156534975
130707467
54905389
127565093
157713894
157150787
158558662
93507933
37934872
118897679
123637413
140111124
110522336
58866131
130261278
168789249
168476396
152426622
167291684
59432277
112520693
156424214
146120491
158012294
136247577
95461850
47160058
42734729
65372318
85780909
89741126
88707616
67927551
46153009
59524878
115077557
131803765
147622673
138476071
107247628
52533190
93758739
102735863
109291701
101553295
62092478
49974491
91308945
113339936
103744968
90069825
56557874
66653669
67904133
73434558
129088194
128398754
125257059
116542227
86261489
89266048
106866065
122902074
119068959
119780877
66527958
59692551
67003959
82270701
78401547
69031080
78848125
70184257
115136477
127531669
126932245
113255677
73261510
39839006
87923607
128269196
130431376
124614911
103693847
64685702
67092814
121030894
123224502
134686456
129944047
99190964
65009976
74905870
56706673
84542212
126897871
143463785
124697519
107716396
59480778
95881748
135899651
128035721
136492588
101520589
52253264
105637916
153418765
154757342
140458016
125487477
44025095
175511035
162601212
173178755
193949534
140828979
87795349
141092443
133540393
138694848
93943866
54612119
128444373
147176231
141406065
129790607
81293167
46844841
94056962
91247979
112288721
98839200
112903030
123505436
132013661
102655245
87620095
42618207
111866077
141438111
138107677
131473458
116937626
39930447
128111072
168717210
157813725
169574872
135016793
39907738
171172517
170859092
168378894
180952146
118622139
123522105
173628146
162356319
170896847
166700322
41274917
135174288
156429863
155295303
173359110
48953153
166772583
167997912
156687381
165211010
101305849
37928645
78541876
88180542
81878356
50226310
40388159
75581492
153017211
145670769
144857316
126698463
64937468
156966124
167664389
167033126
149841932
143946710
78513053
139428616
146680283
138614358
147881042
58561887
92013466
165401523
178998427
192357198
161576489
60041997
105044327
156449809
140004471
152657343
121244092
37033593
164585028
166711952
172876058
161208318
141462172
107570457
151039518
160066674
141224339
108350872
79968759
70485465
86847345
111733584
118894395
104452370
71790973
104023777
107070974
99418198
86613591
58539800
77360927
114525084
118926852
113399136
80148212
53871726
100158059
134434365
150598373
133467335
120759692
59125137
122513901
147150874
159606834
148972439
132210036
43650301
57565772
156560071
171902622
173191186
138575818
99156485
152208624
160604068
160363124
157622347
143282460
75606622
115483378
105494361
92535731
97632127
50790182
119490176
152338851
145369475
133786458
97558311
94831875
145748436
145800632
143961194
115381704
44876134
158616776
175403960
177856961
149803433
130487764
181541474
183678279
171751926
176520110
145679645
60217771
131936986
149424775
142700393
126823889
85176615
137923747
147099554
150042837
148610454
92247735
93662955
152766437
137886444
141005829
95852177
46370908
69147568
81281261
75422951
69628809
53895939
55156498
51337212
39020457
76048540
81821754
68065855
113152876
137513741
160999095
133406727
76749821
37963815
103712176
137293989
137472024
124421271
71738132
38008258
173385233
167539431
182230130
187985950
153470195
165926929
171059886
157293356
176788366
102003042
187118516
187861390
178949062
182728641
176673405
174796894
179337343
185031632
185477856
185400972
130979285
131946291
135877760
98159609
98181521
38867234
70386907
108200462
104936870
60374259
40284111
154221008
160799421
156725670
144812801
106999082
154594141
163402446
170241676
127029900
160799543
63120505
160081159
160460481
166026194
148909097
79925326
181985200
175914992
182591975
175720796
163367340
194065802
188669234
188361848
193363397
190028376
188059724
182319740
174508030
185232857
194632603
145568470
152140861
153755837
117788574
100300009
116431005
131927161
128358394
143190651
85507204
152562702
159315946
151451489
162984814
120870539
126716157
160373657
177326881
148162250
149186916
38248343
148515031
138742215
147544753
141973187
37303394
173896512
179063969
166227684
180227916
148192424
173549317
181097682
185875024
171724280
173154145
170617096
183953954
169961385
186933240
171770382
100394142
144039241
137065137
145898173
78130558
41668205
78002321
115608157
121962902
131753014
110429851
61324196
47540771
117812201
127831273
122370038
82456946
88371622
133877478
138851246
116777996
101909204
51485370
123103645
148846659
146829389
132531728
100061190
62722894
165160575
164719940
164583681
150930495
108339100
94503886
157495372
166491226
151350175
142084330
50496303
121360913
156345232
159861230
166306679
137758205
40715918
103668237
117452263
117032513
66477985
39487190
65354481
102429153
108992659
100409274
57671785
40521968
90056321
120742909
149608428
147652373
134698398
115165614
49501496
138587654
144949608
161569672
149915325
128033531
52536757
111237000
144667822
148300166
143165489
98162194
40250045
146822734
150241880
142774627
129598961
56139135
123889969
155375781
162514089
149009430
154179850
48253430
148564497
154658869
156256711
165467111
94219295
139550062
129832168
135208795
114159895
84452900
131726254
158240232
155480442
133246993
132244198
38202611
92843090
111324163
104024829
64804369
85739781
111015402
135107934
128501690
136935899
81800164
39649479
74767471
132118105
133465268
132229194
119148273
71496577
55932893
106878588
158323901
135861845
128896352
111126086
56304156
137145504
145703632
151642038
153149757
119966017
77683828
108114423
114962627
114733107
68059782
41694564
67408386
59258683
38090316
75788184
161897590
152336754
147533257
125025243
75925097
138057521
136795645
144266180
117918913
91375049
37524542
36973903
111121437
108014756
111070656
85500374
55573921
46553486
128763227
126912466
133405303
112547407
51115192
147080579
155305985
156410047
161516175
95339286
36917792
162201206
158997712
162242630
141996234
104385840
159458389
159536214
163052715
151258579
102496842
90411497
161555326
153547125
146557141
132231805
142544750
160844272
172678924
153060529
107184172
72523383
114991334
124252623
103807553
88472145
68057812
45828538
55191923
98374163
111271237
101090277
64998197
47131698
49318248
89719458
84634765
85025347
64205655
56817565
67278487
100577484
101649244
106174405
90656236
53770915
40971051
81590209
121719129
128937001
113435018
91525605
87601264
123581098
145199305
132013158
127455736
90096090
73779428
105022777
92736991
112142520
92576992
96557625
65633761
70605253
70282065
58241747
55422504
74427774
125665169
103514245
111587557
58937095
112312213
114512662
119647904
115166032
104500707
101240576
99610350
83706249
67203087
118493003
125121670
117469244
89339050
43066519
152530804
154058166
161532028
154313489
127662528
152223201
179129077
156640462
166343245
166151283
38037148
114688796
146993992
159896144
154955499
119797223
37349032
149073659
152625308
160882046
144685995
95581742
153902768
180099845
171627930
165169781
177021569
108624511
138359314
136621362
128292287
73788858
76522777
139178802
135293674
122378219
89919344
142942835
156710782
160125482
139917256
145313790
49441547
139618953
138598133
142821731
122072810
93751918
122727639
151463225
163069983
158249869
143765611
41582833
164810543
169915249
165479964
161238449
125457934
170927284
168823654
175899875
168064453
104148723
175189901
176803736
177394132
191431854
194701633
111934879
117050062
117367163
68542542
40920079
92271246
110751052
122881312
113804928
108183733
67699961
78177435
114560761
119829530
127490916
108061295
98112098
75852581
74882152
62802296
54863899
57618949
96062631
128210058
97273612
86144578
53200567
71883022
129018923
121730088
114005314
96176447
38064697
89603957
120698689
126370880
124272710
55811755
45669591
109477279
154580575
163741052
119521386
143528455
53876384
76522265
115655580
123503707
119856199
89671203
143430446
150592056
134647566
135337248
39151563
73779948
107003535
133026485
135180448
126946134
97284148
65940092
52337643
50179923
126465739
142466214
159836274
108441237
109833772
110625515
152498416
142911400
142646008
91941171
38331977
148029260
151301512
159490069
158074722
125478175
59460090
156255280
163657871
175270071
159176512
86138943
126981658
147224171
171665609
176800948
124766285
156493271
157712999
158564849
159021044
82545122
126400077
138867283
129701515
109560585
101874218
45886638
73152131
101040230
128785473
101015070
106870143
79578087
104431041
123572686
140718708
127394083
63315517
36876469
151449345
162254577
174387680
161636810
120365080
102417495
147846207
146541526
142727370
148994724
42207768
104844347
142081089
151472597
149549755
80186891
36446928
126721170
143504618
144028034
118641291
79778772
65296780
139348894
149754758
153340829
123516580
85574904
102166345
143681526
150296641
145642796
122484893
86553443
122453651
123074332
124532498
104728563
113626607
141491350
160441669
162610172
150266607
140880123
111108397
109957084
144573158
156875296
156628366
158311764
121356685
101956145
144593930
163650702
156958288
161149743
135205036
55216256
92297827
153358908
153728304
144638480
140440436
59890899
153788480
153555004
167622208
151573723
120065314
92179626
146100190
154926249
135667717
178112025
55805840
82483944
128969795
144788655
129135839
117432095
96048117
71696120
42476146
88176718
91594379
101000639
85243386
66157520
40794883
105068564
138919226
141356211
115549317
104717017
40768332
147545630
144994323
162676121
140357232
131532946
118381317
162768717
158858433
136876294
151540725
40730626
176547740
173271837
169844173
176693150
126603829
151962576
163881649
169272290
164544349
102948120
146868315
149981484
145047606
160307371
87228461
73997463
128267834
126040405
104339525
84128550
85383569
110680301
127252954
142943985
138102288
119187525
98891101
116118512
125306773
129277656
116318878
103085523
75035246
66131381
69336026
143939378
147202015
154209942
131557654
94727723
137601474
161623445
153679507
130413302
131300401
38181290
159480704
174787284
166762751
160386074
120857410
115143794
175141664
145362542
168666806
104125668
37804981
162794432
168735285
173495848
157996695
114951685
115633080
121162031
117122264
86427641
67449937
57923322
48354835
74577541
145628204
144367345
139043047
123337448
69562207
99197984
146532345
146383692
123444521
143415762
41741658
72634370
127460579
124338249
123123129
105152456
66461721
73857233
148015117
152578218
138892245
125253652
54741474
107055331
149670106
153611945
161703301
101778829
47909977
137538410
142725107
145213955
131404763
80026388
89833652
152546268
147548782
147725787
145255829
87752841
38258470
84193847
125993303
134655651
159016186
123207841
67912085
39214004
168940191
168114969
158570498
181723623
145739677
46565338
150607782
165439813
157895940
154776558
127098179
132815934
157727943
147986477
168651288
106191837
40378579
169637496
176064794
168507760
161168305
109420487
190794350
176643728
184719482
182480934
163963748
178348661
175203131
181762788
179990675
123023942
105131397
148033868
146952063
148595099
86918263
43631826
97877771
113309374
103224514
96880022
67643303
53533954
38497196
83511304
139726248
151328792
139222138
114302392
60095998
98816006
140797418
141849025
132136873
117454747
41291011
78720025
110608309
118968863
128669547
103813793
67730532
73112882
92094009
109446257
111343303
118794656
101278438
82971279
55703643
48575503
96941705
115633379
126307350
70996505
41375684
93391111
126628795
119874779
128552644
104624598
62202370
39573945
74214762
84377131
117121121
105429906
97694115
74874575
133592198
131138470
130587786
121517901
48641660
132808165
137132646
146897628
126695545
109660002
68916504
124786979
143678542
145867597
120280901
71760858
169086320
164974181
171006419
161940913
119779444
179905420
174407057
185339691
174196668
159318897
156461100
168093611
178038113
176699970
177787072
69951885
154853990
155341351
163553263
160011375
48457163
136512886
141791576
146946876
123757505
132510762
46219222
108064097
127788190
121008473
92077423
121662792
132118098
153750138
152503126
137094720
77995286
40506481
180927352
171037929
183900828
180612243
147883628
167148107
176661424
163874683
177242178
137562437
184526532
178706346
180325612
172001007
189238767
173205758
175847130
167001672
171378013
179337764
141034068
151931964
175751587
165371588
176520926
36819060
99756348
142549351
134950787
105297818
110707766
37569143
98304270
107082738
119810885
110442552
111553117
88389972
89491482
128418672
120637886
127467332
89278027
82517081
66674031
99944361
97805944
107683530
108085999
86464561
45892218
140436711
137083533
152968623
149667320
119641484
141498659
146001940
157852032
177975775
165277398
42489808
68517704
151894004
155243277
154712764
136420131
80701285
122001412
135113504
157157438
145260210
113258989
76353395
97258847
101051235
106312317
115556525
130834168
130126043
121961545
85695516
40065619
88710873
137829997
147815685
140344775
136917675
57337803
162309999
166704085
157707508
166484994
134365006
68989427
176780029
149233548
168822064
164529591
93774703
73557605
160303938
157564888
145485550
132301166
69128201
182181157
187480708
176601218
173810807
155842015
156185797
166055572
182778111
175667285
171850509
93054519
146855515
142110932
147974427
84230872
166725697
176993337
173145119
188591944
160490771
118745192
143022453
164252380
165050502
145680803
124731361
122894959
125011306
132934197
124575472
121210333
105178935
70397983
109521070
106784903
120919156
100335417
106878865
84567006
92883537
114378683
113339341
129189025
127507879
118835722
105598035
105459196
106751402
117505374
127584262
115755536
113874665
99566544
114038610
122611934
147499081
158909329
133701135
112827340
66006035
76902319
95552876
100861610
85358149
84712987
57006776
44579030
134327018
136216777
125663432
105335137
38796362
100500612
101560317
116825949
91241877
79215861
65441031
71649799
114628867
115265855
124641617
88447790
40710122
51884878
132199894
127559976
136476075
129405975
91341061
156236405
165690614
152055046
153725725
146594704
87144431
146999662
136571837
138871809
131876328
38546017
109570953
157789244
147282478
165136500
120398504
47068122
150606235
149005136
168819621
128690389
106944062
38021846
79179597
140139168
147578977
137521399
108215378
133496342
144562028
143253532
127608301
78624550
121010105
142804235
163942200
152912456
122089357
37703242
154703125
149061831
143766820
125860046
126861858
157254490
177211266
187711232
170831582
167121691
120207198
152646225
174926241
153591844
179815260
37115353
162805469
182000163
185820149
197672736
129390282
82419527
115329831
122894451
112218778
79966421
58739342
104871666
102935853
94571090
95917287
48291977
44774016
55483234
67808707
78485649
56902693
85118733
137021433
146721181
144081926
145048802
55642077
122220142
144898873
148758953
141375773
68657809
90991024
131488949
148924913
149489936
136028528
51429187
38826853
126252575
153913460
147311750
142640476
96923583
87207977
170622409
179869091
164649966
155461466
70640910
138922396
174249575
171839904
170360471
149226282
41069575
137910814
140820773
156087944
96394349
124172309
38097141
122878504
124678719
117872940
91134377
56727941
124749593
131697725
139215792
118638783
71988673
63513681
128099963
145006901
127965272
114021240
40965800
55345332
148332881
145239273
146255320
129302781
93679312
124237542
150290203
167754655
142244183
146668837
109032506
166844577
158962160
176569746
168034171
41974335
167393505
167299312
183042232
165880484
150310087
149240691
156385379
152910154
149235398
102683649
63563201
50228311
59565164
68623700
63441404
70725755
70894157
69110424
90714425
94212727
86242483
165464347
158971969
175889251
143142721
139010505
56578260
158977192
166813616
147032466
156790616
104731031
55562360
124807549
149856056
159918303
137828483
109323922
128834367
161752903
140471479
159255614
161508951
37564857
163642398
161287917
158924293
170105368
128780313
127001257
169970128
175944122
156405642
168540179
37668111
124375023
128610565
118184409
79479366
46416116
99263080
132189452
129268024
120800926
86952916
37584377
144001235
161630773
159037172
139213122
105456434
87306578
141123643
134385008
131864463
96854922
57252100
109156612
143465940
144884614
138311656
123944741
76759508
177876088
164562417
167753872
154631436
75835086
120843515
159812043
156878046
174386737
148854031
37935531
154622543
154533576
172813871
169333310
127126409
137247059
155345566
151312115
139008634
95487088
73088277
117835243
115249412
98741374
71179214
62914118
142832590
152169272
144581028
130398734
83084577
102095026
114428585
124441357
112698029
57042674
49370239
125012786
147106097
146996746
136457983
93816999
37861392
153075763
160792544
163363374
158467386
122647430
137807651
168832714
181135744
156537407
167545455
40840231
165348741
175368824
174484901
175373528
115209171
90833456
127493640
123985524
104358062
101702747
45110845
37521693
111382276
119519095
108043641
96407904
47598957
117912540
129000701
136953980
120852374
64435178
53496851
69823325
112689511
121822342
130966982
111677545
95665806
47942657
72675576
148611918
167967964
135380904
162791054
84731855
67976651
136026824
142572800
135032267
124242615
37989838
96305955
141279688
141718956
167065834
119378188
48950294
134798091
154911853
152322260
149254060
130473195
60550491
107246066
101214862
108247946
101429002
111155307
108699254
94638169
51469322
41592797
41351414
50342725
109092084
144310786
154140169
131506510
90398123
175235848
176406321
174382995
165114614
128736688
104844360
144405116
139982529
154192468
139458905
39257093
62531663
149513309
144633164
139122952
118630516
44607420
154914734
160711508
156929819
163417739
131844840
138050052
155773350
158713315
155728855
163382407
83351255
153587419
146102330
147831930
151864813
59124189
66369750
95610917
100661495
104826317
95462802
79959014
75213639
151140664
154636867
157771887
135516955
75940276
109844231
114964730
114584082
99222701
67334395
60263241
104239507
127067076
131064748
102649929
78527598
96859171
111489353
131588892
124355646
101794843
77012485
74301010
100588146
113301734
123827566
105444425
95769515
72126860
75551629
60001566
83731894
116250433
116310583
103345977
101451419
53024263
43771640
77584016
155206112
170629399
151499556
136013235
82881771
82324643
132611739
141056249
122773775
100626445
109486359
160905271
148335525
131334567
144648285
38486630
143734984
152607387
165078380
137412165
113328936
178994838
191126922
190340037
162763544
165691566
125012376
155273759
166574035
172422997
181360328
55372009
189701454
178598525
196471126
203728077
160727484
147681055
172336343
161389872
144358019
174162184
60611926
167342542
172514697
163033373
163492391
83309180
107880794
118172173
150350952
116896836
130945499
70163898
37345973
154289460
160356722
158812452
146677610
113488568
120432524
140475939
142768197
134458408
63063825
66256778
163305657
155572620
157915781
124123493
83297372
167013914
164316286
150677912
176168290
160163687
113333841
142533988
140217504
159277313
147646485
38590278
166664247
169834323
164070530
170689557
135708615
183760304
196008286
202086186
185874283
179065677
113179320
109501555
114668678
134351393
120713500
107767952
74325345
37619292
123020361
135095444
128604132
101810916
85561421
76271757
83439055
104097902
155099390
148480739
131528046
111725548
63653150
79443742
110954199
123078072
123768795
113373636
64077597
51450284
95270273
127487009
126021399
108453781
77685053
123553275
134628354
137950414
135691582
113401398
45252615
55545925
118012177
120973636
133176878
115653836
82706440
57330600
84458198
111748602
108061113
92212885
41918736
109259758
129441527
140792892
127307113
102164265
38132157
78009367
118777051
117006436
101602747
115216570
78654812
83350190
70565679
61587531
75041834
99081776
95393701
93711873
62954230
68754131
96298257
96603726
79261216
51354867
59939358
76631896
84268516
77118036
61084838
61714969
99501990
101705435
92816298
56177723
58855961
105454613
109195473
103070341
43424574
52491071
94126734
105598494
106571985
49178383
38577316
108650356
107189450
113955129
85919086
64605037
93824658
86507816
52368820
74535528
140666601
138145653
127350280
106064415
88446572
104313331
97981576
104876349
90855182
92648106
91560044
67683468
73299652
80977082
111456912
104309378
112687829
91124913
82175358
99965204
96115821
99183713
97433444
97553168
114501649
120563110
132059875
116132702
101178565
102640453
83933430
73090338
71977835
74675203
68474263
66316384
63339647
51088125
51495394
43705016
37350660
130471323
135258806
121066094
98582369
106878835
104550526
98910139
46276189
102303519
131016032
117644163
100264128
38814323
72120407
68880542
86980346
99284781
82393994
103074825
68181075
62348889
67968403
68422112
68628468
65181171
47089415
98581787
111601847
105277650
60019865
39953322
122769571
149439824
147333700
132444782
109389125
54621086
136743578
144891971
144264940
151950704
92139128
62990487
84395979
86743343
76825052
101698102
99486920
132715453
132370778
124988671
119919139
81136945
120211680
130134408
145865765
151223901
165967347
110836511
70030916
132878255
129500596
140705185
113252355
88769265
104585956
129598941
136180689
144185614
118716153
58184235
38135187
82555434
137952486
134063875
158658318
123346573
59860116
85526686
134995705
139248612
124118601
87966878
61594416
140820671
159610728
146037213
133292505
127133169
180427347
184028163
178198253
170770316
176116096
45564008
65961120
60924173
85312147
112838838
100813027
80872811
36999615
110667483
126845510
137393581
121700677
95378480
95765390
111536444
130776379
135314290
115582866
73349849
59179806
116508109
143023712
146571822
119789434
91238262
175145939
171077803
148102405
176953338
161404902
88741213
153227831
157521744
161192741
150953705
41094479
63048639
129732114
134964820
143305646
71127152
37941337
86258111
124411008
124515349
124244479
105470958
37673327
80854333
112632461
117380058
123461090
109680032
87122826
62996151
77776008
103848785
105983278
109788079
85807064
91641777
80058710
85205472
123009359
127521813
122529127
79922149
75180308
129066911
148059142
140643245
123277614
69211140
38172568
82707777
121676670
136993852
125584289
100951105
66367355
134241409
127982981
131909604
113288807
45698522
101087508
146686604
150747718
146446118
129759523
46667995
116947441
156805599
145800771
131463435
125269080
38439752
68790576
59165807
56116362
95648278
126404415
159963170
148966292
115374929
79022041
46053123
126893608
139003593
151533112
159591527
128874243
78316361
46000379
108807687
146107728
158423281
139675559
107309625
45097123
57161487
114664428
112282381
115194028
94228086
67329929
48525452
161864747
152834011
146525036
151350670
87681428
82628216
154795126
145303306
134752211
97094602
156515194
164737554
166169463
147734879
146211349
122191007
154836565
143596250
138045219
76757055
38451797
106860378
126974264
133042089
123686743
78704017
88780740
134653648
129549596
128995549
85133656
110956545
159701695
174567006
157511591
137208247
54966514
64715451
132592753
133069454
134382610
114038438
76339904
38663009
112965524
115874761
128651046
113512365
51091146
38811149
80247178
114425736
113782551
106377630
115635915
104479488
82621675
96294454
114021405
99322557
114770877
112690581
82457466
36863701
38760306
92761347
101577787
127193109
102778647
80998444
38199883
93221070
115916410
126345468
104789909
55192503
48961223
116703984
118578163
121489264
109177180
79014966
97487455
150357136
135903983
136686707
127095624
51732694
43178796
116176199
123289002
139403210
135719889
99835195
51632522
99182533
151378334
137676232
153197096
114484314
59044810
143050921
149990870
155632413
146058105
128345922
59245382
147026333
153597369
160444106
151618351
75343748
69138385
98392076
91392930
65431087
51832939
44552407
90827718
106773111
102565965
53074740
127145944
133200430
137452399
126317248
66238866
64990995
118955514
131971786
139617205
106664626
82922944
143507281
160044652
156569066
138898308
118835825
120768637
153223563
148510523
137712075
98734496
37838908
141452283
168570993
154106267
168593166
105860496
113519217
161349379
158973846
146988426
122521249
42815592
152449137
170890304
160355152
172853835
124415839
78148651
90727402
109011618
102251914
109576420
86134948
89462860
74481884
100531730
131431597
152763386
129996128
110727856
65517438
82542842
142501326
145461846
136358549
117084660
59576179
93019483
148854982
143432909
145508930
132077881
48018000
137613150
143558907
137089586
119700419
95998345
76937871
154852776
155188281
149087715
138883383
64900740
160644704
169127453
161686080
180761698
137170430
88650258
151549764
149611569
161915950
151396846
90593369
88238579
66165677
96311431
115504176
108269965
102726798
57399945
95024011
136533191
130228367
136574668
93977004
56226439
63324008
102780665
102214828
118893498
127660210
134609515
113688385
89932193
67854530
60447873
84170398
84210334
90249089
103242691
88742441
60636101
94715480
135151526
130117034
121139914
72992214
39249225
108783316
132135739
132629021
149216062
82167239
37892212
74366556
114667996
107155979
78586015
38288201
55664640
57576182
44872889
38772401
62384666
88565350
100476828
95393524
74425459
64049277
135177712
135956296
114977720
127621900
38284427
88263022
113517261
118949905
102959537
69570683
72483170
133489754
138979555
148512803
107785732
96405656
106965368
129012411
133011526
134768637
120851045
95102933
62258109
88069624
131182021
128563333
149170567
121163809
83963300
75450884
122223617
128191809
124052351
106790261
100667310
127294497
122731707
128127899
110679368
87451118
58562972
57646459
68521439
62132151
44306691
161963824
181383283
165261822
163371043
140477797
37363664
169587554
178450042
166067446
172542023
123033515
126422276
164580036
167850760
170527187
119883910
40552872
165373842
162788699
184448527
161263303
100015019
76788169
84137391
128524187
142299708
143983357
105503385
87503327
124825534
143386576
152935829
120724437
126584360
60149205
152637812
157225609
142943975
146900093
82588142
66061282
135405293
120242074
128651812
74227166
55379288
111696389
135270272
148327888
127456392
91777571
49495457
130843448
145096117
140491927
149675011
92715368
38011356
160352252
168407654
151793776
165908288
117059892
153080372
160954133
164481112
162064809
121166637
66454246
171109458
152534744
166930160
167513717
76618773
175808963
188824094
183285367
187808738
164256800
183130072
182370011
191762304
182372371
195036017
80853856
138224990
127633352
135180079
66723413
38668082
129210578
129593207
144653964
107809947
124079217
46372228
85725536
118149512
110158534
97124984
80827514
97415373
134600393
123985429
119183211
91461166
51339590
85546081
133170054
127064147
119087804
81801224
53149396
143508167
155359357
134778037
155965756
69189010
59352287
142806215
161885504
152905780
144358207
85527233
148514738
153185617
151200263
130685632
87625480
137852163
156121654
162769822
124106657
155300459
37945609
99756342
99254399
103635411
96975511
56856296
60988378
60101730
83190323
110215022
105845213
87050754
48026003
62466306
109645817
119578685
121165584
126026872
99188350
42739957
54108346
135635155
126704358
135921214
109454151
76152686
145522136
161012585
154874016
185884834
154072146
88764053
125913103
153243085
160918826
131853960
117239675
36985854
141399206
148549470
146528016
132309011
92412103
111603770
145300376
150443431
139156079
148871403
55976776
62924560
83523293
139835531
144043422
121393711
105778506
41079560
135441346
139186791
131370280
130688564
59059150
162336478
172326910
173476143
159600398
154984332
144946208
151012244
140208348
149634275
93606842
146670784
171098693
166976610
157779645
134703094
38081914
118021400
158377763
163741089
163706699
125529178
41737195
169049947
180731945
186271778
177305690
139003352
138983854
172999316
171919711
179923241
158835515
121045774
117709419
116873220
95392224
94203397
38720572
139868743
146306169
164435742
133273724
80130060
166325916
185897510
170208111
182805760
144184987
66295828
134635601
116220354
128127348
70800321
50775180
116994104
121021644
132103867
139032770
77101515
39370701
140978870
134387261
137089241
104410421
109553411
124499458
139696794
137708912
132598993
78256135
96411262
134216649
136439669
124695694
90578281
47339838
50838727
52806463
70210063
98368188
107543782
118886661
88433531
80668887
90868947
116581479
123033735
106734355
86165269
72092573
80635144
138246508
152244368
136936687
121166286
87382851
50197935
109249292
117985677
107031835
76579357
63464246
79051922
121861192
116349012
106060608
129003704
63755049
58182962
107714848
120674558
105291665
124764044
88388258
107248309
99737801
87812510
73028264
111982450
102098101
122067144
114432453
85947347
79772441
72239855
57684978
53747239
99074343
103128221
127477647
126835594
122312815
104000689
114020596
104665641
105058444
96107857
65859758
110213923
147367266
145281961
138230995
113649290
37302094
125157336
132752990
149395338
117823433
134721809
36995636
136869578
137505357
142261928
120769358
89553894
147397485
156757084
164301508
145284145
129513066
45084727
119710071
156813579
147037956
147988096
100242443
38616905
157445849
150849997
175122692
174543319
107094078
92406609
117505277
125151197
93773236
90165592
65272038
85634195
134371641
127524444
127823965
80911772
39065453
137152591
147178940
140609545
132770909
67994454
106206025
144007556
150571130
138446881
168421569
40307290
45663313
84868486
114625638
125392929
107517815
116734696
53430730
95120614
120756591
120662044
130183154
103824286
58559079
52442191
115360280
128386359
141842384
123805944
94484970
100583429
131562971
137513527
136332994
95666650
42716785
38541747
39860988
86637625
132078230
140808295
116938997
89892176
51671547
118804464
140302081
145384726
125275707
94705681
41295944
56651445
89100294
105072481
101236123
95867577
76881127
78864434
78934287
91114174
107234629
92353497
66362703
49441638
46407848
72354187
121870486
137518536
136420001
126589919
69330892
37455386
150474737
156253655
160708947
156851489
79297568
125470694
161907252
163124704
154493940
124901439
76617163
137666900
145232365
127372440
102122235
70570528
56857694
119389252
182653032
158826983
170034263
129920227
77726911
74290860
89946047
134968772
133889188
127533125
102699123
44320642
133352948
133189881
137968188
135688282
110757503
117863971
131597198
141841431
122198137
121935448
94362458
101706602
121009723
106718189
109380770
100078040
128017838
119745341
122832435
109648148
88694132
77687444
92928495
111686475
127977925
120921304
107936500
49226136
72383947
140997559
154784365
131903869
117165429
38500618
73332477
100894298
107486584
112607741
127040300
97196978
90682073
100366869
118077025
113871679
117048627
95195850
73149511
42552963
82797273
98790594
89866883
72983468
69749593
73492887
54027482
43416140
51708884
70821650
86681491
80391221
78854025
92032636
85291159
59085214
37692180
50904843
78558589
120634339
116967129
107921072
82573598
54867580
121281623
139009035
139471046
125233395
99310144
40289603
95553418
144019054
135626119
130952810
126934352
51501115
38296417
86749766
113909486
107760902
82133236
74629743
93384500
90468678
105080226
95379439
101414301
73962355
79291689
132041951
124508524
124784205
105624511
63019559
52278878
100545567
130290847
141326574
137877993
114621530
66928705
62336322
82911877
126263628
142357959
126206414
109440808
72032889
38282459
124467125
132335487
128305735
100931152
75676385
118732782
113284111
106143702
123947376
80772663
67979433
79682901
72323409
56950365
80787509
101637310
98095111
95932703
68339358
109070816
155173724
171240341
143065687
124577021
37255959
168230835
170247691
174703649
168660837
134682320
148647036
146327311
154985066
156653357
131188633
59739724
100885427
139873936
136764705
118451174
118488575
177647058
185052571
181045629
175237880
162049743
188954881
166003359
186322765
189015443
184513819
184371192
183180268
180269328
162380390
171777095
164804245
162598935
166112824
168039752
173992805
57772968
86344128
101210744
114101140
113821990
120984228
103284068
73275532
96549247
135686191
137283345
116654595
107485404
47675629
91369831
112662041
130402315
109472512
85766475
64104193
81367753
79289038
65053345
55011715
38645991
71392905
104208286
112855467
118209494
96026460
91282456
86750445
96169014
100694241
85956044
78002800
75275526
111592959
132953832
137712109
115779379
70514784
140514394
158937789
155867813
147449581
106620946
51978515
79388653
119183220
106969737
96456007
44112823
39679330
54457539
154250537
164230928
156838864
167242906
100767284
100743890
160952264
160851388
150205151
143926584
44356012
86020534
135747503
148032366
124491178
79743880
40793705
97605529
121633587
132757880
116670168
125717068
99214884
97601878
106305738
115286805
85226325
77409738
69391076
124378053
145420742
136879311
111565789
108963144
102365108
115251907
115562196
104372857
69391914
42904824
100083287
131558902
134921375
110387350
124836470
45407820
90691123
119486786
117660179
103013855
89835869
68722218
112107252
102605497
107081287
119612773
82143137
58101285
76687790
90772683
107430278
53937788
76957094
92652493
92659408
88711039
67665390
85710120
124240493
139772758
131668387
152925103
77911068
44973852
64768282
128007851
129799314
134877601
114224697
73857260
88209866
165194901
144834940
145405200
148675384
67315330
38540073
117808685
154510500
150193059
130170351
109402670
143013005
159230419
158462683
161262487
99903578
113800313
156529848
155387816
148435877
119965135
38584073
155987414
165741942
175637697
161083784
121099432
109618849
146929986
167551161
175532779
136393961
44117093
117866036
135945366
150184531
131535177
104439703
61200144
123402477
136949211
140710591
127518510
80692119
120137135
135370199
159394499
153619337
146874437
116937764
60919119
135077063
142830096
133829363
132711791
128484953
42609776
144341939
150068549
167151432
145727643
123571536
65061776
135109563
142630653
146143350
118388820
84971233
112055419
153279869
149600029
150092316
164834155
89149094
129264578
152982737
147046801
148562806
131352105
51051505
112357437
112990977
122116813
133950543
99126854
46489529
65566741
115203962
115263110
110519827
44157039
42651023
69571268
142431523
135725540
134647653
125016535
73484407
120934132
159399527
150301614
150123081
122954842
50274637
72660635
113220392
108328062
119103329
113867413
108618244
88988197
66113731
63855212
88687546
138299937
138275435
131788061
119151633
85110307
124821885
142426150
136810846
116541787
121061377
40511761
109759113
128302271
133283436
129409827
93919320
58977698
79840770
129417425
150515749
144086858
138885409
120634680
97079593
101248781
108432172
124951654
132388273
128182230
127403754
111697292
111473738
88391141
88526040
92276918
139739380
115732668
127491599
108226656
71398702
59550152
61309176
76411704
131037585
139888163
140615530
124409278
76429968
38080478
96746804
124583101
116069527
103514452
69907956
38645553
83387932
139417966
157535314
152582992
130703500
66767970
79449566
99864366
111288927
96016980
64838301
44498097
38603873
54215465
56917068
75981118
117072552
115375094
113504768
101527277
80085262
53065744
65256848
97556067
108054709
94240662
97022897
78052083
64070878
52898635
101894654
148907711
162047775
153551724
119062263
57899415
38107968
48739345
98829146
108264560
100747728
50901917
37525771
55059043
86274021
104875920
103711269
83105066
64699536
147109839
145268560
148980186
136980996
83432774
92191388
149504982
155764431
137351735
144724564
70036823
37963694
147361472
137904497
142893024
124819368
40648942
163106849
180658572
183490328
181049329
129248319
117873612
163707719
160766797
172534139
157530122
47601165
158334386
177088627
165298549
170532062
131583810
53176783
95186472
105157201
123250022
80755213
92205345
145057768
152255139
157822846
158908295
190382215
68351237
50666857
118374679
150869896
144906801
137466799
92150489
97348184
161399598
165097959
147699723
160685633
52578717
140632647
138144931
130677650
110655411
37888347
54421180
86106597
96611891
110436791
96866406
76772224
38308255
53130086
87815787
129041966
128304568
136775364
106595239
62773165
107018393
171138058
172406249
160589961
158775304
107055025
37874859
55673754
78030890
103330762
116560815
92226421
79532134
75423097
75408908
75579233
84509122
115675136
134451391
111663950
110130228
68398886
65730923
92876425
118357002
120347554
79167261
64679275
68537570
109365142
114783879
124947108
62419022
99661147
143171950
155090592
159356792
130482731
39107362
132167378
132252712
132551129
116191828
62200264
130300280
163408323
178993614
162098621
132550862
163983109
163030106
149625046
166654501
171190197
133751468
150543381
146036215
126349871
125087531
82914438
167234171
170899073
153253101
160452583
105146996
46906829
119921662
147447658
151698994
138400836
111638685
42537356
125140914
162262060
167373781
159241129
114662173
40668252
130673628
139349905
144442312
116160082
96466809
125448921
138547060
147449395
121770686
54098215
84219438
139742444
152310671
137648244
103004181
60896753
154696327
147892685
161176695
146246333
122764559
44255999
41613767
38706845
72981748
131367047
140658680
126354170
134963919
75036708
97257799
107614468
120237993
108537986
68276730
52273732
78796224
133271371
146778368
142383832
127720558
73745304
42302243
144701881
140753618
123251035
132303138
134613408
151869067
168981230
151091087
135682704
84139747
135170992
138390758
158846027
118659909
107120504
60494766
122082183
120616588
143104397
128671033
86794027
47098088
64819212
138904430
146537073
142045881
133538082
84060114
83684983
133235714
128424605
128944161
118804308
67125904
38300693
98671681
135384507
133691341
115512401
93583384
43069427
120746945
151851463
155000656
146430038
119730977
41342418
127879969
152522124
158541122
171571306
119562998
70665467
137612463
149642974
139673256
118674815
81551548
125159555
130352902
139306291
135294559
111513716
58202710
62209688
123662862
128575522
119977126
86574186
48569383
127671871
152372321
161477879
149891458
98398193
39044659
67675582
63731283
142858436
138440311
139779931
116955080
102047008
67606952
98106203
113647627
115444416
99310819
56652976
87779444
134577281
136139206
141402909
108284551
50369336
92248714
122430820
111547947
113084303
72191643
68050876
96681276
105702712
100458672
79167792
109753826
134049333
131983212
121353960
109090639
38451055
63791245
146521142
141800910
138035702
105279082
112872381
149548275
155311383
152748928
141246234
38734626
112092253
135230918
136836614
123901442
71788541
113120002
143605917
147481395
169615397
132670222
55803920
69206717
135391473
146019264
149383749
134037100
81568951
75019690
135802742
146848633
136403892
134762041
102418230
49460935
94783492
134622806
139504194
140772229
98322735
77230078
153788464
172596803
172031639
136822259
75364772
128716026
156360067
154426530
137670503
123219270
37875764
117099628
133042797
125461228
105130617
63349660
73485742
122721138
124561938
135170253
86127050
48356877
84485864
107965177
119662855
121433935
114637020
102864728
105054311
124370090
134977271
141073607
104430742
77195813
45123073
94887349
134752339
135024354
127846127
100084864
45166369
88992676
145013735
134659265
147116403
111823083
53572845
85576560
139182119
139941246
123590478
104332308
58368823
113221044
120278485
144902831
128227939
102728847
120479320
128132121
137998166
155556991
136596540
96817301
58643733
83350316
82916456
91027055
49107410
45567932
44027341
100805407
105275172
111594196
115441523
120219497
128352708
146178174
133542224
126353491
70367419
41273436
104777059
149464401
154909737
155636798
128987432
49769359
157949630
157942350
159006323
161431851
141109342
140472881
144261380
143640532
144691018
57032454
126509637
141772118
156632361
143750620
126772967
51438565
67214030
145333969
127977036
149876804
121152146
89877143
68143817
100848752
108271260
101806925
54910933
50453771
51548626
63080411
58996072
88739247
133059599
140215974
127832375
112008352
57150061
126608794
138652178
148209452
142324314
89201314
40975190
48950517
118970154
129884197
133187163
97572765
113008451
95193166
102752708
118647124
109592424
89863158
39120480
61178330
117034511
136660982
124674085
122474824
108841620
62415964
48774725
76642425
141135109
145063865
138959481
124302512
65014583
104810693
146360681
144969690
131024457
176091938
50019634
102530357
120919562
137194378
138836589
38257519
67670244
114993615
115439397
122456422
98588483
73030529
52664717
104336525
144139694
133745483
126394160
53144281
132000959
147048433
141205888
134842375
90196633
115886485
154427177
159110005
180408139
151970548
64694234
112598263
110212229
124423900
122750634
125661576
118431204
117279272
93579120
89063749
109507422
110649983
118017239
105969377
100758113
80697178
94932916
62722488
51158619
127898665
146924997
150009027
126046622
51329286
59445577
143803281
152804575
166353615
124780116
88629673
65580531
160357636
169438017
151522689
133024908
82405199
112310242
150135419
155509743
122032202
153064600
38093558
111669398
150515751
150529335
151261282
103530056
37887843
116281951
153279673
165713933
147972094
119345893
37935885
87705131
112510947
132140042
101795873
103688027
56899244
95072734
129682976
140567670
129295676
115469116
55591248
43972874
78303694
94682082
96092809
60143949
76284204
106206757
114542437
109433626
92667339
111910142
107525702
134052945
122667401
107362399
99116620
81006792
74399535
105004870
119749465
128280284
114686460
98959263
86886372
130640935
139083194
136541419
109450863
63838271
130518787
135232659
139583701
129220671
107302754
52050232
90014837
135538393
128022169
136327909
92562202
124291871
164935613
156509550
153975924
140753086
69288436
106440440
148081314
151699605
139879441
119249426
39350364
74235320
122844821
121863764
104855349
68414328
76027249
136636800
140600137
134829131
120681723
64939486
65809278
129537677
133758418
135388293
122422528
70953450
64227325
100426019
128612474
143403421
144205317
116691098
63433326
99365456
117951463
136728589
142191775
118186495
37162006
106678149
155019742
160373436
142000609
107139224
158697005
155018604
161286306
180754099
83919924
38651503
141480111
139770164
148813964
117565957
116768179
126514753
136367266
112504103
78556002
63137122
95543808
103166432
75949079
50575296
84584164
118691774
113860048
97901934
36842810
130232426
130003713
134146081
115676960
38162021
138315105
140713183
134917096
122767272
147976751
176065766
165835197
141901257
155923587
54607653
77967038
60773976
37325720
63300014
85501911
76358978
76077707
84641893
67981214
37800644
70179165
79249242
39844426
41755038
38660562
38401110
39279883
37428788
37936395
38967313
37502291
38141556
38902132
47518765
38178340
37996634
38011717
40380535
37647293
38930780
