39300430
38911754
39301196
37977226
46219146
45166290
70220810
65338296
46051171
41566649
40837476
63271038
110627090
98086865
87626121
83776407
123770796
130917531
133513836
115687311
78223725
48692811
95709817
120213499
137282572
130933226
113605802
62621602
67427824
121182048
122521865
118369714
114206824
73652701
148377590
142772995
139167357
135952435
155243294
62590435
92604816
122355230
128307816
120970306
123847648
65209421
62993070
135117463
143214371
142873994
119598972
81444639
38098822
63479196
123527481
150894073
131843442
111375690
93409003
75265721
106472584
114326153
117636420
127350502
147750800
128532250
135738822
126889110
125811614
127559239
122658953
133589326
141998991
141603386
144767429
149088232
144243912
121879084
125198293
129065939
136661651
131338245
130599623
118732417
115694225
131145243
158187957
144551213
142868810
147799040
148568334
128339715
113774552
118846494
128922784
126498422
128470662
88350373
59895944
74853552
139468012
130562091
127497447
108241030
38575538
116818819
119634379
144827234
137053602
119410025
66054550
80045853
150540100
153662938
136152485
163972698
69500609
137496696
163847150
162799302
153083947
132607456
192968095
198937395
180275493
180518442
191429946
103195142
155447151
171147993
144044443
154507851
42144773
156327948
158045489
185043946
175410030
149139245
117755742
148649579
153918339
143642995
76268098
38442643
120422335
133344063
116473734
88039483
43169115
49799055
102723824
113202047
113002440
87151438
124681828
166019004
157334429
143279792
148377950
38667225
156633434
170611888
164017580
173914766
133738523
68928403
162013563
171447026
153743478
168635749
74375281
152180696
159756632
161937476
167876874
119909664
144625742
154234041
150605766
150157185
112364613
70483567
126234161
123296723
125232218
101022232
82905560
71624703
99508168
89788039
73857208
67179845
63622137
73628357
81697961
45423423
87367818
126801878
122863897
104759893
70348678
109062612
152608381
162345357
150993617
116883205
45844676
94254946
122640171
130654170
141013403
126463513
58085997
47052323
121955834
141395038
140180591
125314383
94490836
139450584
177056561
169910169
162296624
167322275
67448305
152085640
169107278
161547198
157516508
139339518
69226727
129650073
145536854
134937714
112738283
72102395
109537771
122475747
142968877
140533080
125852643
75275843
45168349
108929363
122614684
124235007
83754084
66128328
88555329
127361229
125520746
118062874
93889011
49003247
146206724
165666462
154336892
141159106
122953168
67256277
110840171
126757493
141357186
130372765
93653447
41083184
137735339
143947306
147171962
126066273
130643693
146388327
152733747
168338261
145168552
141619812
53461200
138682085
129091293
135791256
128593931
53565204
89257870
106996620
113263124
100903602
78633188
53251313
43877680
114659356
140528152
135926487
128031358
108289030
98901674
162602635
148914552
155177241
132973616
100474931
83519988
115081179
122692854
119113696
108985924
106972502
110985090
121783067
141615640
142822678
133674008
100721251
66306215
148110649
158423675
179062044
130437695
136900527
128597441
169809637
169975122
161408448
144559437
38245805
114688858
136539668
129232374
126320073
44467698
47002412
124259094
130283419
142619467
117879013
65028517
38316901
119553005
140786000
130655142
121397446
40777387
110325857
121320592
129116764
108454375
71855833
60002165
143844172
141308324
140260445
116802354
91153973
139109130
179169023
163210466
163086877
129911385
45000358
96619654
142386169
154169167
139763196
131255743
57098656
73304756
131107826
133538596
148110871
113004623
68947022
39100595
109737509
120235052
110830613
77385007
52253940
58571343
93861347
87533278
80195942
57158554
37307798
49549792
87024482
120050147
124260642
91877624
38665474
86407761
141455047
148274070
127763240
116950887
54627194
138090222
148521807
155617189
164765965
123194279
59540186
110404421
148039947
157376090
150867305
110680706
55706584
139280710
153076332
153367223
148671614
128181815
158707130
166981461
163198465
163776307
164476872
121227361
156809081
152311450
153921495
158446066
42092535
101809396
136837154
137207939
111325153
100052704
43952574
39253462
66985337
129750284
122444590
110719978
68099045
151035827
170437307
145873553
162363997
116426616
94896112
149696968
160234365
153312758
145603214
54469502
162633178
178818214
164027969
161725997
139886231
46345106
168962929
168662140
161761182
166102817
98314750
174391467
155851800
182631825
179514737
176642728
70624793
152181163
153899778
151201779
163246800
127637559
167293393
167277751
138787176
153842293
38411563
54819973
59463773
93431463
118539655
121285902
76406568
45111307
105230612
118570257
121201583
112510279
86625596
40721761
101281039
107147425
111268346
90913814
66555700
77030112
160382164
149135851
149721054
133149032
68079606
105281717
153950114
164235944
154093151
128191664
41730652
172661974
177264724
169668025
171576408
141126836
37698373
165574506
163497602
162648176
166548844
114159770
150004955
172055088
161186336
162348908
86824449
56797811
56049552
134788100
152365959
156934341
121715180
107222591
73729693
116457241
127952702
125975559
108667363
72206623
42582747
64128409
97761035
134463911
124335421
120821699
75049807
41325712
135792934
133174802
138713409
126337254
111784130
135339821
152601788
148362588
141851394
141721579
91113995
122722982
141026140
151160920
166026396
75420703
43677263
137454206
147102338
147300234
137859238
99940128
124777909
145292326
137615496
151430719
99591019
70352361
134794455
128937953
119745353
105273387
43978020
60622279
155265388
153529950
149637624
138302575
83604669
54604750
135052035
134946902
155239970
111993061
96484747
150430333
159459641
142157457
156694938
130848076
55050934
127653988
157799767
157221809
158700929
93762769
38060627
119038951
123731877
140284042
110611687
59120126
130422023
169271831
168599441
152551853
167438573
59516501
112690530
156531079
146219931
158181604
136379899
95642205
47234780
42854278
65548853
85861806
89819698
88849584
75626017
46373080
59648922
115156821
131896653
147693578
138635427
107405393
52841200
93835797
102823643
109453500
101647852
62269715
50071401
91403975
113493143
103928207
90163588
56696175
66746429
68033846
73528286
129366726
128532081
125399946
116679689
86422535
89338764
106976612
123057566
119203710
119998002
66813733
59832753
67129509
82492941
78607937
69170956
78934383
70322861
115279849
127622792
127094892
113343800
73422227
40041761
88017845
128406916
130594086
124741498
103820204
64815194
67202453
121174843
123316723
134826018
130102849
99339855
65218260
74997605
56789153
84645732
127003835
143618803
124792497
107852484
59613922
95972428
135979929
128122436
136579423
101672848
59139757
105756699
153700807
154926835
140583084
125575906
44393273
175696203
162691156
173262870
194549379
141006473
87919113
141364162
133672966
138853438
94030165
54772796
128538827
147355656
141536317
129949348
81416673
47320412
94165695
91385063
112732752
98977140
113057313
123610449
132111980
102747229
87773787
42698824
111983275
141590561
138199325
131656580
117077320
40041970
128298489
168895069
157941247
169908092
135116113
40142510
171375471
171009881
168498553
181112722
118721488
123626035
173780111
162529959
171029389
167077516
41562348
135256375
156711818
155390527
173770131
49065880
167307633
168133835
156824237
165333253
101655215
38052268
78616760
88261809
81981174
50390303
40624969
75728407
153112250
145798427
144996542
126853318
65024060
157064716
167798251
167153246
149934360
144056715
78610978
139519629
146760718
138694115
148016209
58657297
92103726
165525040
179142908
192832495
161775728
60138193
105188796
156537678
140087404
152780407
121412447
37140916
164751597
166814941
173008158
161341992
141661697
107710788
151182075
160263371
141416509
116414194
80064282
70657227
87001251
111866869
118989812
104594023
71965907
104435960
107193594
99515418
86774359
60928017
77474458
114881661
119136217
113522070
80281578
53968300
100265275
134532702
150757784
133618028
120840761
59202496
122603819
147247240
159862752
149157823
132362241
43814849
57712602
156767878
172091084
173646462
138677219
99267459
152298428
160720178
160460956
157723535
143368213
75938284
115638887
105626501
92670184
97914118
50988907
119603489
152481768
145542437
133883314
97675738
94945182
145900737
145886458
144117338
115500621
44955999
158711009
175562268
178114535
149963725
130593078
181707055
183803647
171868970
176654693
145820528
60345142
132023252
149594530
142833294
126998014
85287472
138116011
147195119
150120349
148734439
92407780
93787157
153002060
137969392
141137198
111009691
46503095
69269273
81620013
75524034
70502174
53977785
55286472
51476348
39129349
76249532
81908821
68170039
113271414
137629724
161621515
133494292
76846235
38083476
103879960
137413904
137617482
124559198
71827198
38127133
173497696
181748881
182439595
188085714
153839543
166078239
171185785
157427332
176988862
102202001
187231433
188029430
179074264
182865237
176815279
174926419
179506572
185283807
185658303
185490308
131328232
132072064
136023468
98323221
98663870
39063622
70579869
108328328
105086462
60450958
40381410
154291144
160940775
156867561
144950218
107127107
154675945
163497604
170386825
127124531
161004452
63263748
160205385
160603888
166237298
149034644
80178284
182201280
176001307
182762206
175863530
163463979
194235329
188793300
188573585
193453757
190313291
188249572
182534326
174615888
185339230
200765356
145699997
152294847
153914674
117877614
100442737
116538883
132007574
128431137
143279816
85626168
152749990
159448639
151603036
163270193
120994075
126843373
160510867
177464061
148241381
149313275
38393159
148646576
138823364
151879364
142160731
37447590
174005794
179212548
166363773
180387297
148274036
173723052
181175466
186002639
171835695
173232250
170758079
184065574
170096857
187084347
171878815
100575057
144168599
137154737
146098463
78206326
41779863
78086042
115744563
122051685
131840083
110503498
61465040
47619172
117910315
127963215
127581089
82634924
88450536
133996395
139075078
116914672
102046159
51605347
123240746
148981442
146952151
132675268
100150478
62996741
165750957
164881803
164698807
151008972
108439262
94649372
157627493
166630825
151518354
142253996
50625491
121501087
156451427
160050804
166428677
137876358
40804275
103820454
117612623
117366482
66574995
39660850
65439719
102557625
109114075
100498166
57809025
40600226
90593589
120905422
149780231
147738364
134840630
115288134
49578033
138784456
145035855
161793891
150017444
128173993
52662906
111322712
144736538
148383751
143320106
98247999
40325280
146912247
150362961
142905624
129747271
56268728
124014693
155474107
162646249
149148564
154378080
48423182
148683487
154734649
156352026
165606443
94363123
139674489
129922103
135294867
114334374
84541524
131801855
162242591
155605216
133414844
132338817
38288799
93024795
111420753
104102694
64896567
85953286
111147088
135247216
128635676
137014847
81887374
39728076
75098161
132285147
133574654
132353700
119229357
71619616
56004827
106975665
158932480
135935089
129014460
111264485
56385628
137307182
145952637
151743202
153755256
120113486
77762610
108205381
115068789
114902559
68211967
42042718
67530349
59334231
38209857
75966317
162150784
152461220
147667671
125161948
76026788
138136559
136877888
144411833
118015692
91451607
37707351
37060817
111260383
108102231
111249678
85600163
55663214
46674219
128944557
126992994
133481600
112676619
51291593
147360235
155395351
156547935
161591702
95707985
36984507
162336485
159089615
162418326
142090469
104573117
159612286
165717191
163182671
151413904
102577155
90597190
161715975
153672777
146697417
132347457
142678844
161135790
172846770
153210135
107470530
72697475
115089346
124395898
103919954
88676461
68214262
45987384
55315761
98460010
111413461
101199319
65095739
47267828
49430295
89890131
84705197
85182848
64322830
57005169
67364356
100745243
101799805
106411474
90766600
53914079
41065084
81683463
121890841
129029568
113584561
91612305
87766794
123674456
145389284
139311365
127603486
90519089
73874337
105171001
92815682
112226609
95542259
97145623
65816797
70688732
70352814
58404654
55505478
74557754
126081498
103639328
111921427
59187509
112463796
114637520
119824055
115319742
104726884
101438430
99764855
83785118
67350291
118646177
125266858
117657615
89421635
43204642
152682122
154147220
161669968
154469365
127792551
152317130
179327419
156757548
166457393
166314528
38173980
114837030
147068559
159985167
155088645
119924297
37479013
149234709
152783024
160967053
144980156
95757545
154022903
180270647
171757590
165281048
177539577
108707970
138485551
136749355
128406537
73903644
76675702
139359446
135423010
122516918
90043073
143098166
156799232
160274910
140047197
145745979
49522819
139723224
138748089
142951840
122210922
93854864
122871730
151555112
163199242
158332910
143902572
41720514
164945785
170055171
165617194
161437595
125823458
171056353
168987422
176062558
182290666
104267938
175283495
176908014
177523062
191510064
194830394
112198576
117148691
117501042
68688481
41038642
92490600
110876482
123007945
113896549
108382270
67767780
78269450
114746543
119949845
127636146
108138173
98583183
75938593
74993154
62942521
54989624
57705364
96141281
128696979
97359575
86274497
53276867
72015661
129149383
121853335
114132406
96712571
38232757
89731621
120782935
126516441
124673207
57433020
45742325
109642324
154733237
164355085
119637414
143672370
53985882
76611607
115736256
123604093
119983897
89780144
143587293
150753329
134777257
135511655
39293535
73850406
107138361
133310991
136490577
127067490
97405257
66021962
52432155
50300712
126544401
142633796
160110258
108527051
109975314
110725660
152648311
142992050
142791894
92066501
38453707
148120795
151383813
159614518
158249933
125628196
59545336
156344678
163734983
175483797
159290925
86270039
127077640
147303520
171790246
176936152
124899940
156782159
157791745
158658065
159152681
82707941
126581712
139010655
129803995
109671574
102003974
46173078
73236282
104478563
131147764
101090596
107012820
79745463
104512132
123652123
140864573
127516981
63409193
36963888
151624944
162331423
174472570
161778525
120494180
102493010
147929164
146622410
142802642
149167837
42385269
104926430
142161463
151615914
149696321
89410770
36564252
126801327
143645581
144169367
118764081
79877188
65436055
139491898
149907471
153633601
123655951
85726123
102286121
143832595
150414470
145790507
122595609
86674741
122598674
123237051
124659106
104850407
113825033
141607567
160586253
162746239
150345913
140961587
111213143
110540825
144939042
157032451
156736504
158431233
121522349
102465773
144987628
163778407
157132003
161303526
135343071
55298628
92610039
153511018
153822853
144779277
140720749
60010566
153904652
153654958
167766397
151696035
120147805
92290391
146220203
155101612
135772230
178552283
55921036
82649408
129093174
144932468
129254976
117573607
96165488
71786467
42557323
88270451
91707044
101182736
85365782
66250073
40885710
105216574
139097640
141502924
115661271
104808507
40874673
147792020
145136178
163235445
140517705
131664796
118616211
162939920
158998231
136971733
151626212
40924181
176693783
173386825
169980798
176961105
126768552
152049182
164043837
169448066
175038265
103131953
147041822
150181223
145146935
160895508
87412161
74127981
128448307
126125012
114713496
84281257
85564816
110774507
127340335
143605197
138772154
120176507
98977370
116251374
129869036
129434124
116414398
103228987
75182497
66580896
69457126
144077205
147348014
154377960
132201275
94825960
137776503
161722110
153823507
130531420
131488023
38320958
159583446
175084556
166906096
160519304
121175938
115321145
175529127
145497891
169001388
104277145
37894644
162884257
168975073
173617394
158146612
115095534
115752694
121253768
117266475
86597511
67533116
58082066
48438664
74659349
145779109
144495693
139210395
123463459
69781030
99508957
146700421
146510015
123574124
143618763
41877808
72765409
127563022
124541984
123214575
105285472
66584169
73935434
148451373
152754217
139043830
125333050
54878596
107140122
149749279
153696404
162298444
110221899
48036073
137702943
142852848
145399120
131559861
80111598
89942394
152732699
147639835
147819046
145337605
87919294
38401357
84323886
126076640
134760925
159472811
123314883
67997381
39416904
171416022
174010469
158701116
182279260
145841433
46679486
150689503
165534037
157990736
154854054
127196124
133023129
157839545
148074523
168819637
106349196
40478418
169720836
176185655
168676865
161290620
109576948
190934554
176771498
184861897
182617595
164095001
178504453
175361275
181884368
180352729
123144478
105330663
148178808
147096915
148916417
87367683
43890356
98044353
113551236
103333760
97012155
67940553
53693559
38652112
83603507
139871145
151442005
139355267
114406548
60394531
98982994
140978769
142010837
132311001
117607335
41425609
78814396
110721823
119116488
132435753
103954190
68018563
73207276
92326758
109633869
111521380
119012454
101426240
83107391
55870607
48752442
97099927
115823516
126470712
71133764
41547641
93755789
126793999
119956664
128646040
104796455
62388089
39663365
74766855
84473802
117315631
105514076
97876156
74996284
133769818
131268178
130753921
121645021
48788203
132959739
137240726
147051159
126797560
109798047
69083519
124883192
143765297
145965885
120512604
71901861
169265186
165111662
171135204
162097163
119947598
180049433
174490649
185540083
174347127
159481800
156666632
168173285
178128040
176793572
177970712
70073329
154948978
155484556
163733522
160225128
50705713
136610834
141911096
147036929
123866174
132680817
46347783
108698482
128087707
121252203
92217759
121834744
132264242
153853544
152670976
137202526
78253191
40651176
181136363
171115110
184145876
190995178
147986745
167361143
176825609
163998320
177405469
137659053
184902187
178796315
180470395
172134540
189412998
173408807
175920365
167079903
171481248
179659565
141155903
152039055
175903700
165536047
177136810
36900779
99845585
142714930
135177470
105448788
110834917
37728029
98455586
107217761
119901355
110569120
111696782
88528373
89558683
128574043
120757570
127548612
89419138
82663439
66867430
100104699
97901530
107781485
108184904
87076340
46269796
140634166
137162333
153118322
149855370
119767434
141667900
146078267
158064772
178153497
165439169
43456625
68608361
152045157
155365574
154848601
136594423
80855493
122093434
135193535
157291100
145455714
113464955
76534775
97384722
101146099
106457896
115701017
131037262
130272832
122075746
86039883
40184288
88808065
137926185
147957123
140492766
137041645
57419788
162408809
166877808
157857893
166754720
134507297
69142078
177092208
149343024
168905540
164859478
94244718
73643727
160449116
157806331
145587601
138335872
69304327
182392895
187611069
176707512
173995072
156023028
156335132
166156038
182859290
175815599
171992343
93214229
147007630
142202580
148116854
84435331
166916936
177081796
173349189
188934467
160585482
118947372
143157437
164422872
165193469
145819568
124823178
123054218
125146880
133036501
124728532
121301832
105320711
70495578
109805990
107129296
121013886
100437711
107029882
84661187
93038101
114500481
113497805
129329529
127800395
118968978
105722824
105624249
106977850
117652441
127737303
115837899
114154728
99647710
114255824
122751865
147638372
159050920
133833287
112943749
66083599
76972848
95645170
101032816
85491774
84834834
57105351
44718114
134510317
136342468
125783190
105484901
38907895
100665402
101678913
116918173
91322812
79321925
65576436
71721743
114702170
115377238
124775295
88601413
40821464
52040066
132516070
127684201
136566857
129606703
91642103
156599351
166265758
152151785
153852346
149996130
87237983
147252569
136649289
139045103
131993177
38663848
109682769
157882186
147406095
165284651
120575517
47481997
150738238
149120168
169303351
128852200
107063629
38130899
79301172
140225048
147719612
137608632
108344909
133575584
144643823
143375399
127744062
78757263
121091455
142880383
164037900
153297565
122178622
37777430
154837710
149218767
143869617
125974701
127030495
157480044
177362988
187863409
170984612
167529611
120564471
152724067
175205835
153812728
180261461
37243329
162938302
182081134
186236253
198248109
129506185
82618408
115417098
122999662
112320597
80098622
58961119
104993346
103058959
94690507
96026877
48415903
44851172
55609387
67939707
78778501
57008564
85292011
137118689
146848804
144284143
145236802
55737367
122309932
145057860
149005017
141544580
68812537
91171351
131578993
149032677
149671620
136157343
51517547
38998974
126391358
154060519
147391294
142784581
97061466
87453671
170777052
180005682
164789891
155575159
70797007
139028263
174386462
171985375
170486746
149417918
41161689
138026502
140955964
156639426
96488484
124689388
38206134
123021301
124796449
117965686
91391668
56929862
124874672
131781411
139295210
118739121
72137462
63595442
128189655
145335945
128064768
114107706
41201268
55581396
148505415
145364858
146370715
129448059
94051481
124339028
150372481
167856893
142365357
146793127
109161184
167023485
159099334
176657400
168167717
42105276
167558057
167388291
183220766
166027771
150446771
149421143
156468650
153041078
149371261
102776985
63638873
50310798
59698329
68782170
63535421
70873706
70980612
69227892
90865354
94302081
86401997
165572786
159060490
176051241
143243900
139152448
56677213
159139714
166945239
147131991
156923808
104816291
55693280
125028309
149941648
160130753
137922073
109419644
129039688
161911869
140577794
159378121
161995971
37645961
163828044
161391428
159011418
170257716
128943595
127132613
170051238
176109194
156520122
169212208
37752232
124514181
128763093
118287509
79589528
46558980
99439217
132293885
129365042
120944510
87032806
37775184
144091744
161712082
159242920
139373707
105606814
87514060
141267480
134470403
132017059
97093659
57373031
109325919
143551276
144964155
138461587
124085507
76980328
178193546
164710787
167837116
154762333
75942271
121015483
159889821
157030258
174533245
149001261
38062921
154765096
154618889
172972647
169467914
127238962
137336146
155564979
151507394
139285476
95627493
73213154
117982936
115383188
98907736
71342087
63063940
142970604
152250813
144867179
130504684
83184987
102221647
114515291
124620433
112870031
57357508
49513525
125154907
147235817
147096637
136575314
93985890
38006256
153183411
160927601
163505547
158588907
122745149
137957063
168916430
181248904
156693332
167725748
40967788
165544279
175527126
174594040
175521191
115368887
90974313
127642258
124151457
104450942
101834633
45219637
37610695
111587574
119631896
108132254
96481688
47752755
118252166
129150037
137087889
120993217
64550230
53613631
69984919
112815770
121972150
131121269
111852366
95804805
48017152
78039136
148690306
168062812
135465256
164755239
84846961
68127422
136110415
142706125
135183154
124355117
38073949
96491551
141374397
141812363
167708238
119506527
49178415
134905796
155041847
152416736
149387485
130619754
60667418
107416529
101375227
108807588
101643933
111288873
108847422
94718717
51594520
41745595
41493419
50511545
109244967
144467130
154233552
131627790
90481421
175318481
176580714
174512362
165302407
128830597
104936923
144561751
140115413
154323137
139787499
39362415
62683131
149678414
144714392
139208396
118726661
45130025
155073153
160804437
157085354
163532749
131927097
138255743
155879120
158847827
155885995
163558902
83496279
153697433
146213619
147960673
151946141
59224991
66497140
95768533
100805301
104948882
95599550
80062745
75318121
151228598
154779108
157934883
135655056
76130599
109938760
115090906
114711223
99370887
67431179
60463191
104326950
127182629
131194316
102757973
87089319
97018654
111580850
131679185
124548366
101964799
77097823
74381042
100682048
113470246
123923229
105593800
97742986
72219399
75687728
60097011
83880576
119551108
116460932
103434439
101597953
53164897
43864524
77674779
155628041
171280126
151642382
136139389
83049798
82540579
132770121
141158342
122944499
100901900
109703002
161286759
148482348
131427817
144823807
38665816
143817284
152703815
165248676
137579219
113506276
179178220
191282875
190584931
162861285
165865036
125237837
155388645
166681472
172563484
181535076
55490230
189972750
178779347
196643168
203907269
160862091
147891665
172458272
161480948
144465981
174345089
60806337
167483210
172701347
163188000
163647322
83427533
108037827
118316054
151094453
116988367
131215652
70370787
37432749
154488307
160508629
158975659
146874871
113616229
120659799
140656437
142912167
134599691
63167991
66445102
163487185
155833084
158218028
124226097
83508249
167194925
164516219
150767895
176359911
160639283
113447400
142645303
140317774
159428489
147806292
38782805
166812343
169982538
164271440
170823098
135880882
183876903
196104347
202329313
186043162
179199993
113398152
109652947
114831064
134915621
120884210
107928555
74486798
37709234
123199929
135225008
132554053
101924296
85657816
76853900
83841814
104326144
155379114
148603538
131647978
111867798
64360361
79660989
111064178
123161387
123940403
113510294
64168679
51577848
95447535
127571855
126198696
108626549
77833418
123800587
134864281
138117463
135794975
113590318
45362623
55710172
118186299
121126828
133317915
115765271
82801948
57490953
84552247
111909163
108165611
92362028
42095761
109388164
129589534
140962099
127441252
102340521
38279287
78107500
118927708
117133999
101688946
115347821
78836565
83549329
70682806
61713222
75139840
99174436
95544254
94233991
63083690
68885983
96380922
96740890
79416977
54764873
60030262
76777363
84442573
77267282
61212878
61790844
99694274
101841324
92902648
56545522
59016985
105553178
109353639
103209700
43575840
52683766
94269331
105687142
106727356
49357251
38746504
108805120
107334304
114051307
86095123
64761869
94374847
86642787
52452500
74654688
140897007
138292593
127450258
106156728
88672327
104472714
98091629
105044030
91036445
92778800
91709182
67885053
73417151
81105145
111642873
104439691
112824694
91222479
82578387
100094793
96255866
99645526
97962419
97653242
115077675
120707842
132230142
116276304
101354481
102757411
84026477
73198386
72069663
74801158
68617460
66537459
63525805
51219572
52018257
43846074
37462535
130606396
135431091
121152798
98680319
107001928
104703660
99058735
46904582
102416096
131177216
117792251
100397775
38985415
72202462
69032730
87067380
99419198
82525561
103362512
68502009
62475638
68052675
68559815
68842854
65344153
47322968
98712815
111737610
105423930
60102890
40055221
123066698
149592724
147457346
132533409
109481331
54766865
136896312
145024106
144425708
152076952
92262672
63073091
84535547
86939957
76970187
101783779
99578620
132816807
132463960
129213312
120035318
81235293
120408644
130268785
145963022
151374954
166113895
111058081
70169472
132991049
129659993
140977241
113358736
88912587
104758026
129737766
136262858
144426646
118823402
58373302
38206837
82651218
138039001
134170363
158802674
123461618
59958190
85672935
135081665
139464929
124259121
88052654
61688490
140985866
159767615
146141963
133387714
127458350
180570752
184138156
178355950
170946338
176201956
45710105
66091709
61049735
85484817
113009081
100904896
81005943
37113618
110792991
127238776
137524941
121818883
95550551
95842842
111661561
130911763
135407542
115712137
73496567
59257966
116608649
143133627
146713635
119886492
91399702
175386971
171209303
148185151
177106459
161540441
88822499
153359825
157608718
161320929
151036105
42511498
63199658
129884258
135168391
143678071
71271000
38168223
86436027
124541658
124600095
124533638
105593870
37792428
81173606
112833086
117537126
123634164
109785848
87259891
63083783
77866212
103945847
106060505
110047675
85888651
91771482
83224102
85383874
123133793
127689173
122745342
80065449
75365284
129177579
148226581
140766901
123373176
69363364
38395347
82791087
121767030
137126869
125716169
106732481
66469284
134336715
128067579
132102311
113483824
45839890
101612742
146833309
150947049
146586633
129901093
46760847
117119096
156977419
145927553
131604116
125410233
38628304
68962839
59274245
56227670
95866462
126506392
160500099
149136319
115500807
79122036
46166920
127077820
139112271
151638092
159793542
129072861
78478320
46107772
108994922
146265783
159041572
139802059
107387326
45236088
57266958
114835239
112396116
115350718
94371932
67471478
48674164
162386177
152967211
146641165
151493913
87828060
82756120
154994879
145444707
134900607
97238412
156728123
164887047
166281507
147827949
146368663
122386221
155179738
143763720
138335982
76846156
38639762
106961415
127072373
133222624
123877677
78854555
89041650
134808965
129667126
129129686
85219690
111158151
159855031
174719608
157645460
137373032
55100458
64892855
132782664
133229898
134476455
114151009
76505659
38878236
113109209
116051254
128873404
113674261
51202072
38997789
80400773
114602593
113955012
106462822
116116497
104643896
82740216
96466793
114174923
99414447
114863395
113201124
88711567
36943522
38900694
92937239
101718555
127364775
102918020
81075776
38295948
93387586
115996410
126441335
104962803
55305319
49048847
117133927
118693935
121601180
109268516
79156827
97567375
150858350
135993855
136792139
127179804
51878855
43284582
116294862
123422665
139500272
135824523
99916869
51714333
99327300
151644058
137806419
153457360
114601046
59149421
143203543
150068089
155750773
146140478
128472705
59344201
147174276
153723896
160524422
151725829
75448484
69229563
98520451
91521743
65770724
51954040
44678985
90982319
107058797
102938918
53214178
127267066
133328336
137554976
126422022
66323137
65145225
119247455
132120387
139714578
106805020
82995592
143582721
160144779
156698478
139059580
118962166
120909025
153346266
148631821
137829346
98889696
37987033
141598415
168722372
154188433
168868574
106008099
113653112
161477343
159139397
147109852
122652770
43242035
152598211
171031438
160481039
172992384
124531531
78562031
90830823
109100892
102375144
109942176
86225824
89611234
74581131
100606776
131541416
152959192
130211263
110811044
65602946
82681900
142638097
145581939
136443569
117214412
59708946
93090027
148980548
143519815
145631826
132211476
48112961
137741157
143671839
137206903
119821856
96316735
77072629
154987451
155336467
149167148
138965917
65052039
160965998
169260987
161818746
180892367
137260934
88791598
151625771
149687077
162104882
151512659
90795303
88379243
66256101
96468942
119102957
108360369
102832670
57470111
95160415
137141924
130377577
136886524
94048545
56413159
63464991
102928493
102405297
119025744
127803255
134864042
113826417
90055910
67989026
60573315
84256631
84287998
90336599
103382722
88901641
60806715
94787319
135291122
130247285
121275941
73114893
39432273
108941190
132244844
132717972
149547940
82267224
37983776
74490282
114812218
107297169
78683958
38382535
55747854
57672439
44997071
38841716
62503958
88692451
100613274
95517837
74500252
64194751
135344733
136097082
115053222
127718867
38389169
88352766
113622171
119076898
103093209
72056748
72791298
133580428
139103881
149097193
107874436
96679029
107052660
129149619
133111787
134888241
120988006
95174811
62347669
88265702
131344470
128649495
149472474
121277067
84091863
75579454
122381481
128319260
124159860
107000764
100738327
127440366
122856445
128291479
110799852
87573796
58648547
57763645
68644591
62254093
44935403
162120791
181677731
165444518
163486476
140597128
37453131
169666779
178531482
166182367
172643222
123288397
126587823
164755283
167983961
170837253
120219600
40801737
165458510
162906139
184975243
161398839
100139231
77128327
84223518
128602613
142463740
144100539
105664399
87665815
125000855
143475369
153107505
120810133
126718632
60220535
152778657
157442384
143026639
147023819
82755108
66186646
135592911
120328604
128778295
74353506
55515567
111788633
135356210
148488907
127599132
91899334
49637891
130996090
145251017
140586751
149801513
92838372
38094359
160428731
168554653
151881041
166011204
117209735
153193537
161041077
164611593
162215537
121296060
66815839
171241525
152721592
167155844
167667832
76783114
175883686
189024249
183426994
188068232
164406209
183249873
182484751
191982112
182465311
195176354
80962439
138359047
127796099
135305043
66859039
38808295
129343277
129790831
144803077
107928841
124177590
46464888
85856769
118240131
110283574
97284148
80967854
97500198
134764888
124075413
119299604
91556263
51442214
85678079
133287911
127183503
119207730
81911150
53431252
143592035
155684064
134856331
156096810
69325193
59490727
142891076
162040146
152991965
144448041
85707382
148706389
153332420
151290619
130781797
87763148
137990001
156198579
162919500
124227978
155739701
38064277
99838235
99329459
103807047
97053033
56972770
61127923
60193262
83313654
110297454
105936669
87204869
48105982
62592252
109746239
119674716
121238406
126435950
99283333
42892348
54247206
135779742
126783287
136040130
109581132
76281923
145663627
161152255
154961992
186324892
154382363
89067220
126370623
153511056
161061098
131950991
117342389
37067607
141799584
148697588
146607468
132477177
92508945
111677517
145387384
150552974
139274189
149087852
56148108
63036803
83614516
139921263
144185266
121499059
105852784
41189317
135599161
139266097
131458690
130845744
59146578
168829414
172425873
173613362
159725618
155251655
145116848
151124854
140292813
149710252
93708398
146875398
171232302
167114974
157943837
134790749
38204085
118096387
158485954
163892753
164074353
125688522
41989760
169176029
180899089
186403811
177852331
139157269
139141874
173143498
171996031
180062308
158978910
121263622
117848226
117036898
95523490
94350032
38846291
139947053
146392673
164626570
133399884
80235572
166447174
185982045
170337821
182974301
144306706
66409006
134836948
116318687
128239048
70900753
50854761
117086303
121162190
132241644
139174520
77450847
39462131
141161489
134468455
137221727
104511990
109648825
124598695
139859441
137838343
132752391
78500266
96583596
134406123
136524893
124834858
90692063
47457158
50917534
52895366
70332671
98497735
107678808
119011176
88554566
80818561
91159777
116663608
123160063
106831442
86251610
72198570
80800745
138382590
152392594
137018810
121307956
87529910
50284385
109437993
118125366
107112856
76741743
63563375
79173902
122012459
116440310
106142127
129192014
66329845
58452294
107874714
120814776
105386949
125258035
88466928
107400302
99868181
87965779
73146293
112115565
102191998
122187625
114521309
86078723
79887852
72308742
57766860
53867024
99238245
103257766
127557558
126923296
122399110
104100510
114104922
104783554
105165080
96203544
65963101
110452738
147506658
145411646
138371803
113770489
37379405
125310643
132833556
149522852
117901598
134884952
37128226
137006445
137658975
142399541
120919310
90075568
147543327
160922499
164468679
145426579
129671582
45275225
119837483
156978203
147297191
148103827
100325076
38762346
157525299
150945219
175273748
174944323
107264862
92628879
117629409
125287607
93860151
90335238
65416188
85778609
134514800
127655914
127907907
81046610
39239805
137314795
147302971
140691801
132950762
68157707
106319749
144097534
150698258
138575297
169055451
40429072
45815624
84962505
114755562
125475010
107607041
116859334
53518500
95240517
120846526
120744860
130266402
103957253
58683430
52565313
115452540
128461308
141973315
123939912
94579966
100669911
131661569
137641303
136687342
95815215
42796594
38667596
39945514
86724826
132203955
140965869
117043983
90000322
51806605
118894144
140415911
145470427
125369623
94893241
41445880
56807970
89263227
105154749
101372409
96085997
76961476
78974359
79078441
91199880
107314069
92510442
66443298
49591635
46540004
72504700
122049814
137643311
136547109
126727615
69414989
37587630
150769545
156367724
160812902
156982317
79435123
125631350
162043559
163247448
154585632
125198750
77276277
137818594
145441962
127459933
102223171
70712756
57004491
119543189
182975403
160167090
176681948
130018280
77810789
74412064
90135630
135097048
133976457
127700878
102799607
44411145
133739342
133324561
138054811
135849401
110938398
118013738
131689342
142037991
122317503
122055491
94494866
101866014
121115431
106801421
109603212
100162270
128192266
119880819
122934762
109782488
88837417
77777586
93005988
111802360
128080650
121009055
108011764
49342322
72533308
141114106
154938171
132031900
117239403
38622176
73445938
101035765
107578708
112762237
127176412
97266173
90831161
100491388
118225119
113954917
117170781
95315817
73281178
42626136
82874420
98920477
89953199
75405303
69872843
73621735
54098861
43510238
51796246
70916757
86846585
80574622
78949520
92122330
85467210
59186609
37810214
50992005
78714705
120744061
117102401
108042004
82681915
54960576
121666154
139088121
139598282
125354850
99438225
40384320
95692680
144321578
135769896
131120030
127099430
51639731
38474763
86886125
114227563
107844537
82296284
74802686
93509715
90589126
105217499
95466509
101679006
74084570
79447936
132133138
124632634
124949670
105722814
63107679
52368212
100647692
130488679
141486360
138077353
114713013
67016549
62479802
83012545
126393126
142527126
126314603
109570445
72165644
38409899
124621130
132459251
128496963
101022704
75784104
118829714
113374763
106223246
124194822
80905177
68048468
79794702
74899924
57054036
81460026
101839416
98170583
96057650
68483315
109237094
155404512
171558348
143155358
124760616
37378118
168385423
170396471
174872509
168803337
134767121
148839288
146477081
155083005
156802628
131333625
59829019
100964243
140026710
136846222
118632116
118616042
177759793
185245269
181180456
175318114
162181745
189166293
166081059
186440129
189094616
185055184
184621885
183303269
180407153
162451872
171890983
164986044
162691205
166204293
168174467
174478524
58201578
86497997
101284971
114201939
113892578
121148020
103785610
73445083
96641348
135774616
137430296
116831365
107562442
47999152
91517860
112750422
130661000
109593107
85882238
64260621
81565006
79418237
65124675
55571734
38711648
71544700
104340134
113010365
118287901
96103382
91371377
86883125
96249709
100822969
86040775
78400521
75365432
111727805
133064152
137831514
115866260
70632121
140669088
159078097
155979764
147534310
106736313
52147322
79513648
119337776
107088519
96740986
44234548
39795090
55003661
154378595
164341622
157023111
167412337
100916067
100898216
161124338
161049798
150379904
144002960
44475712
86181153
135827071
148205286
124634358
79828698
40886721
97799986
121769877
132844272
116828167
126108603
99366967
97675283
106435049
115417267
85311587
77534902
69492148
124527382
145526187
137001754
111655140
109080914
102741233
115358841
115651580
104573389
69936930
42984942
100165966
131636291
135083824
110468758
124927674
45531641
90795068
119636473
117773308
103151102
89936538
68812978
112291734
102685024
107176529
119737069
82249336
58277069
76844725
90860573
107920375
54032385
77089571
92775083
92789057
88855784
67745606
86192890
124332857
139868360
131747731
153069007
78044014
45166268
64886932
128133947
129876862
134985693
114348492
74072449
88293507
165610155
144949251
145516853
148859053
67447540
38676995
117892927
154650669
150307633
130261597
109533196
143140360
159306184
158543399
161547272
100050071
113899817
156703372
155533915
148550222
120094668
38727541
156165670
165855574
175872153
161169524
121199228
109729265
147010085
167688080
175866326
136525714
44188169
117977317
136042283
150333499
131687873
104578961
61322185
123484402
137091895
140838065
127595346
80825297
120221618
135444476
159555021
153790409
146968128
117051312
61002623
135221760
142954767
133909314
132855625
128707403
42735752
144457047
150171248
167385227
145880917
124065239
65197181
135238939
142837319
146339925
118480864
85178757
112149801
153369907
149677286
150214582
164993561
89266206
129407079
153116990
147149076
148784206
131465014
51123524
112440698
113140570
122194000
134029960
99274616
46789973
65708869
115279511
115446483
110604799
44296114
42745236
69746357
142550609
135846703
134731411
125163308
73645652
121092910
159789268
150424326
150267020
123042247
50393188
72730718
113353938
108425736
119233607
113951514
117224460
89066529
66216363
63979705
88835384
138434128
138357856
131905204
119279783
85271215
124993790
142502274
136890667
116627666
121670815
40635776
109831408
128407776
133376291
129591697
94003328
59358193
79970498
129596977
150700670
144215097
138968371
120958990
97197037
101375200
108563738
125097790
132529561
128301568
127492871
111791414
111623381
88518533
88604398
92396683
140144902
115829353
127616542
108364091
79591587
59698925
61457296
76552685
131196266
139989837
140775062
124579380
76503228
38191146
96836804
124731064
116161958
103661885
69989358
38775778
83517432
139501511
157639550
152683716
130800231
66984554
79532906
99951335
111437130
96149163
65001271
44607247
38684222
54394739
57048754
76060635
117283523
115527320
113649764
101685092
80168824
53151019
65394377
97677526
108555391
94317087
97190062
78122784
64226996
53058327
101975967
149156460
162681673
153694536
119171638
57990675
38252896
48844556
98963197
108417054
100874827
51018016
37650609
55220675
86376777
104944153
103816541
83260856
65097586
147276033
145401887
149106219
137109761
83553992
92267257
149653347
155856525
137496291
144948379
70235932
38093263
147651694
138032889
143033679
124971262
40982650
163189890
180867593
183832059
181344003
129389129
118008746
163906164
160900059
172647435
157707520
47757789
158430766
177282398
165457436
170700295
131747300
53387369
95372665
105297905
123887507
80836793
92412354
145292877
156972772
157952381
159034571
190895927
68499122
50853767
118561435
150999628
145052971
137628962
92297080
97457648
161543654
165203855
147815197
161066014
52723072
140792133
138262703
130812665
111166594
37974566
54516771
86193935
96746152
110526627
97003315
76918167
38432271
53286559
87919434
129188146
128413762
136887835
106694319
66203023
107167496
171605427
172553667
160683383
158940724
107203440
37967827
55796142
78128815
103473264
117066217
92312302
79669992
75518114
75493320
75699586
84647188
115790905
134543569
111784272
110397579
68581972
65801881
92992518
118453514
120475967
79272478
64830593
68670107
109503210
114930876
125030780
62508754
99812840
143255819
155225758
159499514
130637555
39238961
132317628
132384032
132675648
116308701
62387998
130385528
163519471
179369199
162198436
132675354
164101525
163144825
149729305
166816322
171318754
133879509
150630123
146121628
126455948
125223126
83097370
167354267
171102617
153404251
160646950
105255779
47025999
120111005
147609584
151837401
138559160
111953046
42740888
129141590
162388202
167527357
159454325
114830106
40882734
130829349
139436558
144637199
116320185
96637285
125652747
138676912
147631646
121941782
54227428
84354833
139847619
152468158
137756076
103105275
60998869
154905943
148012350
161326795
146355377
122871340
44367118
41961714
38864670
73083280
131522080
140975279
126462757
135040668
75194565
97427265
107726282
120353151
108655853
68435697
52416923
79152242
133456573
146929100
142528725
127894834
73823559
42408138
145046738
140906370
123394684
132477593
134814065
151986970
169195361
151259363
135821434
84691162
135328350
138469697
159340883
118876148
107252119
60584809
122200691
120735251
143301647
128784817
86895204
47435837
65011148
139021136
146709153
142215997
133705577
84244556
83917224
133404720
128605719
129251282
119001844
67282247
38401732
98830598
135549469
133812851
115620684
93779788
43189899
121094640
152030473
155188110
146571421
119878997
41500189
127974749
152615139
158661791
171913870
119718206
70856717
137691325
149831050
139758819
119308568
81666951
125302128
130448315
139454228
135439252
111628117
58287428
62308184
123842924
131385859
120116923
86702968
48648401
127826671
152479153
161602227
150026760
98517195
39211372
67858127
63853126
143486326
138533470
139875634
117040579
102356932
67769812
98179429
113726147
115579960
99399832
56814637
87977239
134770371
136232789
141577633
108358993
50526540
92414797
122581942
111786890
113296449
72268390
68119285
96811602
105876976
100651039
79328858
109908114
134240332
132088367
121505063
109699503
38576056
63881533
146659750
141955073
138213383
105593808
113071120
149645046
155394494
152843631
141341835
38867597
112357137
135400268
136968533
124012574
71944234
113407348
143750307
147563606
170137970
132796938
55982091
69425123
135487586
146113001
149519237
134211663
81669550
75168315
135979868
146948800
136491457
134945680
102580286
49645841
94942628
134781052
139685071
140969992
98412316
77332917
153977963
172737791
172324843
136917504
75455129
128814060
156520695
154517332
137780518
123331390
37979473
117252817
133173141
125573663
105213292
63495267
73626135
122813773
124678568
135306548
86310259
48437557
84622823
108100812
119790412
121615711
114764362
102984503
105144337
129425996
135126660
141225579
104575900
77318680
45234320
95027750
134876960
135217729
127929877
100221388
45329171
89351659
145168050
134746199
147217879
111954017
60815448
85711827
139347291
140035053
123733293
104477674
58534769
113362635
120362082
145003669
128354891
102876115
120618168
128299864
138085749
155712881
136734475
96897776
58709521
83424449
83026993
91160967
49290011
45653695
44169410
100894770
105439727
111710285
115580736
120892679
128441080
146349956
133677480
126484352
70443727
41501872
104923187
149558130
155054086
155716341
129099598
49927482
158077918
158066806
159168919
161819023
141515623
140609364
144370632
143772679
144824139
57157025
126587485
141868230
156780923
143848258
126859423
51573913
67294334
145495992
128071780
154594023
121248528
89991699
68239664
100936779
108452328
102009726
55047232
50622654
51644838
63173701
59080264
88877113
133155237
140369066
128013901
112425223
57339694
126970262
138729435
148296694
142540882
89339230
41064303
49039870
119118766
130290771
133292452
97657549
113803809
95268352
102917090
118741635
109722438
90004199
39260928
61274720
117188759
136819086
124769068
122620796
108939453
62544607
49077638
76761831
141303082
145192576
139089424
124409812
65169006
105009139
146464214
145097705
131137788
176534170
50206025
102618233
121022159
137360465
139079922
38351432
67845255
115082359
115564878
122583837
98672412
73147027
52861216
104422943
144344561
133874942
126518178
53295179
132106689
147176279
144660815
134968052
90285469
116280636
154554461
159289196
180904555
152055257
65189015
112774545
110355026
124697636
122866660
125888244
118565412
117359777
93699514
89196380
109657723
110724324
118115236
106048347
101045625
80787305
95028551
62852724
51329017
128004108
147091293
150148964
126198278
51442586
59534682
143879169
152931123
166519343
124874178
88740789
65678683
160529756
169585897
151690974
133120482
82564049
112507674
150215125
155649629
122115217
153204245
38172683
111766732
150662238
150670970
151377354
103635814
37965636
116418342
153368295
165843827
148049777
119477698
38027781
87803960
112652140
132289497
101880263
103838247
57056721
95210452
129781487
140744448
129383132
115613438
55706673
44111029
78426475
94835729
96294206
60241146
80822521
106296912
114693269
109592463
92882229
112475484
107614007
134335708
122803130
107455439
99258775
81089157
74476214
105081534
119880215
128446706
114820404
99091555
86956819
130782351
139166461
136700715
109551406
63981271
130603272
135365539
139714689
129312659
107386484
52199586
90108846
135635781
128111497
136552203
92702259
124449066
165189383
156641374
154056504
141325746
69412095
106573890
148157596
151844560
139971565
119391178
39499581
74555749
122987618
121993143
104978902
68559220
76161516
136778900
140717067
134967004
120772246
65055710
65890610
129671421
133893845
135486126
122546884
71031095
64311565
100506108
128693793
143600717
144353228
116879247
63584674
99503267
118067672
136856038
142446029
118280214
37280118
106761101
155151676
160468152
142149131
107289928
158783319
155150693
161435636
181101849
84046942
38778451
141572435
139922499
148941716
117690936
116914663
126595782
136452976
112649314
78632012
63239273
95722682
103385666
76041625
50717976
84670692
118788456
113949807
98023794
36912927
130325135
130102202
134277770
115806471
38309481
138407637
140802686
135015011
122949297
148090670
176250143
165964166
141988664
156244497
54734182
78053901
60847457
37479585
63472774
85657451
76490427
76203275
84801265
68164735
37923577
70263458
79524763
39984818
41957116
38995860
38519368
39470084
37537841
38062699
39170259
37651288
38267720
39148821
47988571
38360882
38114461
38215520
40651680
37779248
39160930
