38370223
38672617
38209453
40777174
39663619
38026817
85882189
87632743
67546400
52388370
103670379
102876670
105336720
119350137
87823699
127554628
124849889
128646838
105782418
51228180
117927862
129199605
139978200
133203853
115755182
61931554
84064627
165873119
162802820
147875620
122941103
83370884
63284766
148345184
151675354
146685760
128700434
88743525
111570226
119162943
111266045
95500961
60660598
78224072
82442492
75576911
51151468
122160895
131885459
122749778
108402627
47958512
96867902
112276770
106854054
54817441
77476430
123403306
148989964
139016227
136863534
71717560
38670893
113857658
149997001
147447501
119769186
114463393
117978826
147112102
166358727
164329938
159828716
38429749
107449593
163696590
165346464
180775178
139280557
45648994
185331750
187861372
176190012
194411014
147178097
170118128
182467101
176817230
163330858
116859376
164564263
153012166
171326735
147839329
93967081
117115800
155433819
149736528
143166397
91421324
38744006
119625201
138741782
144120017
123005088
101992222
53654076
130947971
148879913
147302657
117609642
70954518
104913714
168929109
174254138
149009400
176697793
57879875
176860330
181193570
166740935
169756826
144353979
116905299
162581750
161372473
149080903
170650069
40892421
69745308
96090247
80685349
60183017
37209203
88749067
123065605
121891268
103004741
89581000
57288425
38200690
64554524
103446405
133333021
160518444
155380775
118504458
61458376
150620227
166144846
142879922
194057617
150919995
151111082
143525208
156372938
115693612
134466282
96773152
170938351
166788088
167276652
179764406
152914999
167860148
147005494
144738522
133476707
120128038
59224219
123146821
123601744
115687879
108777080
81143782
118841301
128889867
120273988
121428275
106513754
113976822
127351406
135181227
116597250
37692050
123741382
162182815
146580606
138757829
129063454
81493878
122955296
118872658
155850731
148051994
135443787
88427335
165548360
173093372
156210849
173103250
181107164
149752114
170614965
147860375
155325266
165087399
55553313
155667055
170010128
164001835
168803547
90682371
183803664
187090302
194204080
170736606
155048479
157624267
174060187
178014304
185751040
117974109
160045623
179229970
176189682
176781741
124332753
165032694
152193827
166853327
174442069
102224283
171364050
172089721
170599828
161519389
139874871
166192345
171825652
160143107
154195329
124247302
168544987
179606843
180288921
163863448
164824080
109742866
165357624
165994476
160512771
150183798
37197599
176750486
162645833
192055415
175166974
157494742
167132497
172190682
161226867
154033839
85543560
150286595
149046005
152147867
144956364
100465382
124092174
164281230
155229735
149554909
104309309
164487776
174482368
175242178
175249089
153648357
181281543
178437017
190186673
203903814
150086682
184257544
182571840
189489329
162329831
175079788
174782359
175591872
160593285
166870989
168753320
85456432
172830980
153265439
148710069
160419909
40099462
179170067
179750694
161871065
164483904
112704853
143740653
158847459
151844523
141900787
85629622
87193309
133064923
133463405
127982074
103500628
58834269
41034559
157249469
173873998
169956394
148114267
135224219
61209653
109781724
118908593
119132687
88270902
80011028
74102963
159498707
142140754
146508845
137826964
88457676
74036091
129173932
131892436
146375122
165596242
86121998
43565824
155634932
176974673
166624441
158547472
125693617
147226546
154302734
154866398
139931421
69070666
103902711
163826985
180060932
144890612
114433924
59672825
182936999
229035106
158889379
241420662
143649257
127178107
147524068
116823048
138055351
173396020
52686857
44944980
113458823
128026857
135286432
133672629
124446098
75758506
56608182
116600524
147954838
148003484
127481568
119844788
61421194
145624723
155747698
151196094
151078614
93621710
44720838
160602086
157709897
149525742
164072645
94732968
153263035
147261562
152051776
138980638
96377007
61548796
78138660
121486590
115500239
99723073
82115536
48378818
51866124
145266762
154856794
144136012
131623513
92603401
156742644
160889261
155561232
146414821
126551535
81914260
134941720
145488067
145148915
117473990
65697104
53948747
170556341
159097146
156889134
145645141
99183265
179335534
176306407
176084069
169461646
159779613
183317334
190866100
171826536
186451271
184166393
166577462
159585832
156054275
172090029
103326367
37966586
126822541
127651680
150088943
111057205
127951237
68216586
122490967
153226701
142670649
159320085
121412642
49595624
58794756
153996643
153836675
168666150
137047037
93647246
106482808
148694202
141008577
131257440
79257152
41365191
103121142
151397206
140648626
128505056
117530022
37968670
117348605
157647693
158424989
149586093
116867102
38231545
158161602
167779878
165215803
184514546
118324853
153890044
158167961
149065266
173142842
97553604
143801182
185150064
206566405
152044257
164822055
83264022
139058412
124064512
163925044
167875465
81024890
199421389
214019602
179976305
219919865
83335835
70857617
87808427
152922867
195974410
229883750
191980659
114902569
269092276
246131170
250295544
242683303
217440199
165384937
148146795
110573599
81319045
113110693
126143948
132267925
120852725
108061394
61303978
48184541
37802291
116070747
89858233
75404990
77719388
119566180
143949357
140874718
177924801
159434883
142998577
172091373
145373453
79796803
134578401
139319350
144489730
131696617
105154788
67845016
101762531
134676223
154736475
162015595
124358868
77989336
51014337
42674012
124835623
149548504
149067095
131675523
111655259
147569873
164504627
158481260
131602599
90774841
190779769
185120988
191840238
155544991
168419476
168045378
175842753
185333545
184798812
115147081
185046581
201374224
198906313
187914523
188251092
160473142
168293999
161862778
154673076
74400917
172299685
176495307
190587146
164003342
119777720
190379308
194897864
179456546
185953150
180622876
148865657
180280761
179862098
190723483
104909059
135308282
135079833
133815187
103919480
102724818
118112222
139596251
140566647
131260507
138553497
88520434
82333995
138940276
149184615
144753804
139405601
104377281
41421879
39000708
77869483
78245348
114513323
123487671
159945347
212004919
267971534
223471172
190105259
151971356
563735067
104455595
571516572
243853123
242212151
264514643
224580365
194898709
172348969
183526629
171797962
178729163
176747979
152866908
157697726
142213440
128533230
128677896
132967670
128002995
138087367
123573106
119643434
99848824
96547796
89879077
87338128
81351132
78141691
110965770
116691544
125646131
114856480
94734601
53897855
58623495
94373782
87258496
81554603
78436872
74003361
62534466
60782070
78045617
97349158
118415931
94037767
51475722
61539157
142941894
130697807
151881429
123031960
47529705
80183004
128868334
133413735
126688672
111855751
46257959
145634107
152152342
159259695
168108308
132867772
113534331
143462997
145527154
142015474
121760790
37140281
69506382
130878603
119762045
136907529
43306629
37662836
53580817
91438110
93389259
77616615
110912101
112195271
116665026
136148601
99194090
52940029
168905500
176970043
169949348
162226719
145924787
188643060
182341122
178878745
193209610
181196638
241414964
316662299
388629603
370987505
467849564
353034376
418516367
347985256
471578600
286198283
275919656
260067230
239953106
236238010
206478061
158013797
147821098
96283775
50758392
66732726
125579028
121449776
112073320
85084225
69968348
154719331
155416456
165713939
145520689
77972048
121598797
153128601
162030383
151200142
138993040
37621370
145660887
154108998
171820501
161364046
128091963
87270766
161582698
146849028
165239087
166726137
60817505
173865539
177376251
183033121
162941310
169349263
153484200
155989880
165033659
175827934
109314633
74990459
132131699
138427209
127569783
71498785
38002095
102978871
129961973
133400808
129190666
100561296
56352818
102782994
153801563
142162393
159490355
122061488
66309382
89249705
149868956
142726293
132088609
155767738
57759342
121732455
151104008
147423478
152757080
133405243
95128013
162207339
154735733
150536604
175260422
67595093
156012277
175703683
176008698
166320470
147942737
115242250
152415567
172046603
167052052
147078341
44103840
159433923
170754994
156354671
145574202
103561361
61331360
55657706
123313103
115056921
108129729
56571058
38114610
99249032
110858943
121913445
74242100
55780897
47850338
150050841
151828079
145248055
130303633
62140770
163019173
167292222
164139695
141121962
143316926
98871499
157930297
163000161
149716787
150580316
49136497
87165131
169032743
182712443
172764017
166133706
69097035
166554872
185413240
163010373
192167983
130368677
96019513
157498923
134792986
161607422
91410724
67920653
65328467
113181033
125489404
128763698
105269231
64796337
50850123
128407521
132544038
126422526
142549837
108117166
176445156
178180115
181753088
160405733
152948441
192676882
171787764
196912453
184921467
183915010
158946171
165930717
178877996
180045676
182094894
102317297
173796346
175363881
171427447
184395250
51076561
157000161
169976353
171157667
167609782
144208430
41003165
84499518
112770519
82124265
91156041
41390050
145024859
160753554
153239745
145602569
129219808
125591477
165756677
166425564
149576950
186515012
37479000
188589943
175184538
181512653
189124290
145657359
104928732
166980772
157003408
154415168
146916543
37801605
182476145
175483287
195329158
186173194
155033126
158608012
186839024
182366316
174136867
183325526
186653874
189786897
185979223
186886558
178276346
101148580
120682521
131819248
121370700
107871998
70490646
150295901
168472890
181813305
155297181
197760966
37837992
165288822
164937690
166170267
174104539
109803364
163734535
179287279
180338999
186152459
170863834
44515442
159711063
165563424
173497414
168891917
104724654
136980450
175144831
180117381
163060380
185359115
38728622
179873876
179194579
193051557
202921058
149328661
169137298
177628002
178525072
168201425
113960906
39450059
148661127
146793488
147157904
146983073
38217909
190280854
205199214
209140527
196323588
159780056
63624052
160595475
170255990
162275839
171153178
84298007
182415952
178990216
167079854
163626394
159604775
195248550
191772348
186364579
182242587
180606599
173034551
190910837
185998828
200355313
182407354
194665113
184849798
183334798
186370966
195418342
61142472
80775480
73428980
80934837
92209381
48294962
85335455
164486425
151526250
172687797
167419269
71858287
134830878
162699095
185452162
149531439
167374811
41869198
176681505
174898059
169165237
174397004
122770989
190048096
191940246
219121861
124374206
125080783
183347999
181962776
196197774
189588317
159119512
187674430
188876967
180201948
186072761
187607270
166779100
180093413
171695224
187546995
194773346
37914700
184064267
183287113
181852777
181172022
147900841
188878000
198141085
180821756
193875530
186779290
172345250
180379372
170862972
162726192
167315419
105195317
123575313
131999029
137888483
138644076
56615707
49628986
152364039
166051965
163441364
147404901
127201010
163235697
171060362
172028346
163143186
144716541
120827320
171266779
157326244
150636365
131701571
39474540
133043250
151761980
148810312
153095541
51033877
39094905
170814542
164000472
183355455
186969878
120102950
150968515
180525699
176973768
162798263
189328787
38168510
156465784
172774267
168520445
174549058
101958976
169571423
166972603
185336835
179110942
155691215
116403002
156765403
152974973
153957907
163505096
37725737
110257441
151874215
159716020
156172488
125828827
38426511
159469015
165937482
176271862
138469759
110035374
156497771
160108465
166964712
141624295
86127936
99197917
140680509
157158764
147679383
137441812
48597114
119342905
161901968
150666451
144019287
131460237
38661475
174797119
183956263
168965848
172983386
132918416
181645901
187004124
170118591
175172257
185322550
153546918
148069112
148382367
148999163
38653012
167951850
176023187
176833204
174175428
136027626
126329480
174215402
175164860
172558616
100879593
37535792
114768437
115836157
110462271
80692259
59285407
113563282
167671778
153706029
175486950
157706178
37684895
178067106
178677866
187508870
174082473
156191014
171536892
178234654
187524453
189746185
195962861
178660235
177892179
182067541
169229042
162716488
165052318
159405676
171444280
183115090
167533625
96641619
172848991
166809728
176723168
165041176
54654033
140331834
152675644
167020440
158073815
100201501
53738124
49714622
71991691
82642991
81655323
45612394
121672257
164935056
158453970
140337098
119809253
37335765
180656581
177857195
175104606
167567490
119901995
152950816
176099850
169878920
157329260
176921167
91050934
175274751
168602932
168533341
183427219
86638580
177257735
182230674
178927532
174845280
157206875
146272763
176112154
161737085
163100649
172343667
37707264
163410449
171064279
154097052
152565349
94805398
37796419
117054372
135693695
153280837
145391141
52560532
176165283
182386401
163855614
177051680
162744334
132786659
160253197
173463702
159303628
160260964
36647270
157709784
181215147
185535695
185692698
139848509
185232211
173854494
203533066
186240407
186940001
155304186
164479455
177889410
182031388
157609730
143397360
163252985
160039838
178855482
177482424
87217625
125952276
134747863
143427739
64212035
39837861
72876003
168799312
173522602
154209623
157997141
80316727
181129751
178103541
178712553
161958099
157198483
181078673
190670936
184456982
176688586
181192235
171381251
175271246
193069048
178185753
178025621
151429151
179781629
184120609
192143077
192341310
151267295
157705360
174173615
171376521
180489308
44400677
175812583
181977849
177638570
163426636
110465215
187891287
188536251
180983700
179379258
167200524
187740486
189047185
181305802
195758546
182593590
187203412
190715902
196075179
204428809
192682382
167778992
187403755
182974851
187255641
188942429
184509434
185673573
185619427
181826221
187760888
258518038
258899150
267755996
241684350
244627931
38709281
162426329
170159760
172611494
185501190
125568488
38888777
171109333
169184550
163296576
164039019
111692536
180226027
193256656
177717524
169626006
183027458
113761407
163341850
164397404
175913709
180305261
47840856
256982181
287977282
253225653
293553764
449147151
387616222
399880831
423948461
511938115
520006754
567578242
563969477
521687064
391572780
359530506
524633484
628309460
322196210
181554228
129642702
148708029
68776642
113036684
155371131
173508493
155396700
153208213
88127943
44798772
107712310
139907789
151823922
164866808
126991341
54843863
38863666
38497731
37553753
38106513
37946059
39625552
37248429
41000800
38531608
40677539
41222439
38169275
40986478
38507939
41194879
41284885
37637808
37653052
37322166
38592815
37384319
37515505
37845455
48848061
122677278
122029219
117414443
77525614
48717052
93681833
140730346
140926082
139766064
116222791
52639135
93027303
170527098
157268983
151607928
129795884
38198339
159587887
183232901
195600732
189987646
136446604
134081551
164841073
155257132
169351608
151330807
37936396
38078658
75865759
131827789
129110584
128773865
119603651
70302343
109679945
136431592
152817971
142398932
105075247
63658638
37877533
62264885
127621203
133599679
146418771
135678148
88208564
66721860
119227464
134668237
132061079
123611672
89187245
49693967
82646502
157021250
157683444
136961602
118249847
97873550
181847620
182356850
199975315
172485246
105935727
47728663
130683583
161950732
162316687
150722489
98082066
38724940
150996727
158747051
157201849
139154558
98058006
163025497
158932767
162148640
154290204
96983698
126229909
155002629
152309300
138581693
96449680
132989383
149119029
146295384
134904953
82178935
114613946
159377002
153377103
144683441
149212267
60209910
142303215
157187950
162219309
149843207
120642502
38366916
158673206
173389829
163894574
177470854
126576934
167444028
178088736
174657137
167482024
152204951
40483767
148735637
145628612
145240278
117565488
101436561
74254095
123024090
116820878
123007778
116149228
77369639
41368549
161968771
160064605
157278788
140761365
126196504
88556295
98179692
107635314
92182309
84762275
140633883
156440642
145411427
89651959
130282976
93652536
135719116
171577048
153732213
157981768
125679496
69156076
161360413
244508379
258792453
274974626
227897513
176035458
240049329
233344808
196544373
197344420
137399036
44392165
87239451
126486671
127385944
122964135
112847959
91813592
62782200
37594179
97811451
152047364
157310073
137720434
117916230
61514750
37765477
56357111
110095015
101465661
121402635
147649832
109496235
69920813
59294292
139657933
140496012
155768965
116269524
135954752
96172057
104889516
126952863
117570709
142663340
69500540
48546828
161215162
170737101
168036572
125146232
139201346
69392207
152265881
165743012
145436880
145315162
84958002
87708528
107139115
113309207
111279931
108608055
104238007
104481813
115235059
98137624
79683937
38550745
118383573
138604411
145345365
130907745
96584015
98919527
143775725
136683648
120083342
73643133
96052793
135051648
122322797
135608471
100752258
63998386
65713204
135516104
151396925
136842853
139172261
80883512
76001095
146903949
153056899
151217782
131828851
42140154
37865055
140187154
153740594
156660433
133150241
101686315
166569105
175607574
167824818
155481022
157504229
89912792
121041437
118762244
110645453
103183459
57659481
102751994
130020541
163643888
164613189
149484380
110088343
225757490
145338645
209448309
209589362
203030307
167496218
171632026
159396983
171988543
138433857
112725635
101223638
110087541
155703361
170530500
149795449
122848459
76336983
65149682
128400397
151734172
147851956
127298713
77692811
156801301
187920159
165566665
177676441
152473080
122061402
156046790
173644837
169417297
157349358
46124625
105495659
134630091
133947127
103162471
89129015
87567864
117018746
133323530
103201499
41437323
57502256
79433851
63293982
72481242
84195845
85093484
87799840
67203470
54382455
56379189
77145402
88120165
97346888
54793215
61743514
98326027
99307585
126207515
138817736
127094978
93186028
56844730
132587439
133982237
153218735
134120282
118663432
106632823
114202427
142174968
166976144
147716516
98592877
49659341
101783284
158367219
158884469
139530396
131367434
49811241
48050993
62856969
136496451
127034416
122737075
89998763
87415151
131240151
123590915
114143394
89210687
59986557
89258162
102143258
116907693
146828651
122591281
94738339
87424100
78276707
124839858
122092588
126625376
97971219
100428337
133050136
137908029
129141950
140372025
49454285
48998858
124809763
137247511
150814796
132734560
68447431
41776759
146256868
182583653
166898889
166855437
119240513
74571795
141129090
156867207
157800602
141242081
53042686
88555773
92159428
58936506
84461746
89458491
37983290
185987746
181616460
177217075
169495391
152390732
78343392
172505759
173561582
165360383
152559765
64841190
159456541
162532757
161297868
162980210
136183165
47782761
86764704
153201622
167750811
152848077
141166496
61665546
177380393
179478584
185025375
161613203
151721718
179250412
183833813
186881085
182204506
186168147
100942143
148322962
137322258
131457210
94179284
73015437
61663483
44104336
141446291
152884993
146385385
108722188
101428214
157571944
170245634
164111981
161245949
147088773
112608778
133773265
150178244
142179446
144577863
61828507
73843111
137685347
155410157
157178819
139251530
84798624
166176531
188390982
189861041
172010598
158215162
184527413
200569788
197034520
176135134
180668469
176507815
193589956
178998174
205679099
190873533
124772146
150622005
162161674
151660700
99304023
61127476
107331324
113396813
128630442
124194271
87861914
38856549
38108167
158198289
159977370
177286876
144260892
103572225
152962334
165713598
169986704
159985479
111962567
179835330
188960744
202663142
196098981
166593231
145127238
166052006
160371220
161254860
155153417
72351546
173099505
168760310
169405672
165008568
83510132
148497144
175921341
172752028
165406826
152720771
37656411
181254820
193450831
194467853
196201943
188653352
175416287
179311362
193248802
177036613
195269847
194833152
190207157
191320440
186048902
186923950
174398702
186895747
189199296
191433756
192086234
167440541
188357188
189881749
193194125
182511026
178367124
181292712
194060257
181542867
185971329
37936292
189995306
190702771
186269235
184661496
195947990
181992368
194090392
192609443
180602461
183017561
177308444
185385111
186186021
187122054
192201169
177367028
177470140
170286819
173922230
179623602
151044745
174885492
175214620
164808666
168089579
109717884
158182175
157666918
162681186
149952258
37244733
129595364
151070231
146556222
154223766
106571159
37473922
95268140
146909523
159331748
163274446
133437286
58668061
87499914
151302980
162416665
162136244
137942335
59351441
169592230
166948637
152919771
166395030
176542252
184864104
172195286
183234353
173913638
178123179
186176695
188181331
202857889
199432969
200041144
166925361
180435923
165189781
183756695
186359050
118557132
175420902
166496725
186594275
190090462
45734643
38416769
139589839
155790353
150494554
142348994
118502002
112888450
145915987
149802852
137793786
118619720
38566412
71140072
174231873
177011919
171035543
143609820
90561430
138425166
164075709
174384768
172338480
140531910
38208279
170471917
170870536
160729048
149416182
135001862
179984807
180116629
174533024
171772524
154059779
183980211
177819934
183954440
179907282
189898345
183043434
173307000
191396310
199459917
192760661
37880216
153764975
175446952
165861270
162341762
129153578
175290266
182490238
183419125
152511025
167444242
74901573
167724377
157758830
145604816
160375474
76035868
183573038
172289226
172301819
204113554
187966084
174363207
181575722
193631338
177137401
186231348
177909041
191272069
197000482
200667377
209813972
161534141
170574509
166411929
163237923
141831027
117411252
156050522
165482001
158663392
159567020
37625420
162597359
170258855
154497033
162070879
128051910
113155614
167561405
143506054
156219801
161701616
38453885
177423277
190917025
177517600
175394017
159806764
154554714
176177499
174087755
195091128
186234348
37465485
179908337
178737639
178983049
181017094
122307295
126414139
154525638
146579792
162943693
169665717
61011569
106897022
147534960
151167073
144382149
110975415
46227271
64428082
110873870
115397498
89617907
38028688
54016030
100194939
153567832
150897083
131462087
92859834
38945539
156178022
156819459
169459445
158052754
68696340
120724522
156113328
163190888
162332346
97612234
37708344
157629662
171598420
164857323
158479989
106390597
101415285
143297392
151253974
152986444
103882447
45316311
111349644
140202948
153381135
144183633
112111662
37880269
72825056
121551130
139546091
118241128
106836675
94041782
54931454
42895996
67734764
59467263
41286136
101118664
136768383
136668835
134800575
120268722
82456741
70192871
107100591
121184000
128345465
129472265
106644001
72479481
111857240
144040616
143539302
139251462
118917480
46535357
103067131
141983517
142966329
146901252
130727624
44228255
44217610
150131966
164252700
157753798
143608126
107973392
172790869
175149994
187145606
155365224
155384298
192449743
170601218
180395162
193644695
202040223
55435111
118366675
122339351
107705418
92377200
38340589
123404733
143217348
167019831
165702921
153041142
107355732
42782463
139994352
157297863
171374098
146224654
120202451
39298058
153048888
156243664
168008661
152364820
116208649
153722952
161007168
158103113
150792215
137837897
121811019
161349572
153769267
137389767
150330879
43462453
160426161
150043485
172297723
157128691
102264382
121375586
140527989
127099367
140243544
38986704
40550813
68510443
82015059
80068100
78337885
48965624
145469364
149853813
151450478
141690884
101162179
69416568
161257836
153022764
160232990
187085861
81560227
139334591
171368899
178005319
175511152
159211813
80318450
172464831
166369197
161427370
162158716
66963704
185086294
189160086
175885533
181757691
159621920
182012368
179576248
183231299
179469396
196064610
189928087
175968748
197549467
189941683
175277783
41025020
38193745
136683755
135606799
150040807
120013966
61978315
176921866
186040439
179145929
170736844
158002811
176692670
169456963
187349250
159095516
175405822
178403630
180435205
181493849
179321686
187210631
37969889
153362349
157862349
174658785
179458568
117691845
91764598
152240399
154644331
148585264
164830404
38553117
153525430
163135032
175183868
165004980
144256401
179203453
176730324
181277305
180598987
126928406
40650830
125073973
144601367
140251318
143023859
90459294
38670947
172618092
173512535
164698636
173406854
118570910
158209125
181310223
188552033
192435419
178854585
178027616
169785171
188833586
174868172
188251317
187551740
185571033
178964944
183481225
183636125
171290988
195236193
194391471
182912608
185482664
190377623
199230452
192035530
200011558
206167924
67455470
59784817
95813928
144764898
148204825
147964747
145091422
107767946
124937501
135502995
147842623
144153895
104229315
68774330
146797824
153546383
160253748
141632118
129777407
67490928
127211006
145474410
167313006
158420201
91993742
39195274
173522906
173675868
171284472
164825598
132548262
97225120
161714881
165898430
182906746
180314545
51173963
160333790
161161280
160883716
154261944
101424003
142248306
164692450
163685919
147805714
83620037
72335988
135921305
144320388
150416045
134090435
72265034
120997805
149100540
163945050
157271622
150983398
127733249
83864135
121413137
126954407
126350912
121591219
89385674
56755079
92426905
115677003
150508681
144236340
124643317
88955068
56792896
107189838
137499758
141248002
132133290
117991297
77440511
83447537
129100741
122556034
111414705
102361330
50315288
58400472
99311061
137849786
156770555
141862929
125088915
73680546
79930797
101381497
102802282
89411498
38322700
38394435
47937348
133392062
164984339
153395553
137867338
101359575
92593018
156881822
149178445
165806585
163781449
56909142
99337965
151533503
169191481
167319703
142639648
49393588
167069970
181819185
173083138
168375730
141382421
149856291
175451932
159222811
162589128
177294007
44561348
170414600
167911981
165499297
161909442
110151154
106751059
144479300
155594427
157327608
82090253
168740443
192386432
167836438
155593673
109845812
37703861
144619870
134910519
143688066
121326580
97040245
68171441
155093157
150103365
150607456
137128807
91977645
169722204
163015501
160612725
174202935
74952608
178854033
177674835
183367668
172088577
149325531
96216784
167893338
174815812
165765697
175952778
52026721
142214109
168044720
155889265
187691454
180491800
164107258
161864747
156426528
178953906
126262960
79001194
101450482
97320486
83556508
63230697
37684572
114303103
159129010
153101055
149305230
109304912
40497972
171083481
184866253
176194002
178157130
138161176
179776917
178256799
194237883
187867598
193994408
176551939
171735412
194981921
190029576
187601034
169999566
179244284
200652096
197722695
214899725
188749569
196416066
200262504
175744568
189161670
159286236
158886437
171529337
162734136
94021036
62587316
64974123
134590067
143729078
134032065
91258914
48502006
147857566
168256750
172453005
161293841
135020732
38660486
162149031
170621839
151974410
169510435
111367730
132716911
175419387
157918694
166512361
154836389
40971569
175998153
177851044
187693542
165514137
139319193
183562687
183561888
188366211
174112576
190592704
195870357
181947291
183252878
189175641
199211109
172050493
175841040
183403824
185020603
111012062
41671822
148991342
154893114
171626136
160966549
114848557
99457347
144440170
158332112
130163894
148965543
43574350
185224797
193011176
195650285
168414893
167870174
185769791
176189110
180203164
194680567
190416735
178012227
165733027
178337911
186252439
174316175
182135929
177654576
177035038
194647797
182412842
151152267
169171559
159911700
177626501
171832343
37565493
38630918
131508969
127411109
128305363
105081032
67269571
152553746
166182271
166826577
144506455
137971157
186211122
177767158
189433717
161329755
166516615
173495480
166085653
195209566
176050470
183372550
178421489
185453298
205894492
180103759
200048329
91053101
151990998
167686541
172025188
176632340
52419606
164071374
170932924
174037107
163772581
180839197
62563534
56218965
39312620
83279424
83805081
41272795
142421791
147791367
155152315
151719867
126224987
155075984
161709024
161341820
149518800
153998652
105509740
131247385
152683196
156454385
145258545
68337319
37520957
148209901
159729934
166432568
148472063
113363399
111200310
148722141
153999430
144437650
154117312
38277944
134670489
166799691
163361913
163713209
137961906
38903679
149847076
162620781
164889888
168730759
106729439
52203069
47386632
124541379
127047526
115496534
106328530
124186790
167362631
139729088
131918865
91903521
68180306
98101322
155409533
147470264
140796484
116710183
68558391
159018981
166789514
172151130
142197634
156877635
91612646
177020377
157999970
178195104
151982682
63168459
173081373
187566637
169668217
173354830
160928243
173827233
190723951
196626972
176603883
184770344
187669529
181800732
175894043
176946088
180979952
174543181
180431443
180072326
184525702
182263045
184133470
182794068
181323149
180727613
181799701
168023649
178453030
185571040
176642782
174454923
116719454
160119379
156844815
169750677
175019320
38794916
180863344
178823587
174231548
192759776
169840609
169319569
182471726
167037580
186440826
196173303
180867552
188621999
193811555
182339662
192363999
177191170
187769890
204376452
210678660
211499231
177972833
182944844
177215126
185321091
189855939
180469547
185168858
187529670
175013084
199332737
66797890
159251101
182412624
179071901
176194099
83403024
160771490
170677502
181067026
184014490
164708252
91346805
163337722
173171816
168027606
179529904
54388914
177802515
172931427
186298132
180124602
162070565
157514937
169848367
167249183
181319989
143006456
38575775
88844900
152740661
157659853
147325826
102806298
40270555
187550589
193660598
175595752
183428582
148476441
189421748
185619693
178125843
176949840
185398685
173776916
198556725
188845107
191852635
197621838
181928188
176899337
180371215
194299403
186796146
180330674
192294579
177916778
196471029
176498207
38465356
154136781
166077889
169168834
171973531
71977049
137172723
142019498
168982906
163728720
142655732
74403329
37611803
177277027
169039397
174660781
156003059
130918786
178018929
188945666
174242099
191415367
196786052
169911047
182601281
180974524
181963562
189837099
179669360
193597628
181885217
191050842
189467383
171865756
190771528
175859963
175130746
185773940
63479792
60878276
125000852
121664939
118675380
54826380
44468905
98399321
143715309
161895616
159432809
125111270
61833459
168718035
172292623
172654175
160527946
97054632
130000877
179023305
175107468
167758370
146821151
37274197
174509218
175519813
173352398
177553731
131814810
184290910
169368779
180703556
201735432
187309784
142922187
168276274
167785714
161054154
161831086
38593043
173650692
160778251
173924158
189898335
130132451
192250381
188249851
198424540
181550324
189799042
150266950
173580573
175616904
163261936
160411194
38153998
157801135
170886969
193527982
184480231
121799174
148420755
163415406
174394195
174803103
187645342
68993789
159321897
159972771
162398643
168459163
75632317
95004617
172462380
166890398
173115983
170553470
55647310
176304498
189304381
194264538
175793150
154339569
172237116
187968459
181338191
199576284
196735688
170097280
183352461
180756883
173538239
165426613
109848913
156248840
143751766
152637652
167123830
37944923
142236733
141937182
158836766
137685174
154847774
40372042
136123723
134511407
193040688
156370025
47633061
63449823
84373585
56608482
142222162
150885995
150759044
122804459
144319759
130346049
142863686
150545495
144765419
149604350
128284257
169851419
151539729
159958222
149242318
37364719
168991622
160576788
176853009
177634209
133657216
179111165
187523136
184839948
165920860
177239233
152675402
157112544
165065098
173807450
183418908
67475415
43191905
156005971
162805446
172934853
147475086
103717796
155200490
171908208
173442566
158021158
167068001
138169729
173069057
167170194
172095529
155163029
37370120
93976418
118357164
112331889
58088424
36862350
141913482
157639314
151259322
134532778
128519443
99470538
143592553
141505741
141599939
152832625
53814442
111826092
164298556
157193074
178543474
148267963
43838739
167122198
190838305
178925037
184457002
144521669
177412300
195124480
192553427
181678091
189436186
182481297
188673248
196739285
186143161
188589842
185514213
194478063
195968159
202980036
200424516
125966750
130879732
128643631
96166731
99775573
87592743
149581889
146848540
138992564
168538290
57708239
149958680
171898112
146691437
174020043
186887525
38451849
156349929
179226993
171857095
185422993
146853364
76747305
173515502
150386509
168888258
179870859
69520286
168580029
187053541
188675967
156965627
186068854
173618464
174121945
183504729
186834581
196035079
166549551
185305332
179738735
176882851
176205328
76144481
77187035
115946713
111942657
109119718
58748312
149237256
160097339
158236378
170526111
141904902
61611577
180946927
182050707
176945138
163788364
139930441
142879168
158980594
175373357
176522831
156323461
39352890
165972216
172452270
177697045
182606659
115621207
112749067
169115396
172229268
179709060
186797875
39364894
167267414
189630018
182059081
171475724
156025054
136742972
159027338
164845379
162510870
97259444
39138028
161643121
167258098
185158427
186461100
131954960
179186640
190128317
171853747
160013516
165860255
185927435
184860279
175642274
185238710
179255580
173000907
189332482
179723066
182280469
197532462
179818478
171038856
190931417
180363795
184498588
126451566
162534243
162778055
170061392
165533928
39264378
187065294
181279352
190583900
191674645
149531509
79631336
71373854
100500013
105007208
96398918
105217906
146442826
155041574
129195503
135498138
38963716
38351004
142036480
152597437
139393932
119909648
39272731
138624124
142633735
148609996
147299391
116703803
111922238
121208132
119423781
137901384
124263834
84486627
106252919
137719875
134948732
123315887
91223868
65447123
140367286
158525955
155995997
125547710
130260334
178031803
177021426
179201376
175368841
173402998
68766837
65717356
68478623
83838749
80898308
173953923
186515012
178260756
164976844
149748372
44104426
137203006
173777249
153837509
156693866
104398960
37759631
162053689
174178679
179754012
179327434
126131347
145277558
173076765
172879082
152650757
166697195
37922608
146257432
144120509
147929924
120378371
133281710
135789317
153367471
154979808
148021895
159063582
38927958
93447418
138086925
134539780
137963778
86613876
48636414
38503023
114328238
120359686
111879597
85899891
94919432
119994231
146781156
137190948
149703472
103693868
55293568
111684239
134211917
162655530
123347899
109096086
37794197
101678954
151861800
145404877
141122002
112304930
43981093
143223467
170731316
168286933
153865098
129884158
167096291
183873929
169197136
178586446
184761497
88436298
171327116
163022096
171854396
175955533
76397009
198709689
182584608
188471000
188972724
175864583
138579459
168287753
167468478
164751724
181882521
38442874
160494296
158987514
174024055
174751451
126616407
159828862
178222323
171557855
153338987
186503582
38134963
182403692
179218520
196791702
183141825
121928916
170898452
190487786
195281042
173342770
182060859
179832734
185867448
181236357
192892517
175251930
188300148
192829991
182030510
194792698
195463293
161190989
172562182
179105991
173888306
176386130
82093817
161235635
172380371
169701845
169067506
61178143
171437403
167304756
173817570
163631984
145808198
160430566
180015312
180559844
159319959
171128108
100876759
138047623
133531786
153187976
158698450
42493821
38630892
166565846
174757388
168922763
152175532
109710052
128629250
172985236
170074880
177073852
159198660
37694067
64968101
63734592
84776147
85627180
48697886
57899536
147000122
162422864
178731791
154861421
90076388
117719103
159483909
156386825
157026463
145651765
41291499
172510093
179743366
180320579
187144864
124071223
180972688
191264234
174666959
191044916
195872304
141391772
163454966
178632764
153432406
161725954
37663656
121876626
162014355
169470098
170231816
114205235
158843341
177700620
173456703
180274797
177723896
73752964
162848588
168011961
155698253
172404424
71307577
171641885
183325795
167668529
171008832
170673370
133594995
175183295
169411410
174521251
174261702
42710246
322884469
366321074
334691618
344062563
277074836
141208809
151984417
80742390
111457707
149277152
138874284
139583245
115489252
59831498
134098040
145356309
149909600
131915840
120974530
123323202
135533830
127970067
149233087
131365022
125089914
152558939
145898324
141275480
138445534
71888705
89827774
125754087
149962591
158046436
131326057
90332235
47116568
125979139
147097044
147662466
148181890
122153443
71098896
157800433
153111653
159131805
148276476
55140963
159521401
164623934
177863803
171803980
148509426
141937676
165711803
160859197
181095897
162785102
38950141
169941890
173546568
177746578
182621147
119556095
167820985
183831424
149955351
175594453
176664505
37490206
144484536
164560793
170649259
149401267
118766734
37700050
175203097
182621087
177042959
173834478
128184133
169421979
179821325
169016505
195000933
162646773
131561759
162695209
165066528
173410337
172324797
37989990
177904361
163984088
172695347
179103800
120632738
177894254
181163051
179847446
186082684
172446265
178852970
180361083
178093167
173926024
174402067
115071976
141188346
150988583
133273560
74899844
50334516
131771252
143481396
142370140
143010046
94287670
100731523
136825113
146018509
153141665
167801893
72580714
46624154
145791310
149050416
159640119
140025553
115952414
154786283
167809943
150925334
170492969
148788844
119064679
143871974
153420775
153091938
162664001
77636044
39741539
171743602
172292479
177843709
152626983
118422587
190613571
185976701
178605244
172298271
177647666
136909676
145150752
144459304
99846345
102674443
145582389
151142218
143566677
145380855
126109984
130157801
147112637
145865037
157907896
143408823
65547373
126913188
154185056
149840945
164496499
101591598
41925084
140807512
153591009
178959194
163450181
135379400
123665347
156951757
162821858
172303640
170037741
37406940
170866090
167275998
178343448
179314690
134018574
110799075
169888590
168990496
173994780
174860593
161474922
173327764
171671889
167751139
100175798
216427136
211357683
229002553
225270832
260210650
217985952
182238016
260797607
312944948
336081922
340803380
328092892
263506650
233930837
273010434
229446574
180573612
159097866
137634968
149532098
148683854
146624800
149810824
152830102
147725407
162769254
162979905
147240863
132802201
131153870
113516417
139720287
171930414
175005666
173044078
163961597
125942574
75309367
51477344
111600749
142068573
139792581
134810558
92029754
75488554
87951089
121442061
131115930
131302362
115868117
95689612
60409569
86417105
142354839
127210835
139612876
125409260
66713126
77380998
110841163
114146838
136076596
137142752
47278428
37417125
172329460
178508812
186177659
163381835
131531789
41229846
44856840
173448785
169731289
166995672
160533180
117850500
140698079
173012094
158823569
171699991
150157264
40008522
139500873
153948122
181278714
147386367
110046989
40427634
37610856
44393378
109811770
107918742
120231307
100215403
131304571
90320199
95353899
90172555
63896279
152783476
164294262
168531424
152038057
121618390
173869027
182566823
161922486
175117268
180193759
192561914
202392625
181207078
197995407
188295715
170863784
178989033
185414196
191955830
195937332
130849496
160333514
155259770
178293215
161368382
38255440
111518425
138489620
137003121
123373631
82379405
86462257
95010081
135006112
125172699
142863214
98726793
89802320
120990431
149439239
146269307
117139440
123156205
88556352
94295538
143813184
141363271
142765242
121820129
85581214
82999368
126823412
165266784
152978014
139709930
107088494
37369449
169645768
186367485
178308094
173509155
142140416
136505795
171759269
180317607
163831327
174883764
43972910
168893153
179777012
181381753
182305674
124031375
84674631
114206476
115554220
111937134
98779748
66905383
323957042
92261019
422733375
383895957
427212173
47257764
130097611
134236570
142759080
140245081
100694486
147598040
140721408
135972176
150612881
147717337
89574293
142594125
154941868
166505729
172163653
117194410
47046883
165830468
184891042
170707529
172227830
139463645
149898825
165263187
163692259
175493789
182381998
39975385
39155412
114759451
116507522
121395741
50055120
73464495
143780736
129793916
139484086
105613358
68999642
41856544
171510906
170662254
169754027
150165120
112023819
124352520
149682957
182876426
158825429
180057185
48463387
160504639
171267906
180228140
184273658
151422765
126015791
161057821
169300180
162751603
180582904
40824455
167841131
171822286
175778218
166791687
134956335
173778789
171732885
177476996
174119209
192668393
39618169
160210893
151108126
167657258
165044532
67494098
168430146
185015502
189456871
161222233
163204555
137875567
176973849
159260622
172632908
181050950
40371767
169328866
170068296
176913018
166384208
118505183
180629409
186849323
184760885
187102743
199536133
174266345
191447234
191937984
173908194
170475784
169436807
164968100
183923387
176977249
177627415
137381294
156756897
155269384
153924596
79638676
158545993
163108711
161945469
134373084
164894643
158645942
175343049
155667449
163623441
177232047
57620258
155587106
156442326
168805439
139845101
97553504
187562085
183642365
195184055
175213814
159055479
176986630
183559590
177507821
162016272
169488324
40043091
187937171
182493624
183751226
180085996
124309114
197155192
191574997
199356140
181038538
191335996
178918059
167960036
177036980
187076921
111240711
116966362
144819446
143167552
123372296
127070733
38507777
63203951
154393811
155088947
161959925
133309783
81840494
142238114
163170219
172975238
163630494
150086655
39430089
162363889
170525793
161944588
166520649
120626509
135599679
164081916
167931066
163270690
177214443
66421509
166392235
159930498
166240946
177141876
85933068
139446849
174292266
165127216
158367493
168920610
37848742
76624492
75920496
109624535
108178160
97181812
80195482
98708931
111481542
123465777
109242544
68559919
120319464
123987810
132454647
115370584
86401166
115886195
123660539
134721154
190463087
180270697
142968318
96474487
126563181
145928533
136969976
135624725
94292218
67154096
148242151
165358103
163273404
158807197
103738141
49578061
102508012
148927607
170111346
159261146
133015463
51307568
95068412
158446453
155198873
167255925
142306235
54705872
117674077
144902370
154567030
130263197
67883400
131838400
135239350
132375109
147326725
122513017
98733393
113020847
148560432
155818794
165369956
119443995
60739693
164427063
166707117
183849393
142319193
160684375
174566006
178976287
176326743
174740414
180035983
165234459
173047713
183566282
185315320
182834794
177293514
171657840
180031153
170805677
190832260
133555763
167837830
175084635
158448088
174980162
40573234
127212207
125472483
121304246
60062439
41650784
136750395
155719476
152420840
134230630
133480801
84571175
183498167
185593160
175277991
163560756
79294718
132033771
167357322
157016683
171089174
143667407
37590689
178433480
177726168
184795730
182272416
121956760
186274056
176489487
193353690
200331870
191341831
176024499
181078345
170315589
177695722
196242426
176800091
183357401
178117649
188351389
172925205
65438663
61924750
114200846
109650474
110323688
65646549
125330911
133079481
144109408
137133837
70276167
52974670
128527734
157404685
158821332
139571843
133575852
150270359
147999767
148715286
147855548
169841640
60384708
81366484
140636927
142334301
148119806
115437535
38178353
41284758
155443252
163976713
152010905
137331535
91111530
153638240
175556174
164652260
158692260
189332885
137002984
173300434
186590493
155830232
154091623
41812811
151450569
166536080
161532312
162134384
104852755
67316028
159061683
162165503
174089468
153752686
86505036
114383535
151399357
143691497
170578124
186542944
41919711
164805161
183731830
180779825
185402558
147643834
157509163
180508108
172471606
168949927
149406098
38244592
179579002
179450596
171067507
176655566
125441394
172163496
193750283
173135518
196355950
192402084
175869123
186827235
177349119
186417910
190857144
144614973
165075911
172440805
179972989
171151612
38538573
177565135
177409181
177506958
183356792
117227472
191524803
187840972
175576642
199615712
183335664
178810540
177315909
188682877
191882128
199288351
186603002
188802699
190138674
184476072
206368663
173249682
172153789
166081402
182452168
173452643
165198863
174281237
176300542
168847403
196676641
38291471
170245890
164674705
165313531
158115971
86561696
187946618
190109798
169805372
187157130
195155221
183801531
187687715
184366111
172771014
183021154
189349325
188937855
189531151
179667516
193681460
197076999
196960550
183243889
181238843
187713925
172951627
180218246
167978683
167572181
184716746
150931868
160455951
182594503
174785028
181139425
44792706
39252508
102817662
117108717
118331586
90477281
96393106
73348886
131545419
190967922
155890263
153188504
116640584
109136245
117846445
126030999
150965940
151740693
125531297
108359617
54714449
143462618
159167508
149940684
137744220
104154283
118370698
165152453
162637971
149047453
159117296
38134463
172166797
174681212
171534726
187144479
138998655
179166987
172215830
181078825
185127824
190102689
84315425
78085821
96017991
96922565
101147043
48645334
145639437
152433128
164941042
138669050
105380469
137649551
165951289
159020301
152408901
148602119
134736416
159342573
159607566
155507650
160723156
38424082
96028579
157514610
166631327
171443786
132367971
56839196
108158989
168105731
158263187
166512900
147460427
39734762
193545447
189403849
182981540
191690146
156012007
172645066
176354743
170252875
168968832
165791254
44925182
141785265
143485593
156269564
145479359
51773731
128947949
156808203
170121716
163347926
125400273
46348473
156262409
162773150
166534008
168194379
111911151
107866162
172666397
173995021
177415275
154227292
45069340
126696443
157621099
157602748
159596220
139942719
38940813
100622736
155740636
152429262
152378318
133890016
41794610
143230279
169355952
165034410
178032275
146296719
187180582
192831104
194628826
196308254
196750754
54658090
104946348
117894185
131874274
129456165
108373372
69509902
74770576
146467794
154612979
139914320
121076683
88798127
146445532
166606263
161081419
146246091
133547167
81208925
168388528
172218670
149103626
159589466
94201450
103179420
103116355
78547979
37776533
59850238
70739198
51271726
38739638
45833697
41201929
39172136
75434677
76434635
45351749
39707314
59681291
79948383
61407640
45869804
45455795
72973867
103512959
125787748
133168915
130469569
103649552
73194311
43297448
85393285
145838425
134713571
123977435
74448943
37874274
169650470
180079111
171496972
161832751
130450567
139335087
178413975
178721384
167837592
176668068
38070763
170520549
184285564
170005902
192962793
135979731
137970890
152534049
172087343
176492650
160729657
41189138
151231268
144169555
149119838
115575679
101105102
37797243
40684586
38796236
81757632
79002725
109136085
117537085
118345450
99423293
75697329
125773700
134800142
148291005
125933179
131282262
69801417
113339192
161131689
142110035
145422111
104739421
57409316
160876397
166894047
179139251
160586626
135492431
130499114
184264658
170732766
160991742
159235467
37840933
178971399
175718793
168966819
188119020
133457669
179164113
182232649
182928335
191211503
177478414
59459097
57216865
111040321
131548550
127798198
67821279
96903790
145973299
146646302
187603767
153781219
60139582
168607425
174708122
181253009
167787420
144832941
161693896
189308032
171069288
162402024
167487276
37789068
173056790
166573046
172245425
160397405
115946830
162529989
174486096
161095668
171827658
188345305
86789832
167614270
172509722
153979559
175807250
62512523
177157604
180884215
174324286
170770281
147987016
38221043
163145636
166886218
172176691
175390031
133511936
171200353
195980020
189184114
205628160
189389703
178517198
184814396
173706532
188033897
180071847
150606247
173755715
175703952
181835552
189893305
75638814
156457283
169474875
162465432
167335747
84685737
143672350
175884805
169294163
169708410
156761708
66453347
134046349
146742974
140304633
111630394
80593003
37441276
100946400
143028639
136404337
120872184
95885254
53540211
145615073
150851457
141850613
137863502
116372055
124642702
156117314
160407181
143311663
140960277
38707123
138069651
159727562
162111252
159014263
118713466
37623616
150236317
178675507
179368780
177517343
132725155
81584251
156823479
162835204
166589425
171727224
67602735
188557724
193646390
179101858
166015701
187794849
152294866
166016552
173274735
162981987
126827651
37524907
112826118
156955454
169561222
150111408
116403040
39137055
169496538
182401733
189472947
189097148
126005402
163193727
185234931
171872385
179740394
161350402
99805439
177442327
185943996
185054913
189303659
59976593
176794379
190714946
191310638
197679150
173901789
190373824
196854769
181421457
179523167
185967370
184081841
180516766
178671152
184017005
115172417
166215002
175722786
181488368
177094499
178179986
133010763
172973557
173729622
157479567
159980030
38093839
173921761
181856867
165349118
168737106
130473949
178171735
183613917
181708937
172204645
173296904
187163722
189688755
190229397
191193726
203305085
180360496
192741184
184741149
196514411
201845262
132758947
172895530
173626384
170560546
123366622
37712026
177250006
181827740
173285374
190019192
123397084
169951980
189378213
184897433
199066375
188369697
189060708
187206289
187995623
181897414
199013239
156859101
168816653
164453173
165212362
166103382
57571843
160847101
169154200
158063697
150794762
92629233
129654661
163072244
176065855
182234953
155820270
40676232
176776557
152987790
171242217
175819779
45095969
37383890
157325012
164696070
160752225
173934113
73546483
144619177
149801312
179755989
168461727
174119048
38228986
165600697
175875249
184556357
182466025
119660548
189557302
183786047
198757250
179058237
207855553
118718874
158848929
175588651
158438293
162793713
37613866
168872061
195071500
173746467
145924671
187665778
175703819
192723675
188800292
198000859
191824454
72102039
72374043
92066622
100474352
101373860
153282725
157309716
164324078
145590751
143436338
78291884
140066510
148028079
155582055
156528029
66389595
38222230
149658682
153799151
149781784
131781528
37310273
146081883
150471668
156545654
160058844
145866237
88387599
155399404
142452742
147935414
148922594
45129629
167170280
188028394
168612290
164301386
127215614
165967411
172136927
179925180
168969244
178253223
91588819
91793695
120550673
107621323
103734720
120861951
158087086
161099089
157814943
166779413
37969705
102153953
165010806
163447704
172234172
140140954
43994375
188556761
183352723
186125246
200212542
162834108
186923249
186502639
179152558
172390347
189593423
179449929
179507571
188425210
194971144
190161224
195153323
185569253
191408641
191102476
195977816
191771385
176635458
184555144
192419195
175928972
69255005
148957392
151239508
149396456
142599648
75932183
97976820
159246728
152796977
163741041
153705110
50570207
165620156
178877110
176932872
167372827
147158357
96493147
176421017
161631507
171026680
181581823
52793746
181472064
189818250
187817372
188996469
159129220
170787239
167818093
198702946
171464955
184930236
38039807
171526731
173629805
181095258
183702260
111890705
63239615
59870638
103875751
103879349
89861700
151033860
163551734
143173493
171957990
153159252
39458816
96099045
139757733
158358098
157917920
119606485
38493164
169268926
172314925
173611900
171484539
130220340
118770665
166399454
154697765
144003163
141245600
38303369
180837361
185322682
185894946
179914235
136616222
182568006
168856976
180306688
180422023
186219881
137727359
166323426
174182721
181219548
181945164
40861828
186263066
181570140
184366755
185782754
177834241
45836753
67106370
133638511
126935252
132168011
78820031
123172687
148976369
150274532
139719740
103901827
38074811
142830267
158491121
162407036
149996541
142046241
61437005
74274977
159723552
159131699
141641965
135780420
78653049
166095764
178727692
176554762
161124288
148588743
133267273
139247677
145402438
149801778
150486931
37956230
38855945
68570887
76217884
60868579
61898443
44600588
151746861
158578441
153019053
142781902
120281465
153039018
152613770
161691227
171686761
145987588
95213761
150462420
164567121
157281005
167746182
45497576
138360952
150920194
158795975
150112914
104825378
188274517
183597689
189740341
182111181
207733835
177165646
175767580
177868953
189746087
181879205
180126175
184666699
196495534
194111256
183911594
182009524
181312581
196357058
191962667
190916617
148945797
171100125
158277457
169317228
170216448
59853990
170811604
173301570
170730062
181615394
92122177
171005167
185916423
192487093
174724107
161306044
180429968
175022817
185864976
171347211
172458730
196743409
201978962
196524011
193183558
190756023
162510448
172864938
187453796
169745956
180372582
182604688
196668058
199953357
185022395
191393247
181660185
174099002
180765024
192488717
203801475
146865235
169651588
179202559
163012614
181918792
40182299
163943814
172804541
154237589
161417132
119799623
175919574
176528516
183599315
183267372
163478068
157774405
180922503
178058455
168421467
170590494
74569106
143603791
157381252
170099714
179072363
73236317
40783795
150781439
164906083
151422529
183370098
83111824
119861906
127727736
151532881
159756428
139628551
99404245
57360087
172304157
176006869
171932986
152770658
127953637
140928203
175523611
151134108
173709731
149404977
37933792
161755798
169002013
178219487
182191351
147735930
110567541
170524375
160702699
168617895
159504302
40510074
173724283
182886231
183411576
172839844
152086089
95174115
148174482
163955304
180268376
162814391
38086180
194859304
186982225
185310836
189967976
172029471
128817604
164832920
165219326
172967426
174362417
38326932
151912390
169087069
174805903
176298033
129625972
183885921
178030185
194117387
190760441
201186829
176279587
188656689
178567637
173522829
174739598
184821063
188826945
182731738
186609896
188152001
187095548
174790355
188359258
179548783
180558321
172506514
178925746
190789384
196418406
182485090
118706761
170703668
162330679
160961592
173523636
38971099
178298950
172743412
171658676
173965328
142868701
178260062
190169154
193437996
175937143
168345911
181340176
179792297
173431506
169423602
182798973
182647028
196112465
182265142
188247437
180771154
185734185
186457088
193726312
188394648
181876609
160761078
172661109
175411029
178509610
179540816
54903319
93332634
132029724
141910361
177320571
142077710
112423393
74934952
101533839
139835733
140607657
131585234
108491407
112954021
156595170
157633520
147598214
141497653
55984858
91830527
176266664
163896592
177912306
140721834
59540193
142204233
150007332
141238700
142076789
98954108
146878202
164281210
165299839
143230463
112702820
136430717
126409535
120990825
47905305
125981191
112191428
126589883
62321536
148536780
138584387
143336502
116320241
130804169
133799429
147192247
116090602
104889166
101209337
84230588
110640431
107385609
85486811
39412663
73566115
75941605
76348525
72945080
44602212
41079878
38046576
43890919
37479189
44397726
37362418
37514642
38379719
