40562826
40131206
39631666
42116659
40973472
39404634
87821100
93373517
75611000
53998802
104973892
103812860
106583889
123773303
89181446
134016643
125804015
129956343
106960073
52570832
118843126
130459866
141155039
134142636
124378960
63158203
85320479
167100231
163864464
152295760
124286324
87754325
64604176
149407945
152726995
147690876
129653923
90234089
112769744
120168960
112539481
96749797
61896914
80238097
83430939
76527268
52383346
123390173
149381174
124319825
109368502
49238807
97851178
113288555
107784735
56078206
78687085
124293123
149970652
140039601
137883315
73023527
39875165
114997666
150906730
148410385
120856872
115437906
119196547
148038087
167441074
165299300
161050363
39673345
108626480
166163050
167575098
184390293
140605404
46932859
188390364
190306078
177172137
197301409
148507998
171983398
183830995
177944809
178160679
118358588
165860187
153953116
172328357
148796167
95001799
118516213
156450675
150692831
144097925
92578671
40093118
120833349
139718723
145094177
124037203
103038648
55910650
147233147
150114318
148409804
118648339
72241946
107655950
177436924
196678665
150164156
178082101
59094033
177792809
182451086
170626015
170705360
145439511
118292084
163464376
162262632
149943550
171570011
42090986
70809688
97089356
81798235
61366498
38372839
89912244
124037170
122794853
104438685
90921793
58427121
39237130
65858973
104407756
134322140
161643739
156364039
119722240
73765887
158530921
214045586
170852784
234126097
195039310
153186672
152729330
157935950
116639702
135783090
98121985
172195880
167768815
169257364
181482891
154149623
177997643
148194410
145644983
134666127
121077114
60488639
124480624
124486054
116595564
109729919
82591459
120161505
130272403
121250519
122530657
107488347
115124366
128280330
136401479
117594515
38899674
124831798
163433481
147539593
139983622
130020198
82723538
124203783
119802932
156846982
149095377
136397835
89435164
166872744
174048853
157109142
174047280
182162708
151114106
171532186
148834493
156246395
166016926
57046335
156582989
171061235
165518434
170659457
108596458
184757538
188819925
196444715
171650251
155989679
158999584
176040608
179082258
186712317
119287723
160898575
180611224
177907857
178320818
125319472
166333987
153143149
167883165
175481733
103413759
172978247
173021942
171505160
162554299
140839538
167435229
172769001
161085030
155110675
125265228
169784580
180539003
181228105
165384187
166662311
111125860
166698504
167886636
161411966
151183602
38405132
177750360
163565639
193256594
176367136
158561380
168829331
174443197
162228739
155011530
86835067
151573048
149947388
153107802
145897903
101790144
125387244
165282181
156153887
150493326
105471729
166078494
176577054
176731463
176184476
154853912
182257292
179338914
191224705
205676809
151124426
186463619
183529531
191393559
163220693
176139594
176107257
176609436
181092769
183234331
185577248
86870815
174106631
154181782
149602020
161443062
41280248
180264837
180748219
165773155
165957134
113988247
145373720
159805035
152750617
142946457
86724201
88403313
134101713
134434451
128937433
104772912
60072363
42304099
158313418
174765446
170881869
149115169
136185332
62421269
110824739
119998331
120109778
89750049
81163544
75247975
160932899
143077287
147637156
138870576
89717177
75248882
130190484
132821382
147262646
167225828
87354928
44717706
156556682
178023279
167554813
159676558
126746236
148574374
155293280
155782604
140855717
70358904
105155315
164775590
181232022
145851479
115551374
60950509
183985196
229920928
160477415
243488516
144955900
132679746
148589326
117961978
169837417
174575415
53933754
46186787
114663875
129018631
136440365
134693230
125279936
76957414
57753116
117755495
148890535
148968830
128538488
121535631
66165400
146903279
156678394
152135450
151956328
94784758
45912959
161576249
158560419
150344496
170307295
96025317
154576417
148120253
152940169
140118076
97771399
62753896
79071177
122748234
116343837
100720353
83164897
49703303
52894613
146530965
156722050
145067359
132624438
93941904
158007507
161865775
156663908
147487396
127565928
83118401
136079830
146604412
146045233
118697914
67014944
55137502
171854890
175440146
158048881
146910506
100414524
180578671
177223223
176996572
170373845
160703754
184323069
192143782
172693883
187397409
185298017
168065608
160459551
156912688
173088849
104510503
39238180
127976318
128608383
151231899
111971083
129104717
69342764
123462603
154292348
143634845
160209914
122415954
50717384
60112355
155134896
154835279
169949030
138190988
94964042
107704708
149689774
141991466
132205480
80412372
42563097
104289923
152531393
141624237
129610731
118402263
39295992
118459097
159460447
159824596
150519665
118001700
39453302
159328981
169520466
166178327
186034065
119554390
155189772
159028700
150102499
174114498
98853437
145432405
186161824
212566784
208067935
209219202
90568383
163457187
159493795
207454433
210441334
126097770
206051415
227910662
225931304
258519230
122588748
87455796
123966322
200098634
247691041
267742719
247775855
162782782
270668820
288225955
296053016
292685817
267804345
209359371
150867622
111645937
82439556
114236341
127131472
133463565
121904253
109120044
62418880
49207092
38944814
117356330
124646454
82098845
92556660
124668984
187996227
188861707
232727446
160808913
143878588
173427712
146468745
81033832
135436043
140382770
145450227
132732022
106134688
69034682
102994766
135670024
155573354
163350496
125484005
79336666
52190165
43799482
125897422
150494186
150166521
132895306
112544211
148459588
166013166
159376428
132841743
102597220
192002137
186020516
192770266
156457177
169444215
169080763
176704538
186745689
186571854
116369829
186104556
202723635
199822704
189706241
189543580
162648107
170068179
162835568
155562684
75655325
173262584
177415019
191755786
165063676
121067667
192483005
196564323
180921002
187804494
181554168
149677368
182459457
180706784
192643263
106123140
137058697
135987091
134808202
105153261
103714822
119240659
140579955
141513125
132570245
139471408
89739500
83328275
140436800
150123893
145762056
140513807
105474037
42795130
40323231
85033169
79603523
115814230
163518556
199829769
251982487
316010381
279388299
237684730
199868395
611443271
142094486
614325001
295983790
295889175
312926417
272568885
237091365
220250449
184991990
172927886
179750536
177989088
153806399
158724109
143372344
129564472
129673336
134063271
128909809
139232665
124633311
120733793
100994504
97995860
91008244
88309589
82515695
79277359
112158194
117704681
126687406
115796113
95734335
54935776
59690513
95545761
88187111
82801857
79875801
75000143
63526425
68252810
79016570
98233294
119654966
95112900
52661316
62756294
144106606
131645314
152831265
124042786
48834963
81089799
130009200
134541845
127622492
112881636
47471943
146849993
153050719
160211680
169108313
133803101
115926646
144375268
146414615
142968258
122657134
38332791
70460274
131884529
120707412
137971940
44478099
38770621
54864650
92563808
94464582
78627429
112060335
113059407
117597114
137273143
100417612
54152001
170266799
177963585
170984725
163157446
146876694
189973443
183159301
180667485
194136958
182962053
242767412
317590825
389592625
407220662
519874149
400528597
463589380
392444271
550217891
334159456
323934805
303959805
286058550
284206742
248547194
159256092
148852357
97294218
51898630
67612240
126545060
122383767
112922472
86090925
71149047
155823426
156298106
166714213
146465474
79149723
122754088
154040130
162960832
152108354
139873810
38851685
146812669
154993938
172783991
162268652
129114725
88658031
162725833
147721645
166125676
167668306
62073258
175248189
178275906
183909092
164273063
171292741
154819990
157660992
166507559
176824595
110521370
76261157
133981777
139815505
128443311
72547683
39225285
103933258
130930478
134471150
130082861
101498026
57496211
103737022
155234793
143037028
160336970
123164671
67391272
90348629
150815527
143613756
132978073
156977880
58984422
122905816
152006510
148341906
153747989
134385537
96263685
163407871
155658336
151439790
176300558
68708731
157198138
176638200
176829382
167190001
148850353
116605831
153276548
173273308
167965956
148055501
45377430
160615075
171699534
157246332
146475482
104634073
62520920
56620704
124750947
115944330
109035613
57797863
39180545
100277810
111747211
122761252
75298547
57443297
49071628
151718564
153889710
146055121
131186356
63348147
164266009
168237545
165028251
142915757
144625790
100125419
158881995
163983346
151099685
152463966
50272311
88402960
169924701
183786992
173693210
167367939
70340627
168732178
187131579
173188852
193514721
131425302
97162572
158463121
135687429
162900232
92451160
69666084
66298544
114397359
126294088
129596903
106296183
65718399
51993311
129994504
134589760
127346909
143670131
109467562
177658690
179126650
182693520
161309288
154281923
193841676
172665768
197881506
186058065
188279400
160190542
170780186
181316287
182340020
184084773
103653088
175608096
176698450
172441451
185463240
52249573
159002553
171495962
172046760
168502974
145201699
42169894
85383348
113980129
82901921
92276751
42510696
146122079
161612353
154064232
146599296
130584288
127117837
166689589
167434957
150435887
187595497
38612292
189824027
176090652
182423145
203331474
146641922
106058235
168020298
157901751
155297377
147790785
38895785
184650442
176348586
197059417
187115262
156011641
159470727
188178060
183361756
175030019
184379271
187958388
190739272
187737597
188272056
179335285
102409823
121932682
132683500
122612400
109097295
71717407
151603216
169402287
182812123
156576438
198972056
39127207
166476373
165765657
167062057
175027044
111089481
165078760
181075657
181811090
187306324
171882092
45814133
160976123
167226365
174460828
170303759
105976315
138478401
176041957
180992159
163971350
186591298
39957971
180797742
180087636
195239352
205207305
150671011
169954583
179914291
180129192
169078413
115226630
40814703
150744474
152987921
168651697
148975214
39356539
191694216
206655049
210318669
201966434
160996128
64922809
161435277
171258468
163210288
172074316
85681944
183752766
179912444
167980753
164614064
160491764
196563964
192669064
187257648
183127552
181599042
173937104
194768687
186940752
202005878
183356337
196195281
186368489
184242511
188131417
196416085
62487290
82098949
74728732
82190709
93316179
49487748
86643247
165686071
152428714
173653380
168548838
73298978
136015241
163557412
186687372
150443562
168354987
43010632
178039163
175805360
170025255
175342794
124058923
191698582
193807480
220398765
133660707
232302720
184218262
183920103
197479973
192299182
160290442
189015169
189784637
181118681
187144214
189450764
168078068
181091444
172627285
188464190
195880202
39263920
185184000
184140048
182758509
182238766
149015604
189756237
199485646
181788179
194743391
187648716
178039635
182442749
171796501
163628805
168346546
106703316
124577670
139378883
140177026
141304035
57840399
50838468
153878144
168121268
164525673
148678979
128250897
164128226
172311365
173070609
164296227
145621934
122153350
172352348
158361131
151621644
132553633
40662065
134338232
152751061
149746579
154066366
52224128
40442098
171731852
165002019
184331229
189240677
121247127
152200836
181404380
177897050
163815441
190251343
39482036
157557960
173886621
170695071
175485752
103208224
170758814
167830254
186355259
180091098
156768206
117722281
157746088
154790399
155086002
164515432
38885048
111410715
152797119
160639948
157061672
127046481
39649365
163891528
167294879
177314573
139665790
111189718
157791405
161041877
168027935
142796153
87394863
100467523
141626528
158155679
148726139
138360351
49845141
120552191
162791706
151720637
144963467
132458379
39882487
175991394
184928107
169824839
173935321
134094605
182917971
187953603
171076997
176130034
186262227
154869749
149756354
151004249
150892665
39924279
169089906
177199654
178692444
175062101
137331973
127588762
175109746
176033149
173424137
101996822
38688100
116061513
117838618
111417447
81790574
60506334
115045455
168521862
157077213
176573203
159399501
38831697
179711358
179567409
189448696
174951695
157220406
172788141
179091240
189010596
191575667
196914409
179987736
178930024
183861858
170137106
163628544
166430650
161070773
172281958
184016219
172990538
98020814
173814939
167712263
177751202
165994345
55950925
141510967
153603181
167925254
159037254
101506306
55006203
50859277
73013466
83520346
82641289
46559241
122819594
165865285
159341295
141235552
120786337
38530453
181682984
178779260
176022701
168456085
120904502
154122363
177098648
170837109
158270102
177886093
98187893
176385531
169545275
169484606
184502027
87859114
178545626
183195053
179910791
175698499
158095299
147606970
177089819
163469780
164786252
173294562
39038331
164334626
172215016
155012166
153488180
96061093
39138168
118320000
136654708
154193842
146326550
53677482
177818684
184564893
164758506
177961139
163772986
134066701
161126950
174442945
160440528
162113949
37800829
158603451
182354531
186491919
187015988
140844248
186160490
176462762
205124752
188048047
187914889
156524129
165426014
178834223
182985460
158547319
144668108
164397818
160958558
179791023
179536778
88372025
126865162
135660103
144689937
65274369
40932635
74042931
169744506
174513481
155164268
158895053
81618795
182372335
178997804
179746351
162964712
158105691
182724420
192022456
185904682
177629359
182114717
172261373
176759615
194284594
179902264
178997487
152650411
181560692
186326372
193091550
195181459
152578792
158641755
178428891
172298120
181718923
45948619
177416747
183164697
179355948
164351323
111627417
189697679
190678024
181906134
180337751
168161350
188684119
190874666
182392403
197045960
184880808
189858690
196641461
202336501
207237253
196923836
168656272
188670263
183832896
188235063
190770078
185889184
186586581
186541999
183127015
189711064
259804355
302637693
312258658
297577966
300276632
45581281
164287190
171727826
179319242
186702623
126650062
40212148
172239844
170208970
164196587
164992817
112714006
181448166
194241848
178610356
170541051
184072131
115059397
164455473
166284840
177034248
181382189
49189021
257792655
289271007
254288550
297604757
450233411
419684674
427499686
461663278
554082100
567962612
615432930
605835442
571103806
438044674
407773430
572639980
684400380
366300186
229409048
134868027
200782660
70113564
114184943
156668093
174746441
156631831
154446592
89323663
45921134
108974511
141921740
153380808
166520247
128372320
56125468
40075991
39708628
38805012
39356469
39234240
40812680
38476951
42250912
39842506
41702831
42532096
39409637
48012370
39798344
42455559
42505708
38873327
38931556
38534246
39822591
38592651
38706047
39048926
50163786
123883395
122888858
118293401
78689373
49953587
94859249
141672510
141898200
140726309
117327315
53849049
94142802
172007360
158287439
152636156
130882425
39504447
161869443
185233813
197578069
191024457
137698628
135289569
165745437
156101245
170314114
157553894
39124620
39387679
77046808
132833365
129956076
129921080
120833563
71471465
110906030
144975172
196638989
143320725
106182233
64795401
39063217
63475229
134405826
134465236
147603375
136628933
89433371
67813595
120216540
135670104
132888508
124761915
90349065
50846951
83734440
158124370
158687116
138240028
119251845
99091849
183592559
183872294
212853416
173393609
107155906
48900739
131904981
162972582
163188978
151973317
99280394
40046777
152179376
159907956
158271026
140348609
99327581
164333924
160037084
163339176
155540073
98259512
127540298
156198231
153576820
139836902
97707102
134346505
150217424
147388724
136102251
83436665
115815703
160650720
154621616
145951249
150613592
61831382
143456766
159241278
163903960
151107661
121859604
39489562
160426063
175464228
164883207
178688622
127799130
168700347
179127246
175685363
168681331
153273714
41603782
150084467
146614746
146404924
118782814
102722417
75480867
124273655
117982682
124261800
117240348
78499155
42569515
163146223
160980805
158221475
141850687
127204632
89819962
99272400
108875869
93368253
85979608
146513076
158097197
146597562
90918732
131590708
94853515
136951647
172805803
154853949
158871608
126987818
70301194
162621066
245658711
259972595
275888054
284408862
223421561
282411520
289300044
248605539
256277297
187699874
45809500
88331680
128884460
128340702
124255980
114116023
92980388
63908169
38651945
99081116
153181497
158609572
138916230
119164318
62586107
38859977
57533586
111348896
102373080
122661837
149073355
110591554
70989323
60535981
140801320
141510108
157072635
117338350
137238168
97452700
105928453
127815424
118523332
143896863
70783902
49761300
162291513
171823319
168943458
126157650
152434958
70598914
153445727
166846213
146488039
146391572
86161620
88908392
108117920
114331089
112395009
109547792
105378095
105521261
116221965
99241783
80552161
39633665
119540356
139545573
146241524
131962669
97686196
100103219
144771807
137605618
121205637
74862893
97280187
136177466
123232844
136697472
101886815
65144919
66847478
136350541
152502383
137954583
140029121
82077633
77112907
147998256
154265026
152123361
132817529
43333354
38952131
141283017
154768100
158525173
134309339
102838086
167865779
176543616
168716781
156586105
161998765
91199013
122082071
119719169
111741553
104200128
58798005
104040708
132363716
165323695
166703135
150482038
111181019
227418369
147439874
210472198
210779433
204539202
173018060
172840976
160254788
173086926
139609726
113876804
102327947
110968353
156655287
171532729
150917197
123953586
77964765
66258412
129429973
152819821
148912218
128261504
78816824
157664183
189135437
166588320
178926005
153537852
123390628
157410304
174750838
171254214
158290557
47315925
106613632
135662521
134880753
104229274
90110234
88734910
118060936
134633316
104341321
42610923
58734131
80544036
64747328
73577192
85243685
86304546
88776126
68587872
55517994
57485344
78766923
89110373
98586630
56064632
62924377
99690689
100496537
127242112
139987003
128220165
107440598
58019459
134120365
135870389
154488643
135435840
119761806
107886957
115388443
143519429
168237092
149748509
99777523
50769824
102980164
160395503
160529942
140876744
132566656
51027342
49189326
64100544
137908761
128167113
123830638
91256886
88711513
132463304
124759495
115361169
90373011
61149559
90309577
103331217
118154990
148280944
123786219
96021906
88609075
79420613
126028503
123346062
127774878
99224180
101651627
134131246
139028585
130025158
141731951
50666986
50148453
126103651
138315801
151950121
133976706
69736787
42923440
147273472
183890285
167973154
171321971
120487648
75793999
142270600
157957770
158743248
142198732
54186508
90546569
94002314
60025948
86033822
91407699
40560998
187297324
182598028
178119180
170438705
153368203
79540649
174446252
175121857
166263517
153457380
66147065
160642330
163547462
162764676
164889822
137249236
49228748
87876612
154079714
168970122
153779778
142270941
62857367
178432535
181288686
186302295
162640845
152726870
180518661
185518749
188401840
186222242
187229348
102330789
149326986
138268897
132342804
95269882
74300190
62873974
45295003
142374380
154012724
147320151
109923297
102437675
159556459
172092622
165056918
162663104
148205405
113818765
134743415
151254269
144063925
146162506
62981206
75031677
138567811
157443416
158835310
140441289
86094906
167029815
190526357
191745474
172856284
159163445
185387302
201843734
197931377
191148011
195892559
177412566
195606462
179878336
207525282
191686268
126065556
151533816
163088508
152531391
100480297
62336506
108407902
114348644
129724904
125166979
89021371
40012391
39193377
160428240
162121179
180313458
145486590
104753902
154238154
166642789
170826614
161090175
113104087
180738032
189942673
204422208
196993056
167514118
146402526
166907814
169332508
169923869
170811082
73581312
174254073
169752212
170305028
166242490
84669060
149856920
176865232
173679581
166273510
153657347
38944142
195225095
196842925
198069630
200031603
202373082
185369974
193911218
196658860
194411893
200265463
196311665
200736102
202369863
198115866
199276325
187703315
190755567
192898274
195863654
195515990
175376405
190667878
192596986
195491725
192031486
181599730
183968704
197164075
197965530
200246998
39251814
192877560
194087406
196261642
197422502
200159886
184358277
196608183
198075062
182249748
184577248
179012302
186677261
191393135
187988003
193756061
178601937
178319447
171375656
175644250
180537872
152284855
175879363
176962360
166445324
169731724
110978042
159159490
159088316
164362564
150922905
38306327
130785229
151925954
148311751
155737718
107816649
38801424
96403451
147886011
160490270
165108029
134643092
60032914
88720374
152124342
163876644
168010002
139134667
60613330
170774828
167772424
153910677
167281991
177457043
192083316
173826229
184206974
174751638
179498897
188257611
189702005
204200393
201086345
201521854
168986932
186064317
166049905
185252951
188213548
119807388
176586988
167392288
187854593
191220678
46911537
39682704
140800513
156839085
151450694
143286658
119565357
114058706
146825182
150822113
138671741
119581126
39658125
72359115
176344141
178546841
171917549
144633372
91977361
139718099
165952100
175650250
173219944
141625762
39481194
171447060
171740237
161720131
150484009
136398022
185356804
181899854
175470401
172732090
154999897
185224840
179645070
184876396
181148020
190829617
184310743
174469763
192335973
200403242
194949365
39311070
154879431
176416582
166777192
172412233
130183572
176503021
183396317
184307476
153496965
168589764
76093679
168766946
158617516
146436845
161320520
77265190
185261674
174037000
173173639
206571454
189165135
175198646
182602036
194859552
177983061
187158403
179513879
192132722
198646584
202842592
212255161
162642060
171428654
167228042
164060034
142802992
118551546
156926611
166324997
160106979
160634797
38720101
164237338
172384281
155401066
163008834
129136728
114408587
168696594
144347119
157090460
162689317
39519817
178295577
192357276
178387846
176231928
160786748
155830538
177582250
174919086
196118267
188053941
38604944
186353623
191964682
182754448
186824941
123468527
127647967
155578554
147694123
163824071
170961331
62356923
108010384
148456735
152088432
145275746
112136385
47288827
65416879
111831687
116335147
90726763
39120714
55155442
101257466
154578360
151810439
132545887
93936932
40105038
157325969
157741204
170521981
158970957
69968212
121970094
156930971
164402605
163243845
98764053
38834699
158825579
172521273
165740376
159464967
107496694
102687831
144659132
152150289
154700578
105072335
46483947
112294557
141019875
154420028
145593469
113193660
38930410
73876942
122658182
140789642
119342700
108140720
95186333
56484761
43953377
68860610
60315044
42345413
102185779
137588213
137557490
135977551
121247690
83636654
71275938
107923133
122099051
129141873
130362797
107621703
73810022
113420995
145143402
144541206
140392682
120027980
47597800
104122658
142903706
143866663
147990372
131959357
45331973
45383236
151011508
165424520
158660106
145022718
109300684
173657554
176086381
188539463
156521487
156449415
193343888
171446781
181341971
194498294
203354293
56788345
119311938
123621932
108820229
93408422
39455009
124439746
144105897
168133346
166537696
153954416
108502493
43928238
141101693
158098239
172269536
147127888
121112172
40559909
154110141
157150096
168915447
153559431
117309307
154987685
161885120
159004321
151730685
138825140
123103389
162235707
154614245
138207125
151233549
44552161
161646576
150879040
173253570
158034316
103412916
122559550
141399641
127922953
141116987
40126054
41779684
69475977
82873196
81069620
79359408
50048368
146818950
150718739
152317228
142828703
102273103
70555428
162213344
153983723
161119099
188187865
82679035
140560664
172234184
178861717
176551344
160248628
81396072
173476294
167259506
163228429
163280881
68281260
185969189
191596329
176808718
182766007
160745462
182874245
181236578
184583818
180420314
197283984
190824269
176781666
198762133
191005421
176303822
42284435
39364138
137943997
136499929
150976002
121079867
63165645
178184035
186945054
180100147
171644022
158930037
177899836
170370387
188251134
160008020
176317100
179827849
186728256
186975176
180245505
189070509
39026169
154396230
158747185
175725849
180385111
118775030
92932837
153122193
156908959
149534254
165914027
39643005
154555574
164063038
176094829
166006543
145189128
181280152
178737510
182900544
181707657
127971778
41928161
126262694
145487519
141629733
144951495
91571194
39927512
174544202
175015096
166455732
174553549
119775884
159049907
182167544
189454113
193830522
179792449
179202575
170623931
190151195
175718916
192517624
188801815
186467878
180910345
185677440
186327544
179001433
196544556
195322813
184650843
188056970
192097261
201301508
193308513
200871092
208221271
68651969
60861357
97048338
147244131
159759364
238046914
146085429
108958972
126076186
136689712
149009364
145251725
105350468
69972515
152762865
154778970
161228353
142785833
130639927
68618114
128246271
147000935
168341538
160346260
93098288
40300804
174762688
174628466
172153322
165777465
133640364
98383479
163262910
166851249
184807505
181225296
52344354
161533980
161984027
161797690
155171645
102685759
143559152
165603120
164689097
148728076
84749027
73900862
136826079
145200917
151337441
135153107
73288901
122222150
150039915
165055683
158153088
151952057
129231899
85082911
122382842
127888093
127242962
122520600
90285252
57976662
93674486
116731217
151578215
145133087
125620116
90110137
57890127
108235802
138467238
142254943
146139013
118947480
78587847
84651372
130121965
123613152
112342854
103569459
51328039
59449724
100198622
138786014
157841457
142827365
126090608
74721504
81028180
102301895
103728603
90326962
39293164
39371911
49003974
134283173
165903523
154441465
138767051
102397482
93727252
157787396
150050973
166755544
164784353
58070898
100470459
152467841
170077247
168236396
143607822
50538908
168280664
182824765
174002015
169355569
142260451
151091346
176560553
160086080
163490038
178670072
46026477
171381206
168751420
166334970
162825103
111318696
108011558
146135033
156497968
158858896
83186551
169919772
193915106
174530756
169744300
111038281
38849680
145795663
135721275
144535122
122460957
98172871
69408385
156190671
151239877
152490250
138098282
98346124
197762679
175734648
173116139
203351147
76227902
180069713
178571973
184414431
172965895
150420547
97442425
168805052
175980023
166677720
176991573
53282005
143427704
168948794
156742003
188774599
181485615
165425511
162748392
157276143
180117059
127634321
80087452
102448417
98368422
84734008
64369873
39018744
115438870
160145917
154009342
150179136
110368575
41592048
171935821
186099695
177876616
179623888
139217887
180632065
179123844
195482184
188744072
195082682
177412694
172588884
196237568
191444288
193142695
171061563
183459907
202611316
198692496
216720212
189632806
197322399
201589671
176942682
190176316
165081276
159716462
173059988
163646168
95247390
63879505
66108461
135478903
145154796
134954977
92869734
49624323
148984252
169487949
174273389
162443782
136493370
39784403
163227563
171511766
152813108
170708492
112596100
133971309
176495472
158884153
167522887
155793670
42132970
177232639
178745689
188587599
166735934
140940777
184851554
184397682
189289087
175214820
191579724
197219004
183100593
185029351
190083277
200389021
173251382
179788319
184660413
187200210
112145310
43026447
150050611
155767931
172464851
162063231
116102222
100734409
145269395
159280341
131155865
149917262
44766912
186865973
195082049
196546216
195119134
178614129
187099147
177799489
181187603
195687027
191636071
179286246
167522811
179179386
187167121
175394942
183491266
178494321
178061807
195595857
186986242
152430243
170020220
160712934
178649862
172661149
38728715
39681976
132774653
129168541
129735175
106677196
68340646
155409889
168297308
169268541
145756209
139202285
187592765
178657054
190319142
162166026
167518969
174329577
166935250
196542533
176945332
184200531
180048451
187940499
207549687
189455644
200956165
92282854
152811191
168661107
174187456
177680575
53700581
164959637
172095621
175117267
164610405
182794100
63888311
57162186
40496035
90175520
86799174
42384350
143620995
148728605
156403919
152907007
127357040
157092866
163337297
162518911
150686340
155831123
106981482
132123577
153612649
157640066
146135365
69428281
38603771
149182005
160567799
167332162
149335432
114586116
112401729
149581671
154992181
145307159
157894324
39370728
135933718
167689328
164993132
165321294
139019925
40106146
150928335
165136824
165967199
169619093
107927395
53518889
48510052
128135103
129049110
116465124
107725660
125667448
169552962
140866358
132783078
93131476
69241327
99036287
156590043
148315682
141710761
117841226
69783168
160163050
167672233
173003194
143009679
157875207
92880230
177989789
158881185
179181713
152985256
64357349
174280443
188435792
182853355
177824045
161866205
175354507
191558108
197954859
177467171
186203540
188954409
182631129
177473974
178792966
183755389
175925540
181992850
184223003
186427519
183132399
185308776
183696638
182276431
182123294
183424101
169222725
179593332
187233322
177542795
175361797
117957468
161003540
157783259
170601206
175957007
39891191
182049768
179692844
175852093
194319941
171264671
170484337
183890240
168061927
188149018
197150948
182117484
190328407
194709484
183201499
193377191
178060640
188762164
207469112
214249504
214207468
179438588
197013381
178076606
193418037
200209773
181647297
186531564
189381149
176506518
200327029
67924195
160107744
183320691
179996712
177106220
84661491
161912509
171547219
181982043
185059642
165641447
92531151
165123058
174396293
169150767
181239429
55673793
179156533
174528079
187234831
181723347
163103793
158833281
170759508
168088182
182245536
143955766
39774099
89914911
153629618
158552158
148237006
103876738
41408311
188601114
194617870
176496636
184368596
149616961
190624897
186529994
179063609
177849418
186393110
181588877
199795076
192793877
193806416
198519477
182775437
180683170
182108650
195621150
187694473
182476936
194896923
191923654
199296639
192776807
39650330
154995740
170245141
171079300
172932004
73148080
138072891
143137927
170047780
164627834
143518219
75697764
38657271
178454590
169930876
187048838
156922492
131993253
180146726
191363076
175128841
194131050
198076017
171189028
183713722
181850198
182901298
191647853
181419436
195767247
188720164
196655458
191624820
172811803
192047230
176780201
176029281
186926293
64707253
61919035
126189126
122678649
119560923
56054498
45619858
99563061
144625271
162831752
160435206
126024677
62962919
169731137
173205519
173647890
161543386
98293953
131141795
179973775
176087119
168749413
147722427
38314483
176423976
176742107
174847737
179324693
132802365
185951716
170238831
181541836
204020500
188165193
144468672
169210281
168635922
162727341
163567032
39817140
174758396
161622008
174829833
191219764
131166710
194152270
192015833
199976050
182530290
190844749
151538712
174665850
176505739
164272554
161292179
39286716
159147085
172601062
194755642
185430027
122863065
149483535
164277539
175323890
179136293
188563672
70246253
160313026
161470817
164154967
169459751
76820021
96115890
173406098
168682292
174184959
171770954
56785063
177704112
191054779
195466547
176710235
155203433
175128265
190682374
192928946
200908388
199836934
170919424
184563649
181692714
174366912
166243789
111032081
157100772
144581556
153496640
168021901
39018412
143350530
142767860
159929519
138587808
155712825
41633955
137202923
135429848
194020791
157519818
48729133
64782754
86019581
57650506
143102635
152005159
151697598
123704554
145234225
131608684
143782910
151680768
145656849
150511723
129803993
170906218
152445253
161030243
150085185
38476879
170171910
161401274
178371597
179332349
134635546
180366777
188724210
185805632
166744332
178514960
154130329
158007970
175092256
175896959
185730802
68607977
44276329
157127774
164534420
174335168
148625663
104877833
156518561
172760968
174371994
158819717
167918603
139402597
173992475
168114867
173084510
156063799
38453430
95102018
119314709
113218417
59228795
37899285
143225840
158568282
152560213
135687938
129431214
100618660
144564212
142367123
142691726
154926660
55088192
112846355
176104174
158067014
180577958
149183496
44937017
167956452
192152165
179773868
185431412
145445780
178245336
196398628
193390288
182587457
190278307
183617705
189575437
198010281
190034820
192618481
186394972
196321405
197192700
204334228
201618350
127115882
131744292
129453480
97080895
100948094
88693645
150491559
147728472
139943267
169469039
58863011
151224378
172760581
147582457
174923887
187794153
39533966
157628101
180116748
173095204
187288563
147967598
77916331
174515978
151254296
169816615
181163557
70803824
169418610
189003172
190285436
157803378
186979513
174954743
175787000
185229717
189328446
197048937
168310945
186562866
180678877
177787890
177184414
77383446
78319500
123832326
112923216
109974036
59987809
150572630
161131227
159145805
171493837
143122473
62740218
182630579
184092413
177889348
164871788
141134063
144138787
159986781
177299905
177817851
157260964
40671685
166847798
173303475
179187161
184564114
116795313
113994063
171129850
174834023
180663931
189158607
40435198
168720309
190923432
187781960
172667514
157214017
138013667
160032400
165999437
163542255
98553444
40537543
162826379
169191197
187393126
189158712
133240557
180178546
191485767
172962322
160943377
167027715
187234055
186027504
177447122
186228756
180525898
173983606
190584338
180852840
184099805
198780249
181119759
171932495
192042839
181298831
185467944
127772762
163760076
164443908
171008478
169647290
40456067
188510098
182171196
191864829
193525754
150960963
80968588
72379732
101706844
106100413
97480829
106416942
147403594
155942348
130983599
137010943
40107614
39446852
142965729
153746371
140323414
120958531
40440247
139525777
143790876
149594955
148339524
117970097
112829260
122380916
121139038
139062077
125807323
85645372
107238977
138919297
135822627
124215021
92399439
66390756
141538215
159543096
156913633
126450464
131349909
179341792
178089915
180329873
176330213
174268063
69986527
66668812
69615894
84843946
81837471
174850179
187769295
179163836
165938745
150711542
45281504
138292834
175101908
155613235
157895926
105626000
38911141
163239675
189162991
183001699
180251562
127308187
146489599
173916222
173755166
153611539
167732211
39192153
147349870
144976037
148915302
121291682
134368115
136919996
154276043
156429000
149057482
160810403
40111115
94607206
139090099
135695053
139866257
87637190
49722959
39645817
115694404
121314893
112839177
86932320
96016908
120946449
147793488
138072147
150591527
105121768
56388484
112882150
135039675
164060939
124307103
110056847
38876394
102879073
152927870
146305050
142068163
113272851
45263382
144521052
171636984
169144589
154743915
130896021
168815823
185071114
170122305
179475369
185738049
89690426
172316029
164761918
172792012
177192160
77535047
200097199
188154367
193206947
202714091
176963098
139894544
169165208
168350510
165657560
182856801
39555391
161558192
166366845
176423635
176760471
128204162
161086021
179089729
172474476
154278953
187602593
39253396
183285400
180378977
198333463
187288544
123023753
171752738
191394358
196590909
174282998
183037778
181614951
186946978
185706983
194252379
187026561
190557454
194873229
192802914
196512813
197126815
162436305
173440523
179961295
175640394
177760750
83335320
162107249
173566774
170576801
169969183
62282930
172693295
168135785
174641487
164514151
146690492
161685026
180848399
181418974
160231197
171953606
108039401
138947061
134359282
154083580
159620120
43611635
39621666
167914885
176517047
169817985
153064390
110738673
129753207
173909160
170930856
177933322
160027893
38829455
66060006
64721498
86506830
87424005
49824277
59438609
147887327
163999205
180784712
155794471
91219856
118911533
160370794
158027575
158634842
146610097
42608131
182137024
182883454
183364018
189898086
125184629
182223344
192351964
175615893
192088381
196916857
142658862
164310767
179582034
154295362
162781755
38804861
122788341
162873868
171324108
171514323
115411836
160073048
179439285
174305744
181503220
178668400
75075223
164610197
168857281
156646114
173869467
72569461
172982849
184396431
168559188
171943250
171603942
134792706
176187561
171027200
175992475
175341486
43910313
339170369
378931114
375251049
383992690
325261037
146400724
164899277
81810720
112360783
150239381
139717929
140622446
116682063
60812601
134944642
146516150
150917509
132872007
121902053
124504578
136473688
128978296
150189994
133227207
126576935
153444063
146726482
142152969
139330255
72973090
90938388
126756672
150950165
159068494
132299729
91332596
48220426
126937518
147877154
148511341
149019809
123271193
72248693
158731920
153925542
159997014
149144762
56372999
160682723
165451194
178761222
172702877
149397698
143283290
166544350
162539505
182000904
164270719
40163186
172528842
175746765
178598886
184678767
120696043
168895348
184766199
150793750
178488878
189204450
38713540
145830509
165502753
171528034
150298246
119661400
38744359
176334880
183504302
178334666
179224984
129309456
170524619
180609055
169904880
195970747
163519694
132710980
164393379
165952863
174290665
173902986
39114958
178914585
164822147
173566751
179966386
121777562
179105441
182935453
180705763
187221908
173440059
180027102
181193852
178962068
175657103
175263355
116329867
142030922
151904791
134114780
75953055
51599454
132680459
144674684
143884224
144940749
95521276
101827647
137715584
146924513
154153765
169300340
73792761
47567334
146853762
149970770
160527050
141021496
117057134
155701193
168970583
151809610
171642961
149676206
120420711
144840551
154284699
153935608
163822728
79045784
40916474
173667503
173578676
179317284
153878926
119623160
191851770
186839016
179426950
173155473
178600486
138623326
146355979
145560145
103880194
104342993
146821537
152000646
144600156
146260162
126994019
131487596
147999371
146761497
159073439
144312527
66773364
128204769
155190403
151543410
166177018
102682672
42999188
141951035
154427347
180009413
164290634
136343136
124887630
157760980
163655877
173308261
170960878
38508486
172013460
175394783
180153632
180835114
135321533
111936785
171718679
169873970
176599645
177005550
163676093
174638695
174073104
176456114
101351528
218292790
289074562
239187267
233547628
261567541
219262971
183355219
261779599
350642938
378199962
384353873
374756038
311406800
234880287
281403146
230641912
181792404
160326053
138679783
150502947
149647009
147640027
150784787
153971167
148811460
163994663
164075093
148236396
133801618
132138530
114498423
140771071
172848855
175919132
174042357
165211482
127045964
76320499
52516007
112535055
143043244
140724402
135706369
93178533
76721614
88913000
122417641
132109865
132300763
116901555
96647716
61528859
87488023
143377770
129752424
140624637
126367204
67759862
78518854
111847446
115027291
137399263
139010224
56280840
38530250
174886090
180840948
188494374
164345438
132617004
42314373
46358578
175338836
176634326
184971643
161459363
118753157
141922014
174069702
159738742
172654190
151032559
41165460
140852627
155883213
189981106
148345732
111178180
41569383
38647434
45487050
110704491
108802630
121348770
101284119
132782076
91499400
96416895
91347893
64938733
153951919
165211174
169547258
153042370
122684320
175047854
183461523
162810744
179394874
181203307
194173472
203659190
182133144
199528839
189285493
173629430
181573498
187129617
194158589
197063782
132084873
161329431
157242654
179417155
162662426
39427633
112688909
139648285
138191276
124516971
83420163
87539785
96321305
136193544
126089350
143803214
99933924
90799065
122117927
150430697
147221481
117988841
124308986
89738577
95197032
145118127
142455148
143828900
122978561
86807061
84088945
127712566
166328981
153856772
140703451
108296453
38460338
171576173
187707677
179213561
174414823
143374603
137771068
172602853
181230262
164705244
175785742
45520833
170243387
181631527
183900205
184373138
125216220
85575328
115843084
116673625
112976047
99677304
68138999
354094485
135907544
468196955
438564234
464604177
55403886
131326891
135119666
143716527
141096021
101736403
148784303
141599176
136825928
151665525
148652421
91065760
143612578
156650187
167694630
173407739
118215853
48294108
167059455
185785237
171591814
173440465
140566131
151060427
168116157
164500892
176569560
183285922
41087198
40152653
115821626
117388471
122392598
51249812
74578784
144732254
130686770
140350982
106708693
70086881
43050487
172424111
171480441
170667902
151147476
113069019
125496649
150518394
183762427
159676780
180938258
49542292
161678592
172186086
181139673
185109276
152413642
127195526
161922396
170155118
163690794
181464968
41947542
168825510
172634007
176652000
167629458
135972131
174901869
172525597
178292307
175011529
193993244
40921050
161075861
151940216
168793633
165972050
68720489
169278798
185890454
190808929
162058735
163982044
139066088
178087514
160095004
173510087
182382539
41475771
170337865
170903837
177860732
167305788
119583533
181815715
187757729
185842382
188780433
212430825
175939765
192850282
192984339
174890660
171397277
171019641
166779505
184860022
178922026
180121887
138564735
157584471
156190765
154775389
80811952
159431235
164490936
162822722
135342230
165912663
159747021
176280303
156553336
164509709
178096728
58903518
156436879
164691962
180644005
140808316
98736119
189488462
184625181
196845579
176003164
159992339
178207986
184447931
178336765
162888778
170391428
41173227
189127218
184670899
185725083
187414709
125442121
198777120
192486296
201503811
181997073
192246756
180258316
168818491
178728274
188846806
112368214
118249822
145702677
144103583
127217324
140163974
39602353
64209529
155322085
155974087
162801607
134166682
82998104
143421418
164735079
174811924
164532404
150930574
40606317
163464442
171373502
163022095
168370326
121843260
136954476
165501133
169507122
164153178
178300447
67649172
167333094
161670106
167653539
178107571
87099927
140636927
175186483
166578221
159288772
170640593
39088623
77792639
76785758
110762421
109130133
98068538
81540732
99573033
112440808
124458967
110338688
69491063
121388416
124904436
133518747
116453472
87427470
117038687
124645240
135620724
191719463
181577672
144222344
97532095
127689544
146894229
138074458
136552435
95494373
68372489
149520703
166617759
164198490
160345101
104951511
50700547
103566693
149944539
171224438
160472254
134251385
52509215
96319011
159609773
156116683
168481316
143465540
55787485
118979766
146728698
155959062
131448372
69081918
133178455
136272068
133263533
148642494
130797062
99871622
113958915
150542861
156704506
166776148
120691823
61970803
165299875
167599636
185204150
143372572
162005800
175891016
179918617
178329084
175582188
181624892
166560689
174705463
184813012
187262083
184318289
178512003
172573362
180899987
171711659
191847050
134779289
169063763
176942708
159318190
175878964
41777882
128424520
126316218
122268536
61332864
42760208
137975643
156605141
153258700
135217616
134298788
85773447
184572817
186509522
176173077
164460402
80434237
133226277
168188989
157807483
172045881
144622525
38742982
180357488
178584758
186367731
183187612
123152450
187758319
177467202
194307278
201725034
192714849
177712594
183264113
182714257
193021664
198032768
177988427
184262768
179007691
189253306
173798820
66619494
62786874
115341675
111035495
112026292
66750879
126282000
137019869
145240467
138524780
71531104
54042517
129687084
158457776
159884214
140533500
134476313
151534132
148893664
149596850
148675953
170942268
61514358
82463980
141548347
143240712
149074370
116596886
39378347
42455606
156531168
164882651
153001871
138287010
92275937
154996486
176636244
165828042
159677871
190629177
138431379
174185213
187505208
170290576
161824979
42967967
152810291
167422866
162614452
163925622
105983007
68821206
160130664
163077265
175410540
154690414
94070815
115698459
152272522
144605576
171580396
187846201
43070504
165680556
184920706
181654552
186553366
148738099
158747646
181411926
173389612
169851891
150331186
39331694
180747707
180327301
172852452
177753611
126677448
173009060
195504676
174007649
198548694
193334632
177244754
187669834
178257299
187605554
193088035
145924163
166716359
173304041
180969044
172728969
39723446
178649126
178339486
178537041
184276336
118354547
192391147
188710227
177248141
200909688
185216311
181486776
178163058
190404852
193478919
200573027
188786717
194866351
207223616
193063697
207983317
174477874
173058971
167053604
183413401
177407628
166442684
176085022
177546599
169793887
197945386
39572708
171448619
165573587
166291431
158995261
87662600
189244929
191096531
170707681
188115136
196289482
185068081
188555533
185245411
173695048
183937133
192133975
190629748
191041370
194476373
196102205
198376653
197866375
184667423
182153289
189488471
174184920
181119748
168807838
168425295
185942961
152272207
162154055
183567305
175896464
182066370
45854438
40493148
103726924
118662046
120471416
92412901
97933601
74442283
132491413
191894837
156950232
154460309
118789716
111614781
120656872
127143891
152686050
153099664
126634854
109367699
55858526
144455000
160293142
150868708
138649209
105576633
119646317
166088658
163492822
149930272
160015042
39233627
173279326
175526337
172432200
188121144
140095631
180398126
173055109
182002932
186064787
190963592
85619605
78947788
97216643
97809420
102066335
49963176
146688666
153324527
165976635
139733298
106402395
138811008
166873654
160157994
153261745
149499539
135904069
160174116
160445873
156447899
161553375
39618924
97180959
159279339
168056719
172669281
133433248
58017143
109390975
169130236
159120133
167371976
148417091
40865400
194751647
190288781
183808653
192595398
157096900
174221940
178351897
186243877
188228981
179515183
46321312
142980366
144478247
157506590
146307568
53255634
129981967
157606671
171036765
164203760
126476865
47423447
157334060
163698163
167580126
169908951
113019420
108980980
173605416
174832887
178270110
155251147
46363771
127991502
158499659
159441114
160841168
140818698
40050961
101702225
156703234
153420437
156613751
134928564
42855328
144407752
170261812
165909339
178983509
147188082
194660147
193728710
198143243
199096635
199725698
55836578
106108144
118883210
132936245
130390379
109431823
70539407
75842461
147650096
155616168
140832088
122124576
90157764
147534070
167444790
161937876
147260480
134472223
82440194
169568206
196017623
194134821
204970565
95346146
104391099
103970401
88997952
38804198
61005911
71668050
52346301
40017912
46848509
42205884
40380584
77298506
77971352
46405334
40792820
60741212
80913537
62384667
47137246
46565734
74102900
104559505
126859170
134305901
131329714
104770222
74358096
44393479
86525674
146787370
135621431
124962241
75577662
38997398
170530539
181200005
172378582
162715777
131752841
140618004
179452580
179576993
168718962
177755923
39172284
171590400
185224788
170845345
194038379
137135221
139195078
153376750
172991746
177395925
161767851
42294107
152345329
145125301
149987437
116690530
101982268
38961180
41695616
39857784
82802507
79871451
110376690
118499915
119205693
111209697
76774090
126835422
135635762
149411102
126802990
132408742
70963706
114267743
162584607
143167200
146284500
105868035
58574399
162646520
167776836
180653157
161554858
136441988
131766866
185612191
171798098
161900788
160161906
38935754
179858157
176675067
169855535
189360070
134673575
180458779
183276119
184632267
192144551
178382031
60780621
58133389
111861342
132692675
128676914
68994024
98041950
146874791
147494351
189010815
154751585
61235351
169697907
176516813
182473330
168755889
145837400
162525840
190919509
172040746
164251538
169064698
38840979
173888024
167445444
176575466
161508927
117065675
163782906
175793459
162017041
172769353
195792614
87955323
168467387
173556961
154957134
177050317
63755593
178395073
181734703
175125999
171589645
149052251
39499841
164337467
168175061
174089465
176415180
134629755
172052488
196951337
190084281
207065036
190290561
179675426
186404419
174586409
189717161
180952009
151841938
174881539
176575248
183571153
191080013
76980567
157282206
170447780
163369781
168636415
86065077
144871452
177010698
170973815
170904475
157810832
67549697
135549204
147689467
145600828
112746853
81522169
38522880
102024705
143996870
137273101
122032624
97023511
54555064
146661519
151773821
142724494
138931681
117332781
125737248
157021751
161339662
144183938
141891735
39838076
145004895
160724079
162972941
159877987
119877097
38688467
151149596
179566873
180222728
178699051
133849491
82686082
157822282
163716060
168352336
172918420
68836877
189780675
194582294
179929012
166872439
188725863
153517952
166859004
174161106
163832469
127975311
38783411
113942899
157880248
170491250
151046560
117267351
40375857
170375842
184045713
191534531
190421646
127033702
164373076
186160131
172806615
180625281
162225341
101115064
179380900
187067385
185922074
190477307
61173067
179352336
191968994
193108111
199470187
175054415
191202865
198063783
182291020
180426907
187016502
184971046
181402770
179528726
195218781
116357158
167464305
177417320
182299289
179623236
179699889
134295645
174911911
175301029
158732423
161782660
39230659
175522316
183859264
166461152
170509772
131586943
179442579
184532768
182576899
173664684
174925978
189797853
193017302
192616233
194245003
204822677
181218504
194779649
194517368
198022983
203127182
134068634
174128529
174549269
171477369
124625586
38799194
178192913
182732305
174315408
191267118
124604114
170804700
190209200
186012850
200543839
190102890
189920132
188765710
190267441
191286890
200432322
158142827
169785399
166414025
167457736
168684855
58865790
162083308
170325120
159043746
151715938
93758696
130827817
163998900
177023036
183406153
156738768
41807514
177888134
166776594
172191399
176724844
62167436
38618934
158506968
166257616
161589960
175876094
74701610
145838487
150643130
180710972
169331331
175009401
39427181
166481041
176761390
185678646
183415741
120935027
190471908
184658582
199729905
180049374
209442775
119860613
160696280
176440936
159306844
164209396
38683050
169719298
196304956
174704365
146858490
188747114
176572332
193628187
190371016
199283585
193516693
73370751
73330782
93043530
101813375
103041485
154499311
158203526
165251753
146416568
144335442
79408634
141034471
148896883
156831428
158352987
67459261
39286253
150580501
154766686
150693612
132705969
38411434
146936213
151565906
157472348
161078697
146750681
89523977
156409936
143521221
148784800
150686023
46242371
168115990
189264553
169441119
165115198
128262657
167161517
173000741
180875309
169859193
179151015
93053412
92681254
121683340
108698726
104629000
122042742
159012631
161971446
158714559
167960352
39086902
103274738
166579882
164388184
174521146
141182353
45123624
189795561
184209931
186994880
201517142
163847759
188169865
188382637
179994151
173216139
190880028
180695526
183658642
190289037
195870618
191948046
196483981
187854793
192308823
193165863
198526192
193009358
177517724
185551498
193285763
176854218
70563248
149885926
152158191
150285949
143562721
77147998
99230596
169723010
153643348
164614177
154608229
51674747
166812799
179782540
177813135
168352443
148079368
97590613
177389853
162485020
171934329
182495840
54075563
182359116
191021460
189457026
190420147
160080492
171917116
169203268
200012920
173175270
185885005
39254704
174974054
176640989
184163743
186138905
113063474
64469302
60732187
104993539
104842259
90814726
152194641
164535988
144070585
172919891
154028996
40629966
97208497
140629007
159370740
158772669
120557118
39579832
170734984
174284521
174485660
172372475
131556536
119916962
167287090
155543649
144853431
142123500
39419957
185791120
187650876
188680451
180914236
137711376
183748163
169695294
181904162
181204777
187674615
139007026
167160699
175071299
182707773
183740681
42123595
243977790
246613877
194614769
196519209
178786334
46867108
68153867
134718756
128074064
133926137
80189140
124618669
149901183
151158780
141016979
104978644
39128248
144092102
160253402
163375231
150878984
143133048
62502610
75297856
160689318
160026420
142476146
136666395
79975042
167260751
179641823
177466167
161997928
149402006
134500073
140118191
147768656
152593858
152487360
39006323
39896812
69391748
77202515
62097185
62946192
45640277
152558158
159729645
153928184
143634613
121136173
154247207
153425821
162550295
172561945
146937652
96332273
152062229
165552585
158307903
168908292
46690164
139451983
151733285
159750471
150923314
106163968
190157615
184452802
190612588
182952561
210033205
178007480
177520632
178957372
190986325
182742496
180967711
185560773
197781070
194945852
184804516
183292397
182689229
197272881
194474226
194091376
150219812
171984890
167669603
171800154
171860790
61060777
171872806
174191506
171728175
183646694
93328997
171833126
186762765
193664370
175755291
162184572
181741638
175870963
186787942
173003584
173590462
197853514
203277605
200818490
194054426
194189251
163776703
173832032
188269619
170671652
181640716
183744374
197552025
201260077
186790757
192209511
182914361
176336959
182463139
194212256
204879345
148100087
170478070
180909274
163903376
183051488
41375909
165343466
174560698
159250775
175986821
121275532
177232331
177390408
184416891
184207036
164360899
159154672
181953975
178952232
170080567
171825529
75782799
144429454
158258721
171353154
181055278
74402866
41961059
151984398
165889959
152330478
184514997
84263904
120696327
128877180
152441804
160888355
140614180
100517560
58398897
173270873
177149764
172877450
153813819
128923600
142086948
176435985
152065658
174670859
150269859
38997984
162918621
170889051
180857368
183912152
148865860
111717040
171586513
161603483
169518506
160405027
41545669
174906098
184374325
185058906
173786096
152979291
96273057
149078650
164862361
181650493
163797464
39256515
196391773
188597955
186139336
191503164
172935022
136287320
165775712
166030318
174717809
175573759
39417008
152956710
170718667
175679506
177668781
130715294
184706450
178899123
195015233
191635647
202612502
177159958
189824010
179449579
175370009
175934180
186277694
189749809
183620842
187700685
190213840
188697069
177214618
189269209
181307747
182908995
173822091
180756870
191735289
197440331
184489658
120028329
171737777
163389651
164704090
174537757
40124784
179539950
173623153
172600651
174862909
143979341
179131227
191094341
194724510
176861293
169210211
182595562
180711202
174234274
170284737
183673455
183522199
197488792
183123528
189201086
181697561
186985288
188967935
194608286
190171143
191807917
162068962
173514585
177064172
181088631
181441573
56137529
94163545
133120050
142777733
178560058
143126208
113444052
75818928
102515353
140760733
141474379
132535126
109436662
114076144
157472567
158502180
148412727
142433674
57141705
92881197
177383753
164765035
179785356
142016791
60765517
143318983
150888552
142889744
143410111
100222825
147723867
166178825
166564751
144105162
113872842
137393076
127268549
121865653
49337493
127061350
113049725
127484766
63499642
149691915
139439981
144239066
117368916
132082577
134646805
148104454
116965484
106030355
102077713
85125094
111904010
108252760
86604013
40667797
75488137
77500827
77467970
73815161
45729611
42055164
39262920
45281250
38491147
51792380
38336377
38630452
39742879
