25710650
27443252
26182694
26487837
25688238
26131183
27161184
26556760
27605424
26339804
27959887
26060845
25798449
27804152
25594042
25567777
27100047
25978961
26285115
32652504
27762087
26132556
25486644
25633750
25551073
25403456
25593397
27283086
26299227
26436284
25462434
25752920
27181291
27007541
26950877
27763034
25059056
25860322
24874358
25730540
25241746
25668487
26149007
27707678
26975577
25503163
25686888
26492028
26186365
26349987
25331527
25379427
25910796
26258662
25661438
26577356
26251136
25335220
26343374
25938874
25546801
28473631
25017679
27533094
25928936
26091213
26327213
25880358
25947668
27874268
26526590
31355498
25306664
27350726
32907276
27266024
26941160
26772836
26025299
25604458
26111379
26226612
26127838
26957924
25178342
26307552
25435318
25271040
31403336
25398616
25154562
25578293
27582515
25940922
25620369
25867814
26038777
26538637
25782436
28091338
25679688
25954268
26408473
26358719
31638011
25381249
25395341
25824153
25926038
25959655
26334189
25745459
25242820
26080801
31114022
25858422
26134841
25929149
27144763
26154230
27597306
28188415
26227578
32606897
26199183
29797146
27086301
25294773
25860233
26251756
25102997
26076713
25464047
25085812
26185494
26424853
25412001
25668149
25772065
25826368
26152854
26230471
27432986
25885386
29550197
27665269
26079102
25498334
25891649
27218469
26301268
31345119
26039931
25908772
25944720
26577119
25952256
26004778
26467220
25254395
26776849
25158307
25767302
27042047
27144051
27666425
25341096
25124532
25244331
26566897
27185184
25841418
29234033
26571464
26021368
25368736
25484921
26255462
27146957
25184059
26869958
26284250
25842279
25974491
26102597
25167162
25660454
27994110
26125615
26094567
25959589
26173660
27121943
27035308
26296805
25250831
26072534
25546101
26586981
25178338
25655644
25436349
25559616
25519714
25143817
26138771
25475796
25375209
26528574
25612169
27108584
25348634
27199567
25965998
25470235
25858079
26329103
25599447
27612304
25518131
27546991
24938829
25515432
26017653
26744295
25198046
26200254
25231933
25961140
26271256
31105584
25384417
25908039
26927626
25426897
25943455
25764442
25293327
25782443
26039564
25856204
25948272
26196293
25658105
26910314
28821276
27127096
25960863
26886828
25436435
25669130
25334653
25451282
25327250
24814735
28065801
27901221
26391633
25096040
25395648
26147454
28058643
25770627
25649557
26320426
25553977
25653559
25542413
27583616
25552512
26104933
26276165
25322392
25435141
29934786
28438791
26813776
26232461
26343857
27854086
25493765
25613964
25644824
26017154
27457599
25462696
25868102
27041897
27350158
25279071
28411494
26127937
26686853
25921479
25431773
25606762
25935691
25405254
28233891
26397040
26208074
28259356
25675640
26297949
25533048
26090238
26064065
27254509
25778979
25845977
25616121
26157118
26028498
28050175
25942806
25861604
27659068
27643081
26096830
25363291
26288096
29419015
25456950
26158778
27463230
26173091
27150650
26113530
25496302
25332271
25868600
25544362
25494783
25757228
26138686
25427840
25301273
27781988
26471194
26111848
26469753
25888078
25346462
25589978
25928993
25591634
26548919
25968256
27705652
25554015
27547086
26083940
27818706
25533851
25288187
25844989
25256704
24860241
25259663
25106696
32890563
27233309
27471575
27902456
27165501
27318691
25308650
25780674
25795049
25999437
26172134
26220662
32648245
25411561
30558035
25808557
27727951
25826492
26089881
26661563
27455893
25935658
25689665
25661827
25320945
25091291
27368934
25467138
25927594
27157194
26157511
25557569
25662123
25915864
29959538
26002521
26138640
26299387
25640069
25685174
26867755
25993815
25718730
25631879
25844270
26871829
25128950
26963838
27185171
27024722
25332478
25441121
25044241
31318271
27303110
25167909
25935171
24689888
24846025
25646217
26573083
27789326
26100588
25547764
28810253
25914018
28692786
27777561
26043969
27269937
25432935
25899492
25855969
31405833
25597712
32472469
25160674
25697710
25243008
25622075
27707547
25267079
25721779
25988283
26088409
25647403
27384227
25444770
26351453
25765944
26214789
26053551
26115755
25809725
25285742
26265828
27327711
32675680
27403612
27382816
27361566
27655225
26649354
25802783
25094807
25200946
31157178
26616002
25522376
27003779
26311138
26279613
26185265
27372271
25811152
25536791
25132048
25168673
25843285
26822941
25835591
25675411
25165390
26991682
25422654
26998952
26687081
25946531
26030831
26290080
27069662
25632245
25374774
25289810
26147407
27406055
26307412
24727790
25425140
27319823
25212849
32238437
25589579
25344639
26333208
25810318
25306927
28161140
25256848
26156608
32951952
26397755
26091884
25304261
25302016
26207917
26597022
27894410
27880021
26893823
26199946
32940476
25741551
25486228
26045379
26106293
25569073
33451283
25317885
27206321
27213625
25484321
27039577
25324093
25382361
25461410
25518479
25316789
25886204
27253688
25368041
25417964
25497551
26704493
26215976
25475008
26302497
28344672
25959406
31591841
26486698
26065637
25801295
25619613
25746759
27874863
25863095
26269086
25928290
32818180
25349217
26531016
27839495
27363168
26844227
26369939
25777611
26089858
28009820
25645370
25364450
25676621
26098550
25862193
27312184
27411136
25439932
25817373
26128714
25736529
25984767
25801754
27827039
26655889
26586165
26522699
25515112
30046220
29608136
27355100
30081252
26085225
25961532
28039522
26907514
25306905
26140257
25447960
25619167
27248329
25810215
26313199
26068734
27050155
27464572
25572703
25319080
26000600
26014300
25289278
25510811
31156180
27581734
27392409
24948605
25632062
26053158
31561768
26093367
27403917
25489714
25517257
26060302
25474228
25900708
32508803
25898302
31759663
25621688
26258613
26974313
25237892
27593368
25582968
25904775
26361851
25957455
27527761
27738958
25475503
25945191
26069476
27625634
25864294
27712326
25390396
25221834
25980832
25850232
26582059
26151504
25338901
27062654
25571971
25823637
25667824
27107899
25489959
27364156
25694290
26047243
28239880
25431442
27745015
27412624
26301311
27183546
26082934
25121678
25585359
25110994
27527205
31377238
26008371
32594770
25277030
25171914
25520425
25953540
26090242
27162636
25667225
26084039
25900421
26096390
25535187
25858791
26127685
27960385
24888139
25883147
25329430
26208718
26068507
25047053
27018885
27217688
25201469
26967401
25550093
26066640
25868857
25352931
27163746
25829591
31676864
26062299
27468935
25378415
25524627
26262302
25424581
27005655
26150892
25312084
25864223
32223522
26707800
25703717
26800364
27173368
25790420
25621965
27931513
27611908
25747578
25674904
25855519
25640754
27545923
27313138
25746455
26280247
25675197
27361009
27297073
25616273
26340691
27369478
27497603
25991354
25230272
27049201
25109038
28388800
26113882
25365340
27017048
25812124
25277459
26988503
27032286
25921575
25894144
28248832
25895927
25737196
27587783
25699154
32664031
25678021
25516047
26785091
25356045
25935595
25823986
26267626
26994493
26044277
26164458
26215164
26074208
24911534
26242703
25225884
27789598
26005628
26145235
26015478
25372684
27788834
25195786
25512794
25742953
26040752
25586436
25703372
25760122
25296489
27716716
26907527
28173771
27335553
27938907
26058012
27312765
27136107
26028664
27318396
26358192
25524104
25406243
25389209
27581761
26092352
26848207
27595899
25781387
25576541
26956288
25127969
25994862
25569345
25904884
25471258
27083600
25379353
25716190
24705623
25329157
25440892
25672232
25723378
25966917
25771547
26055062
26061002
25774191
26174505
25984322
27086761
26009616
25255558
27293872
32669420
25372813
25905006
25878589
26076020
28119817
26254555
26004994
27331216
28144755
25265705
26401878
26473814
25159824
26014899
26028548
25576125
25976450
26368051
26373318
26267093
26244497
27288436
26266190
25939734
27818276
26077732
25704366
26093650
26137831
27900060
25478846
26006323
26417314
26084485
27228142
27903422
27894169
25799154
27391443
25296250
25573212
27561520
25512210
25219126
25355948
24912845
26081860
28323785
25856367
25846842
28343455
25287482
28218924
27361136
25541120
28249672
25897909
26348753
25690219
25595804
26761677
27212658
25613011
25724214
27320734
25385008
25920983
28095096
26575117
25361063
26318010
27389147
27754741
26138387
25382284
27613619
27734987
26000393
25192710
31007974
26106426
26099946
25730689
26336326
33029301
25442385
27166054
25562008
25516345
27219642
25696685
26690167
25172178
25860039
26107545
29627149
27521809
25559389
25712001
25655051
25783519
25930475
27272827
26778151
27325885
25190037
25043035
26018909
27465522
25422860
27379261
25693278
27114555
25916403
27073202
25418237
26620450
25640960
26757599
25600675
26866290
25924966
25635076
25305387
25662573
24719990
25429752
32774191
25756544
26058275
26333223
25774923
25604074
27159312
27518031
25666942
25678918
26877756
25080763
24893694
25398678
25512909
26312453
25863439
26013941
28086463
27363311
33019069
26057029
25802920
26251280
27817829
26138923
25468737
26420880
27472972
27364540
26503847
26288211
26421039
25860209
27452626
26797499
26256690
26272377
