25943857
27646154
26444541
26769136
25896158
26374441
27342051
26809065
27842842
26590112
28214464
26304351
26040921
28052730
25827357
25731032
27266692
26213608
26592052
33405995
28117870
26412343
25673101
25813801
25765492
25584010
25772402
27508388
26567086
26680980
25636687
25998621
27380459
27187947
27111033
28037427
25243063
26123522
25054363
25994775
25437064
25867979
26418376
27932854
27169344
25749214
25878490
26785137
26450827
26620564
25561809
25561727
26172170
26473766
25863892
26820862
26496734
25525788
26572827
26167276
25730729
28795668
25200580
27881459
26107521
26356917
26579354
26106401
26168796
28271008
26815963
32047163
25500400
27592058
33667115
27492256
27122320
27070359
26267383
25855251
26338552
26437249
26401935
27134011
25391180
26546894
25617344
25520455
31942801
25625524
25327751
25758468
27846367
26169756
25826900
26120832
26329016
26806654
26057049
28325164
25907071
26218165
26647217
26632618
32301511
25546181
25673855
26102711
26196958
26223506
26601993
26013003
25442808
26309546
31539357
26043724
26402583
26157901
27338424
26441144
27855002
28465708
26482733
33446318
26442049
30017340
27261360
25483811
26068369
26498566
25311131
26337566
25675371
25278434
26424050
26719032
25601619
25860017
25992469
26024904
26382914
26461623
27611893
26118432
29872159
27885289
26322924
25660712
26121109
27439250
26533801
31944296
26309738
26098735
26181542
26885264
26202836
26240546
26779032
25431345
27068260
25398932
26004369
27231310
27335520
27961380
25530407
25288243
25422965
26741688
27455620
26145132
29559512
26733217
26263677
25573071
25654382
26483471
27330853
25362605
27048833
26527985
26088672
26192533
26416042
25357612
25895504
28219759
26370535
26338974
26214543
26409251
27307401
27210935
26552611
25476846
26306171
25850141
26875805
25367071
25901943
25600360
25744041
25688789
25394125
26425367
25680171
25573073
26784068
25799969
27287390
25518532
27388302
26214788
25658240
26067224
26596185
25860662
27867766
25707938
27801718
25106110
25710818
26273760
27078034
25383500
26420334
25416874
26221091
26560256
31758696
25569766
26148634
27237276
25604148
26200933
26012623
25542994
26051554
26290940
26048623
26169446
26462853
25858396
27241516
29129810
27436022
26180997
27172299
25599452
25860498
25523489
25634249
25509485
24993488
28509147
28182241
26679438
25284250
25593935
26418676
28316600
25958051
25916490
26600216
25810599
25847945
25734149
27953422
25754107
26356607
26570054
25514380
25614601
30138325
28727458
27089349
26505781
26643158
28101380
25663409
25803070
25829238
26284179
27820682
25637902
26123038
27224710
27555331
25460296
28734252
26385426
26866613
26189148
25631258
25809542
26177264
25582168
28526263
26695364
26461672
28553409
25933515
26529168
25718893
26370742
26296881
27493385
25998124
26097656
25794107
26445900
26302624
28445336
26187704
26109734
27920210
27874437
26410240
25592149
26520356
29744602
25617992
26412161
27721492
26387896
27370566
26343777
25737591
25525634
26130569
25760422
25731365
25997258
26309857
25603563
25495115
28027042
26726817
26367516
26804054
26147966
25537748
25779450
26216142
25752714
26809225
26196545
27962033
25768071
27814163
26320450
28102280
25804459
25466465
26088157
25429793
25029083
25506487
25263226
33701568
27423109
27715208
28270511
27323002
27566830
25475954
26024268
25999537
26273889
26470856
26496630
33311078
25603952
30970430
26048197
27989164
26094645
26372672
26974595
27685689
26182885
25971016
25905481
25499777
25258665
27725579
25644078
26171343
27341652
26403155
25812045
25902699
26148872
30329415
26238129
26360466
26579711
25911548
25910229
27053020
26249493
25917806
25862105
26123411
27052945
25316977
27143592
27407583
27221730
25527025
25696965
25242239
31781160
27603219
25340349
26163463
24853516
25019281
25867965
26904123
28016231
26316799
25749004
29096675
26168145
29024974
28041718
26316508
27476224
25698417
26120434
26056353
31639872
25819636
33230676
25394884
25921216
25412166
25860364
27942219
25438698
25968232
26224249
26360926
25829728
27566375
25627080
26615999
26004516
26493181
26308425
26376817
25981249
25450713
26533737
27495426
33383183
27586645
27616105
27548372
27883025
26927474
26031443
25281911
25380678
31812458
26873281
25763397
27190536
26629972
26566085
26428247
27709290
26036609
25764702
25303007
25339840
26094278
27053177
26051452
25882948
25400957
27222131
25596610
27283869
26956697
26182499
26277555
26521777
27280302
25868826
25546216
25459410
26379463
27634927
26535951
24908439
25653278
27535774
25371662
32894055
25808899
25512980
26610872
26021097
25502466
28430987
25428038
26386514
33763516
26663402
26336446
25478955
25491713
26485626
26884328
28159201
28162320
27085933
26492081
33744975
25937853
25674473
26330853
26357071
25802835
34258588
25524256
27374864
27395782
25662197
27218166
25567582
25566525
25697140
25760618
25483634
26144662
27498303
25585542
25645285
25673276
26984247
26458393
25667038
26545210
28726167
26192564
32075347
26774787
26276859
26032349
25862979
25966559
28104577
26078531
26504046
26160176
33599662
25511117
26772266
28070718
27594934
26988078
26618113
25997373
26411263
28242652
25829303
25582557
25888393
26375466
26112172
27505746
27735632
25611469
26056313
26358752
25932524
26202948
26034012
28227853
26934225
26818368
26783431
25711295
30434417
29961896
27721344
30456780
26328660
26231429
28300949
27078718
25481677
26394797
25632703
25872194
27434196
26034841
26567262
26330512
27295187
27712841
25808666
25502405
26252776
26253476
25453683
25669349
31784580
27857622
27643184
25128104
25871398
26313946
32056788
26368278
27581247
25751588
25690895
26334822
25648709
26141836
33267675
26140463
32211699
25854177
26496881
27268337
25415819
27941199
25754403
26152997
26642452
26205588
27764056
27987284
25654960
26186878
26321072
27890196
26127129
27957456
25618624
25416622
26224584
26076149
26845061
26396040
25505047
27242270
25796210
26069539
25914586
27299685
25663581
27735654
25935336
26277815
28562560
25608245
27979940
27588032
26543610
27439763
26302963
25289253
25822431
25289428
27754426
32047560
26250695
32762271
25464877
25328580
25740854
26191003
26317456
27390687
25912066
26372343
26165344
26353582
25722915
26132261
26442366
28339735
25065371
26138191
25539656
26504543
26354430
25272444
27200898
27411383
25374278
27151920
25723438
26312616
26085480
25537057
27364034
26071272
32148983
26318150
27696899
25584257
25712679
26529656
25600288
27274705
26417382
25503762
26112467
32909910
27009990
25902894
27110535
27365138
26075740
25823448
28218216
27913402
25975430
25866948
26115734
25831517
27765798
27511175
25936652
26595497
25863327
27548696
27501228
25810383
26617569
27554679
27679914
26238506
25467309
27362414
25281332
28682283
26365076
25553872
27191353
26072714
25460234
27166659
27206781
26200144
26124074
28439665
26124482
25979560
27943870
25931000
33454188
25911908
25742036
26958547
25524163
26171459
26046884
26522257
27172628
26278476
26383510
26464554
26322000
25090056
26486379
25412848
28159137
26252619
26391408
26260991
25541860
28030713
25367074
25737246
25988280
26281178
25820748
25928470
26007731
25477415
28106910
27094054
28553759
27686734
28324558
26316147
27602850
27317457
26283355
27530478
26699539
25703841
25586058
25569213
27890220
26337249
27031843
27992029
26029770
25790355
27150859
25300372
26225007
25802893
26139340
25642994
27251078
25553469
25916182
24885338
25563019
25715163
25894393
25948773
26204505
25993131
26336193
26304344
26039389
26426590
26220742
27260798
26233915
25443955
27557977
32920302
25551895
26173413
26098427
26297025
28361368
26499371
26220602
27656762
28374107
25466271
26654371
26759722
25339380
26287044
26289443
25810727
26219099
26694852
26645335
26502733
26498008
27526038
26511453
26163645
28203171
26310875
25874626
26331523
26353098
28174142
25677346
26255207
26656913
26312859
27497565
28132652
28280445
26075718
27747435
25470853
25801520
27942674
25687935
25405899
25544291
25117341
26326820
28578654
26024001
26033539
28634431
25470137
28661749
27586906
25732301
28564846
26179465
26636035
25962436
25791550
27100679
27406510
25897786
25999889
27514934
25579527
26168655
28536024
26851870
25559185
26587235
27612926
27991710
26396843
25575075
27805061
28184296
26237750
25381924
31195890
26345681
26366831
25944768
26582955
33822106
25638407
27406832
25737824
25749997
27412912
25917342
26995278
25409656
26085421
26321355
30003755
27747380
25793641
25957950
25893633
26047636
26194025
27466439
27003376
27502633
25363221
25215121
26278969
27672821
25609804
27733127
25933463
27359652
26180024
27242830
25677471
26944183
25824203
26941707
25823858
27028869
26172673
25873480
25491999
25910567
24891842
25669243
33516560
25935168
26320726
26581239
26014772
25856596
27508091
27900784
25864841
25911665
27053198
25252596
25067720
25593971
25692705
26601597
26044347
26259459
28359514
27567322
33845441
26247533
25994954
26525490
28196180
26401531
25690049
26678037
27791261
27553881
26771044
26560925
26750561
26072265
27700354
27104177
26542865
26521648
