97431160
107663121
112931673
78438856
25933954
192183097
217271674
211732069
160177865
170707594
151752453
164112197
315241930
283387508
265665781
247063376
244789496
290584844
271387169
304548965
200718826
144114937
298041556
258861905
253476096
276034569
258707174
206915000
262825861
283715000
237642835
203377352
185529506
243747063
242275377
263333455
235682380
241967599
268752245
246098440
233254154
231952114
297328194
70216366
167850814
268964938
239619949
254046958
256858367
257458210
232393472
232462646
258500248
144405056
93102433
220217374
251367285
264752616
268311640
249148948
261941452
216167008
229410466
196365641
155551599
239267825
254372376
311160719
277486954
237520066
237972847
277327040
336798747
342700179
363271335
58512824
86939170
277094141
349934628
344867359
333478297
333893693
316178737
297625618
290558780
238160176
271864381
234302975
260556760
232184820
261836608
236584047
270038161
278107440
271364523
232256495
289447170
298127325
298921434
276809280
299449039
300294502
277665963
250134365
243949058
303641850
219918979
210260658
217275175
218858900
221015197
227034618
217039504
185263000
177679139
155110025
155571199
176984433
258986798
287751804
305081424
299856984
269318383
249616089
255409018
270310870
107127930
364562099
67247493
259303630
275628456
222499661
265735949
187095070
299322527
279868627
241819071
210265515
190364754
25389197
218375323
249008787
259007107
264105095
262143806
256594915
243189472
267671460
222776822
202488070
277026033
273423319
253409042
235751366
236242781
264937757
242713433
299715590
227641950
221940412
274216931
248170060
281187338
286451963
295881552
296115099
310965331
255395248
224639165
305593934
52927457
77328963
91178212
231399019
259268430
238296047
233051708
286655907
251577254
237782837
189579943
162571068
160677615
185949736
231916856
248083548
254641729
246448615
246810594
236919229
254001392
217179572
168546793
51874658
39142038
252160349
252170278
230533615
234363755
258887125
236249945
259987631
260217037
204105501
262490443
106339737
102906907
211549511
251834847
235372936
267733569
268229913
257298725
273567139
257556741
170970926
161983936
81443802
141762487
201070422
194575273
197075116
229881811
237701479
249808771
215346370
223221369
141488459
62930369
182736620
184644456
183068225
178093380
218581065
157115470
158685668
177006396
124278380
129422220
55370595
49159645
292036675
267809577
289632636
280119524
325315809
246261710
245922420
309127806
315776167
325539194
233604081
242046975
220459085
259419488
247956857
259793942
263868478
246466064
211048008
306284901
96223485
167543554
201016420
244962653
236623081
201540819
224986792
204867742
219604142
243997148
163060386
89258374
36600389
248779019
206967682
204946670
250608999
245091928
245400235
251133857
261480659
210389892
188571864
214639756
223485620
235566273
233066351
230545653
231660275
233958994
246975630
209953076
152621579
214968111
201727393
214795556
215787414
187406235
236929454
182909011
171831786
159074405
107329806
151232040
324557144
333067336
293338721
305304374
286551487
262012693
207322125
264879910
212356947
172413142
277287606
272324969
258072704
262383456
245598615
281449055
251918173
264355628
143977530
166369808
240270470
251484302
232345901
248473715
264253585
267024938
252555008
270810534
208075431
169959971
54269390
309343526
308744218
309723827
318119750
318431049
295116537
195507736
300255541
332493512
223313491
232454840
240756644
208568755
257649196
193113992
208177099
218979587
216111586
178634452
179456413
26920095
275471588
281504890
249585446
297510501
297601376
260575337
242355888
229415284
334120923
317721462
162848901
228654512
203033265
232539811
207695556
226855841
231522543
228780807
266741037
166437300
73854517
277371560
282938923
287605988
207402946
260672993
261157006
219768266
274680692
199132914
206836958
193074165
227775665
230659559
226010728
218530091
227152346
207612352
200288295
205065214
236682779
51252011
156064255
223408760
243968068
257246519
250171622
245423537
251463386
242114596
223863924
202832092
74792098
88680309
121983033
136008487
163548672
166139350
183516482
188359564
171223591
191244426
216754457
112159674
137920831
153032955
181196442
238168263
256783205
209149352
242859055
223392496
245004649
173525647
144632528
98030187
62571052
60814391
250536740
241430355
222556767
260286245
281475576
227482840
299713182
210202886
201990953
209028218
166529386
220802041
224201837
213137483
229923974
231968637
239909178
233581408
208188073
212014259
37051967
111072568
249467643
234123984
241543238
246379908
262919616
250889930
282192120
231706222
242540523
132604986
210764736
253080620
214408699
233243207
234164038
235963262
241776863
227867644
198152138
208042766
25382785
92581962
118237816
128277859
205123371
187176761
202371145
202076392
193234246
182785575
193874443
134333463
92666067
64312292
211190640
226059312
221618203
241522765
254883779
268068489
215042285
208617458
189372162
190203492
200331603
230578848
248031123
205043921
216306540
208782221
218341147
240067987
166916282
260502893
191700401
210756888
219017790
229310537
191717842
237038576
237593652
233386021
225168587
184145723
54992331
54352814
213593543
243971994
249198648
206679680
205331244
227347271
227376795
227895375
189261542
84910904
338009801
229628863
254721357
252280869
245076915
212903811
217754884
224153091
227393736
164338327
165021149
94610345
167567396
178461424
174143789
208936242
209469198
211233533
175079742
169292290
237822800
164834303
89925908
148108656
186054899
186779538
208782136
205878871
222675969
212190070
193194640
243532906
144003622
90724864
148246961
179894331
208140701
210811158
227277415
224308611
220326690
186895875
200624681
170590122
93836773
75052024
145538473
164144167
298264559
293262305
309023443
322958907
239417617
385016738
293413883
299315252
205614587
215795366
274973348
279197651
265133441
282313341
289672814
207186245
273048349
219304211
175568577
164205803
157067493
157592001
215003359
209363060
226233479
172936558
193541949
206447567
198958298
199477065
56809808
147631254
157207969
185710525
177125741
215073759
213586403
195766843
176237677
183498529
211019176
81770314
99208137
153100422
197923000
230390506
217271861
215133328
217595197
260235212
246527528
211148288
144937542
56164233
223007578
226352634
235118285
231895328
200496937
199958941
204773713
204548951
188462071
137349685
208291020
213965297
223119573
192825535
220491532
207495828
215472204
197949675
187629069
144501513
139094696
174951266
197318389
230690191
224997114
232429023
241733625
238516002
220248119
184402876
110814810
83685242
44214917
212366761
228280103
215322047
229743106
240668939
256909997
199942490
203705187
184035422
184545078
50934868
81037876
71193670
56078116
188575208
192076854
231311668
239296362
240045255
242934994
197818960
205499078
197175634
210413420
62058494
55012042
190250373
199335368
196736489
210846690
203117912
174811674
165563626
187410277
155607458
144642129
183272476
249261234
251245087
259961987
270123906
249567537
258236541
254216412
196372166
180372026
90662135
53768236
131373522
194540043
217165756
253440355
254391164
264461717
224922202
242531696
223880272
231673360
138277082
40573301
225624259
210841423
219184855
256160939
257420333
243647432
239428322
253893961
212178281
200592508
236323694
216402260
246894731
250129350
255185986
234126898
245929903
239755198
210733261
211291686
83597191
89429572
84632504
122512841
185147480
225990459
222918717
223183390
219019785
227843845
191704628
222635210
192517526
152327501
48080466
232115566
232948238
236308472
235171731
201010987
176724997
199441180
164775685
136183805
134708206
231437556
226463427
236041182
232579192
242793310
243649176
220209384
184914389
176125667
146137042
230550943
246651959
249468496
252220642
254993290
256147894
233135692
248498365
228620044
229692352
235994014
246767968
228877842
252508726
254849554
256396544
256443465
260485153
222632733
224511492
225650939
261873490
246019552
239585367
256384796
248557379
265654691
267020049
267626912
271692359
148282732
144456400
150088562
150541182
154365224
166395636
175537413
179338476
153074948
162391840
52616186
242170534
244766015
249124186
207420242
231416980
223782205
231663041
229434378
209858406
199085623
247160881
246928513
242701761
234009499
244059402
252721424
235522036
242875573
213862845
134870908
234905763
255924012
240804982
243561292
232412769
234768470
247789939
248870503
228219519
193286842
252654367
241831197
246960005
255438561
252501062
256483432
258861024
237457431
226664642
226900943
260844057
261325554
269533074
244027175
255946319
272452307
285766761
244895507
280339758
250654561
26231197
224921821
234924529
229412959
230601011
245998060
249314548
263803027
221924515
231091508
219781562
236663200
261833339
268094221
260717588
273694631
260123186
293018410
278601547
245204658
149802126
119879747
276172438
267683875
277283827
287508672
282764066
261643141
265819783
235304506
238471287
143652866
206534784
229995373
225734621
239432943
237687400
250814015
258996926
247727362
208906169
211582849
25224003
224590583
237288164
253437134
237451794
252860551
251466130
226029416
225296086
268680579
200799661
239875285
236678076
229639995
254650147
231427486
251633539
251231948
259955143
212217530
212564913
27305409
63684704
237234322
235456403
227670901
249332618
250662222
234903054
251507902
218656879
219615683
145281409
224181260
225858069
251386710
249248404
240259895
250266928
226867264
223012857
268118045
151839462
136360718
238604479
243551169
236741027
247928822
233060808
238334139
215732618
212795138
271647664
77354163
448964898
466816451
462849983
435103959
456298191
444045159
419171601
419416161
380392825
392175797
223177454
306891877
347177986
246720827
319344123
289017775
322096128
269384817
302285505
340395545
26436028
26885404
25183236
221674326
224377228
252864034
233903738
234095700
245196812
248557727
246580499
178926734
233058168
37858214
207330705
264842857
266117818
266374065
266805438
267284059
247680323
255394236
212430657
141405922
40670073
246541728
256446503
275463301
276321567
249741980
277551712
260129433
278778495
197786154
223214219
203278368
252150850
280769281
267234734
276314119
282742163
276970578
242870471
243147772
289097698
49888176
148895091
228319901
237288813
234909368
235612103
247185423
252255207
248710098
217596335
209098096
71307434
239899528
234798006
243134585
243835569
233646784
243309797
236282573
210472077
263493928
161754653
48565471
39918062
163299691
214995024
244160375
243109215
238159848
248861329
232112765
244987553
196974991
196348150
45874042
63240575
232392065
225512159
228017089
242383338
220100859
242480655
246511342
207679928
151159115
126667492
228611042
301155057
320279800
299126092
315430482
331985382
308951081
301265935
232278212
232957973
73631557
240884258
255480282
234232996
251043290
262814758
210833813
255551724
243534126
260122008
216444558
228972259
235946952
244871539
261594071
251472703
238982267
225456268
233380549
260284250
280676188
225015450
235819763
243613589
245539160
240036426
244685452
247828443
248258858
220148314
167472648
38079483
27967410
256474267
262801936
224951799
225275754
228175930
237288735
236798143
250016964
222530499
211552701
212170010
212763959
214818964
229408807
241571814
234553995
239400237
243576370
158321995
173460355
75610289
209471224
230232530
217497071
230449426
230683519
231474821
234385081
208847136
178827812
126148831
25643235
174743601
225392553
213036619
220857397
221742118
207398233
226629723
238957566
180588769
178609171
37120835
211686353
229514526
221283583
232142848
233309816
249170128
209784991
212843749
195829682
155668707
25174401
217275380
235550382
235898023
239797487
230671585
224285447
236380439
182149983
175685571
147942532
25810633
26826608
128233608
244847075
246104774
238210903
229907336
249918724
253617494
259739985
262028992
133999948
247649637
226890612
326561849
312204579
310698136
271654936
320021343
221752160
262033790
265376524
224524563
85355851
230910655
232476602
227077704
241011554
236954528
246103207
238135263
263291531
201596354
204179052
241106054
237355019
238513558
225265082
220565866
224639362
247754917
208358985
252054998
209422025
219736092
231456967
252842553
249893476
251227123
227647699
252084471
232572813
253468367
222510374
51605344
51442228
225141890
238534074
245448915
248837628
221444121
249154790
253104553
210689577
200093631
123529202
211538346
246718078
229742714
228297016
238665314
246091705
244573567
216357737
179360877
132837584
89510074
218729597
222438828
241145775
244703505
260560173
235822218
280815461
276518541
202980508
111525069
130655385
198373359
211210210
199932364
227854003
199559015
219205725
219473103
196252121
164144440
70670851
31942229
151284178
227429945
230180842
228374248
232774935
220338332
201001034
230802819
168985801
176218433
52940123
242975304
247879319
251390587
245678123
254367730
231511006
252116029
253174590
216052119
172304532
55037519
53249910
172408849
244410080
246859356
243933361
232516974
244288444
244778681
204251623
199877062
135708087
47445911
238536794
252621273
241976407
238267747
256359730
244539769
251438173
233629234
210389240
164132447
252187128
245087327
254044771
247073573
257535954
253250279
264321581
265841482
213282185
213836908
241549642
250171094
240056993
258937014
259371469
259949281
257424731
252928493
219599800
223892724
231377443
251055898
249160942
239622058
232721130
249051551
262029022
261348471
239164466
208870988
254123085
262869854
268812400
269390368
269893788
274000188
274987164
242465890
269559959
239476182
26121180
217759146
233132242
242818801
243576166
235679440
243037086
209153165
252976259
216117837
129741459
238144297
227971845
255984044
244948786
243624855
248822153
230245073
238474277
206355031
203345238
132326291
251539178
251232675
213804823
218325029
263725828
260583565
261367568
255416519
266941701
89605368
240044733
224354407
247009698
229883551
251373059
252651866
258858830
213107986
214808045
268290189
227813807
253558025
244330503
266783347
233847728
230254491
234483547
241455820
213161596
215582211
196050979
214454950
259096974
263165116
256058403
254565621
254833252
223178872
258119795
233771826
26102303
31668405
226740744
240825423
249413089
241991384
240293316
226010348
226379366
216609017
174387779
163538764
238734401
246318477
240123825
245224859
261035268
251669704
244442842
221010574
266941576
180077365
231478828
243353967
230234195
243002277
243270601
252197313
259061578
256705569
227943645
170644461
233178242
233553746
243789873
240894567
229191116
247027921
248025003
249986278
212551242
172379769
171525098
203394919
230742172
245944260
237749879
252543085
239024061
251279261
220293745
189291962
41319352
70260132
218694718
235476323
246823355
247778639
258114323
251662038
258819886
194989985
229704905
135665745
241847687
239485190
235962937
245144140
251255207
233273579
264574907
271312572
215714126
176481611
160484099
239008910
232648598
244322879
261442373
250923781
219259716
221311634
279989663
262617258
64027410
212801477
246340473
239565575
260162271
228521716
254083713
266690144
235066556
210970980
204843208
232423751
244688027
234124458
246226704
256711350
245938376
266950996
264503830
218799971
221846940
244592813
244610005
234446634
249506377
252581652
244238688
257438246
246089995
215220331
213008180
216774998
243560498
247429634
231675209
249705960
229365322
252361733
250896523
221237037
221491467
255838893
246581679
250530425
248945696
254880204
255274791
234678598
263424627
221577556
224383644
232883037
246745238
233097345
253057266
262100001
255867051
257701533
213825593
246424129
212978186
247296556
213777980
241555706
230028641
252839560
252912140
266221807
254894263
255656013
268477626
231187532
248532851
250102141
252205273
252855639
253086929
254179933
231899835
226262361
223147715
238080282
252936929
255887554
256041676
256430387
257895120
262597862
243649174
228658789
232774252
244626380
248598069
249098988
229910290
249793322
256054622
237896544
232078202
229111760
264279565
253576638
254389283
259863025
233573714
259559470
250903752
251286805
228489478
272086083
234880284
247407963
251837950
264893828
267115303
246674313
268544993
270877765
234005278
279599215
239857413
232647466
237538694
247362103
246048643
255184014
233197455
257146559
232030297
227854285
228314232
249801461
259594507
225947419
251260203
232967704
266478652
270813945
271578261
234212161
263347129
223643375
227522560
241446039
227683645
258244568
260615177
261630022
263111236
226899474
231515949
250588012
256480123
249141484
249323327
241836337
234587510
256312799
230849374
264393454
227468329
238615310
242386387
250663407
252364827
254416492
232687703
257736682
226677265
260172541
227116934
211696774
253983785
254584971
246339236
247312970
249750868
232929253
233938137
254498095
270194157
25831333
236082853
233340150
243426211
250034682
253560716
244609198
250083417
222917354
220024791
168816964
146677985
229069974
231780609
233979185
243073636
243577265
244354799
258563756
223949054
230841223
71634661
196594423
250934324
240744916
241348095
235954668
255202913
214307445
243334098
233804079
216808069
25246951
207811026
225069866
240484442
248585777
219791420
250260030
241578967
261820028
218795502
203101272
196370800
226102747
204542418
233381468
214863691
218699227
227402361
228158353
193855975
197820506
25070006
204138112
211285402
241073686
220297164
245785947
227612034
247480181
254494587
206729593
174311029
26321567
236102677
235576396
236890984
229834343
247824428
252301700
242552123
216869289
187455240
257136129
166894908
222977387
239097808
239576963
244657152
254408656
245820461
211619805
213408567
250974733
45211530
124794130
394613864
420576089
432097850
408233972
432578562
426979722
364768431
460633629
380605073
236046651
50876595
300792748
451899299
490203926
514317596
522042034
504046578
415947167
533773634
424089825
122452132
556143607
63484983
208247526
447940752
460126252
485262972
480040256
465627847
438900789
439878686
320329318
351882349
144321998
283906252
301232544
316498323
275536373
254170561
214123467
292449440
261827655
220043836
236521967
218386758
241021924
258625702
228589892
250807240
233915526
231004632
241195168
207191807
207627962
192513921
236400423
221937525
222940102
233787170
218592442
230125628
202864473
215997589
262638525
31781275
165727219
218398879
224189248
253913737
245643434
233901443
254583144
244267676
207530533
224809300
45359421
162202542
168781571
191951558
204229146
195471136
205543343
248945637
189630830
170813302
186039043
179200219
183049182
195299681
187772213
192437277
187290891
165284616
128625361
168830720
159191298
92483667
145460916
227425792
236171560
240649855
241003907
203808203
209930263
221877491
194520323
143294036
74061373
214739028
224949539
218564807
225691430
206099507
236796779
234155743
247195811
201086744
185776384
134306597
228463583
253475666
244589971
241997180
238886218
232336617
236881610
210508693
207723259
72356701
90942229
244123616
244611369
239670922
233801696
248070907
248781038
250336306
219886598
220212374
109911412
233278944
249940647
254959781
255180823
243081155
238338476
254152982
258975666
217545402
217943690
190762450
218259746
210187417
233567483
257664683
260453256
185446409
185894219
168980195
165365988
221496476
225036085
226236617
232050865
236094078
198305877
208114523
208818308
178211635
178537730
214814783
232567763
238804152
251641343
222159991
242980054
219009715
228964814
205779031
206319528
198940159
210382997
230513238
224899018
233395669
240720495
230191844
246089221
211174514
212532314
102559435
113988426
212995266
210444443
233069918
219951890
240081260
229219706
208237602
216058883
115088550
130086643
129117362
198362416
251050306
254502819
236603031
241282818
244919952
241401531
209316467
211335438
73654706
212040620
229034318
210948551
236890502
240448306
238145307
193575212
179482051
152834812
153420823
26044633
140479332
154608312
170025700
192193560
175635461
179345092
208950119
226108395
203325176
160977664
198429800
153336391
177835999
179591580
188599590
209679826
193028022
200728429
184528419
194160774
154966948
196093590
255991696
211727946
239020202
217892323
257902394
259942078
241006016
201591906
197529439
179153571
143147320
148300397
73163869
207071137
229732804
399919174
451972036
500012746
507904636
491921714
416287324
455936848
440145860
276749012
245080902
243924147
246629013
237756978
277535467
234138901
257368683
197665033
182053656
214567406
204990546
41466390
181042052
156934318
184900843
188643196
182834439
165437958
174634832
174245662
144311855
106020781
191963514
200792453
212856911
223649146
218663387
178251080
184686345
189488700
167766526
169339806
230284330
250014056
238860963
214924701
268428415
221909280
229757985
274468069
200862707
205653338
248003939
254620964
237584853
234226158
234566768
243499589
261759168
246566237
214256024
215312782
210991992
235834475
257030742
250050502
254226937
232893934
255576790
221155887
269381033
222692192
188615381
215567879
216318355
222138601
232448520
226698637
171871512
174817193
159996417
159149301
27458056
187898368
227564441
231385002
213120196
234854045
183528433
197142419
209400660
204605402
112011260
25647229
229443840
239720785
237929125
245407830
218181525
221161705
222633855
209395066
236951549
178159986
164640045
214110885
251924280
253473110
242170056
207225449
263501432
236180079
251864352
217582060
51485465
26047693
250432747
247093617
258176001
259538262
257112866
264532893
257450894
228137233
224919248
183656920
248583033
253874055
247171410
261346198
248170446
272880421
256901379
262994797
231721151
233207880
210621904
215288263
218335912
218744115
221715515
214230153
178140789
175502325
159268093
160592900
224601433
231797789
242531313
240672469
218408078
214873690
213269855
222380066
196315641
196974654
203980295
258052004
247575981
253475936
230578414
235096575
265364982
239993393
218450796
213111032
115441657
240642741
231899045
241502278
251334375
246727768
243459401
209054652
257243058
212121000
88960457
232140969
251207523
247094358
251180149
253692745
254119375
261877705
244422410
211894567
213273437
229494269
239536010
249057434
232347992
234290986
243193533
253772954
254043041
222497587
213211221
187267735
210627761
211557333
212374642
201625094
215867907
172530312
173019795
148374534
148866193
217679763
237137039
246019073
248630638
252264497
219648899
215909282
224146389
189651745
191601184
63349664
227344508
232606636
233941492
245278005
249164182
249803987
247337925
206947984
213330410
140774046
246063697
229567958
253660300
248291892
251054963
253261307
251621774
216399200
218200883
267311248
247909690
246217106
258609335
259911040
271094187
262196977
273383892
227539285
228916693
259550854
242697358
230927670
232403162
235196916
252748341
244829790
257168710
249003291
213268775
211569516
211075052
212246448
214528448
219030576
201401311
226928520
169490419
169959272
159968177
161191734
216733127
235300240
243546929
239139452
223166976
225609573
216307460
222379505
195498561
195953809
169805763
223720932
241194265
246001888
223778178
229049718
225752958
210855624
240925646
219210294
46615080
99640875
232809668
240590961
247609774
243968112
257412313
233259184
220007328
235636402
213066577
109980000
226369443
252131195
252472348
234438169
241854214
255267356
206175285
250289972
250582035
208760949
238535482
234829137
254130603
247649899
255092279
236262217
245124482
241817024
226932223
232292357
196790405
206971792
206908712
193116220
208547215
209181280
139168955
164575595
165927032
108602154
76752107
211115009
230995219
240769278
252824325
242754911
247637661
222556252
225406772
264844501
151466229
206445123
210750814
220972507
205618660
231147443
231609384
218562838
206330828
235795129
182643796
148263233
148892616
207984183
214069736
215965264
223613861
223912656
225453705
223675336
183971501
82385972
83254395
96892661
198251767
218725507
222922822
214581246
199375192
239009168
183729964
184731067
143357715
100602697
24660013
233183811
223275925
208865731
238572414
223972662
244596218
210962925
262653005
171268654
174998872
156847875
201316139
200526271
207931345
212524599
189893411
178880608
172055646
147955203
104755130
53289210
237733403
234082512
238069359
230233107
217489337
219184250
223154620
216911251
199666018
144845441
251716510
245492969
248403834
269894836
252464441
253459948
259065367
269227482
215018778
215799508
263218236
251368867
241105845
268656624
269630432
267631423
252312657
244692155
246489148
287337048
228146802
224903182
224765810
230323793
251924648
251320713
252075157
219314958
220652773
258965555
243990034
246299867
257650695
260794640
228223993
263633684
265057055
234924051
271986526
273847608
202503159
218116220
221028451
218081209
229863509
248917884
174089003
177916907
158721304
161551813
180360928
182906307
212949321
216057234
186467883
181106641
181731847
191421989
141237479
154451308
198454885
227881479
225542619
222539287
224147783
224745839
229585803
205541655
195696375
67813293
28539585
143658500
241540976
247150587
245271333
238659039
255247643
250833296
253919949
208858497
217578954
91868075
241209630
247640024
249899402
246893182
250408523
254212594
254276357
254678871
207384805
210313634
235258521
228433452
250188930
251107597
251540701
250894602
252951587
236489993
214674569
223276144
197161419
216673965
203198586
219310916
231026971
228160512
175928298
191002821
168736408
168853867
27536797
191596755
232331726
236090056
238513190
223351906
215242700
211689423
183038269
208845215
193629771
26901406
224450052
241121551
233729354
242020797
242380985
240319327
243399534
211659026
181626234
135403337
239109346
245960723
246463142
243175714
259667894
258045028
261078275
249056524
215141174
215908852
233599375
254767844
238253998
234895855
239117534
227433485
262471739
229497620
264943914
264872214
228112210
221763925
253609228
223574449
225760022
233948615
227547647
240244810
235958692
261806148
210643652
216859710
218205217
210193513
214250438
230287193
159910960
172750899
159032021
160038215
28180648
140413813
202616241
217196842
212706725
197595346
217135141
213466071
219053401
203263374
183238835
64849193
141122587
180041834
184849513
218628869
219331691
209473623
196840635
209911756
171558975
158689608
106949833
68498424
69032694
245235251
245132612
245753390
218168191
198239867
263726616
264042039
252888608
190449243
191881562
231476599
249618621
255048195
261281593
263545313
278726709
287161169
225469023
295007852
249186228
26195664
252736593
248569244
246038043
242116599
248098499
228170539
207397622
242102553
242162893
191406239
231597261
231878434
252044828
264291027
270020040
296268831
191400652
207988425
172434914
173118474
29636078
241293652
219026702
231724682
242376856
243449053
252675876
244501815
214480040
215577824
164636412
213511957
224646241
249276774
230985843
226935696
228358886
247259656
259633658
212209745
132274705
90921152
244084263
249029856
248719793
239161473
241340053
229607386
236578015
265769284
278002725
127995652
227956237
243618276
213356165
252923935
257958896
250054950
234368096
197695141
202029283
235624895
208638950
230056308
230017873
248253632
243635494
237764811
232903623
258779773
207140401
207932828
25629531
148772940
207059615
211239119
211479091
211142200
197437068
181865394
130681636
133775231
141433291
49294021
44936646
254144907
264356742
228274059
224409451
260670051
213299311
248220434
240529178
210406483
210317344
111034457
226299015
230743037
240961758
241477623
225237666
235948523
251272114
211291484
152662361
83548869
208791955
225757592
229141260
237895416
237200254
237497791
225267697
231114935
207644239
199939621
27004149
245967610
241273894
254880215
247144708
236132494
251020217
209149259
221746177
254942111
171246918
249524847
247995048
237858201
247236143
254768486
255300421
261317523
254305506
210666962
214517039
200705511
212137312
212819755
206714405
219980790
236162147
171539874
172573204
160970571
163271807
26556849
222271051
247503877
222747400
243257996
243494741
206663136
221947238
213291277
182339436
201068520
128922470
231789623
227884073
244313344
245406423
224370724
246927056
246252918
219204171
144453793
78351264
205248082
229141447
236895630
238688993
246834253
248031148
249423094
236534548
209947244
210886000
25901485
150040880
203125206
250061052
238361973
241599708
244704940
245045773
248344929
272642437
200634407
93231701
242828404
245952955
235169294
256811826
242031103
237623992
238288598
248393492
214262611
214805843
208033601
208762680
212605290
206043882
218942661
228819718
161417940
167978738
156548277
156977019
213691755
245730093
245246274
222756578
256669928
222281593
265144540
223458279
207303978
208984201
61822892
213345968
224825943
232266199
230821309
217035346
231681275
232477167
202267442
158425383
127760839
213694637
217065641
252139000
211575068
257623583
249496480
251599150
241545528
267092002
219890947
207663109
233684235
206950623
235372737
242170313
233122950
233745959
243454225
209614317
210241138
93190956
213660943
231240627
221960216
231198017
231159758
230313460
238545735
204196868
211549932
111675799
85163218
198124124
204426918
203317746
206844663
207745714
212435394
208545883
149243601
132176174
110239496
61453876
134953451
183699132
198693149
226380139
223778735
214730874
215973122
204279682
188192588
175370498
104895925
48979952
131346267
225253890
226370500
223214200
237160571
196297528
234279327
199520766
189663353
127837511
69462023
206745921
251376241
241879621
252981895
229714113
247976159
257302120
253940180
198360700
211155478
172508992
225639567
233836112
239185619
241257982
242985597
243526993
238088241
211374996
212502709
31623241
237088675
229174241
254656129
246544165
253643980
258680573
259092120
255892956
197462769
221686264
226618986
241372474
240218666
237546599
240208109
232008987
243225982
259228912
156981026
181191399
26060851
109899094
130682623
203607068
209797690
228876958
233130595
214430516
219434987
250178957
251782893
141555675
125211495
32002603
157539731
200454413
216398011
204792632
197856181
210244693
194100510
192219720
177920074
148015133
49816174
175472083
227787055
225540552
212659711
247943821
217631966
217913001
210482154
195939313
196488122
32717194
221212352
250625053
242027515
244861664
226825881
262716971
249061165
249430168
208717336
210507319
217837541
215317848
228175123
241330277
249257787
241253918
237763321
246214762
207192477
208589359
173621681
200967774
235954436
210495765
212869335
253065829
226127903
217613760
151767890
140890249
49665360
24850341
155060188
155567108
207404632
202016332
208892916
221344836
221581720
194801804
260466917
191504536
80717282
81538778
119287149
214967763
201449778
226728579
227436660
225337930
200629851
186310263
155819957
192615134
82051028
120294511
218304902
239425525
246559142
252671478
250488221
255612183
241751442
201828316
204672486
98778409
248393548
231502356
234001181
243148230
249541042
212758222
246095247
223338744
201387446
203990694
230270861
248064588
254785038
239281794
235286956
261439253
250327863
256132416
213701694
214230152
215383945
226404969
230728482
212983614
218425953
227437820
243844600
232431534
169560647
166129327
32969217
89315834
118961196
199879450
206337028
219616738
234313253
229953214
202271323
228782927
225351573
147976313
117136497
24915284
229563106
217871372
191926833
240924044
244163311
235734162
247675855
227624577
184852252
134776220
227894190
244723419
248809598
223724452
242506346
233852658
224024517
200982649
199024324
261386143
243835712
244551610
246974111
247917401
233343646
238959443
214551178
245823010
231486790
217196887
236150380
252058687
252831921
254000345
255033552
264118414
238686424
258664809
216940952
224011765
229688124
251359797
247183212
247542547
229468944
251342224
267139717
267303274
182890310
184945970
27047224
48669661
51710361
204641335
233517006
241702274
242377939
242856613
251080057
216225368
227571983
174523191
178512585
25858874
218939658
242442097
232184354
244533543
245336905
246505551
251834543
221554115
177426799
201201133
215269467
288096361
276881694
213818130
250038141
275306664
214908980
279904872
309984444
259812809
250194560
246412183
251559994
230849282
249776718
251943134
236708233
233648363
202552184
204229786
154999617
160679147
182145093
192090757
192557791
208875600
107586192
114321727
99114383
89116754
117804028
118473971
118791731
166545693
129263070
127186205
127966182
117061925
137839043
71078012
78671099
83059762
259094328
228349190
284809181
237784520
254481101
288066728
268242556
212821619
212193784
130499983
241510078
240607197
233979024
249212259
249566032
259242531
248973430
257072932
221089061
221741286
234552500
252674584
252587243
253467705
253803851
257673232
263731772
248924248
221344184
224095594
246486955
250176198
250716928
236490482
261001006
222495732
262166118
266337401
263793577
225741968
94303026
136873906
152218468
203543199
188572076
208695796
217871720
225692935
193845018
194202359
175312120
123029553
104662648
127691471
187459418
205083610
186210028
207968844
205542579
203344279
183961680
100804078
127754833
88284353
173909114
211904495
211966310
210159520
215187197
208912155
177682432
201888230
150363034
176042645
42465018
208019882
206673641
218170551
231083583
260863485
216532877
226860590
213211287
183026860
204324629
25440153
185401768
204987518
216162452
215683011
218329131
217424586
220136355
220067938
197834382
174519997
88848229
117727963
162121121
198801325
230025667
232130131
231614771
246120142
221092988
222574107
155573648
130676459
69558210
48025506
145332270
163386157
179909469
179552105
160625494
157255813
139174980
145091236
146953604
119274899
112349057
137562610
152899675
201639097
197160478
194595461
198554980
167812781
195474119
126659870
182564196
48015217
41155547
39712960
243790695
246062412
235798063
239681892
244987618
251086191
251772065
216083449
185120623
172679119
218685966
243208342
249406388
226734166
245996220
225302241
257442849
256255932
209376108
166600645
237428059
228709109
228775112
250941154
251457635
252015151
244874878
256109630
221235549
222140062
203609322
228636805
252841906
254438868
254947661
257539413
257624812
245805422
227788173
228589196
169188150
192199406
199721563
193491518
190475770
166098711
167413443
182420125
166204584
166732666
56398666
70568614
74788570
202562982
203208286
176054691
196372295
215620219
207194389
216933088
181671562
82488867
70384521
228152376
234032024
242171872
214534197
214191438
220981329
235456649
222009286
173344209
178549946
238343554
242889998
223248599
241078904
222314516
241588253
250651649
239306398
212223035
157274440
249969595
247912988
239169376
258600900
245001270
259513821
241598733
239044328
209176970
209833335
213006103
234231820
250598816
243516762
237623623
244923854
249157521
213871639
251954638
215274223
26092693
147131591
172058148
194097671
202315106
202629474
185754908
197510739
201896868
184704142
145609821
102372056
76676439
54874593
219917879
234297874
244389956
253296600
240275745
256874172
253029278
221018429
197904373
192969568
168915847
199840384
224157595
215329365
223465347
209432002
202084464
214247893
130907058
139949093
35762614
240314774
245948112
239362561
250689998
213061519
253309094
260793753
220371776
201778176
165246122
247110450
245221699
240341953
238378944
247064859
238268383
260456424
215534491
221251935
253247769
249439621
239675744
253761747
256253607
242495276
236547378
231480750
257596109
223100637
225840631
175011519
197748434
202138308
202660683
209748397
160847991
175507024
167214081
150003913
150743207
177096526
165100874
181571063
194220864
204283407
196658913
203912430
213779209
191421112
159976337
29465296
237306032
245070931
242747547
240689325
259825123
256827584
242536771
249040192
212066764
219807653
233730634
239501071
221301516
241022029
225105538
228427081
233612408
237118510
214008414
124306061
202238409
225514596
229177624
240188174
230614535
224814359
242308528
233733024
197708535
204734950
25253575
243490450
232675607
249866024
256155644
231443812
260567822
233325724
230261648
216252896
175284095
204714676
218635324
204008511
216672725
202400009
218765153
221608255
150122136
139823181
141448514
95088820
116934106
119244637
186155982
215768492
215290696
219596440
190641424
194804791
163975627
148824296
122814960
121542318
25345797
188432621
237003253
237527356
226313242
227443228
211148230
211548961
193852841
161742133
132856492
36208283
207884721
211327368
215991438
219353392
212401835
197052842
163689333
170159239
160574518
129772433
195264926
214742718
232348051
226964294
239577075
210687564
215644990
246154832
194818416
197531787
25152789
194621380
223735018
222654234
221744129
243382665
232013934
244041946
226751323
206281234
183769776
24926210
213946217
220716834
216120634
236784389
226976619
228396305
229427504
240329002
199393478
98570969
24852794
135791813
129695089
132403301
138218654
199756335
205876324
204174938
204785140
186143717
160275010
143078423
146684791
139883186
104515077
178333022
205216638
205405698
210399375
223630389
189953324
165031247
173667263
97044320
94140836
80805362
229452686
217411996
202396114
222545082
246595552
219523387
253627938
178372168
214621569
107418232
221851640
232543758
246705165
231941759
237097557
253020171
214274613
261456876
204230229
172900787
217521386
228315537
231817419
223048970
224801946
216649613
232350303
232463785
210056887
210366025
158128587
238617848
261339710
244217643
244581453
243411797
212885772
214101722
215646128
219083065
61746314
77384377
117308103
167658783
171462217
235611402
213954287
214568923
207679186
216987580
234294092
185325860
146105937
87589227
139426903
206886911
208160532
214308128
196527331
196049675
197652692
187496835
123270813
112441350
61852609
230912115
245289703
251047329
251397866
241871872
215892650
246373841
270649875
203719168
200016491
234926209
238177091
240942067
222840756
253015281
249996070
246023658
224048243
207589217
150669700
264001120
262769516
263088716
259799068
267952589
269502495
263423914
260002158
222660368
223478440
240909444
256862751
262176792
233163049
260844201
262449818
248887265
267940080
223745192
225821082
149592465
156366608
157570488
156473153
193580627
191722447
196569917
172088135
178563018
226893947
109083933
113270543
154352073
150625470
166767523
158840798
206674564
205260216
216242049
203220760
150373585
150870410
167071765
141731908
194171830
216744364
203997694
200160817
226620244
204772345
183191294
137254266
130402466
130862403
173059269
216793151
177314118
227547283
228256972
228837249
221109359
201913160
181573932
132702986
32310563
179030828
219611442
239764999
229004886
242003600
246895123
253785848
244080599
194802463
216557535
31697774
57912510
211101064
237262458
234250579
253235671
253489008
261928865
248540123
146423679
221261659
233414115
219708232
205845296
192722654
212918834
226168247
226630634
227018562
241677032
133534916
134232185
156053014
202472011
200211821
188146885
201850226
195703712
184488650
179286637
172870792
167255872
50510611
37104457
106923902
220809090
228587972
210001219
238894571
239577114
240366035
240839016
215664811
168133137
105789359
147595069
168065709
225132001
220401837
225318947
223293652
229917718
216925211
212313576
162786462
87948887
63223396
166282646
221463094
239182725
237860224
233700038
241212348
232693491
214520368
197362809
198601662
35553785
213180993
241225015
230164566
250259911
237176839
252894571
247555913
260673892
219504631
203699812
27124643
218066591
211833165
231608011
216054012
228447882
226410205
220987575
183753172
160954826
137907895
157428176
163795828
216782983
237017961
237452575
202692809
206026641
201003648
187426158
189476807
90752186
91487394
178938214
194189824
209100764
217684371
220142406
181782889
199541420
204398974
168709954
107759278
48111812
41560412
203011490
218432475
215285871
240676013
249900287
242377780
213425097
186810567
177069069
146938032
230172432
237478632
252892637
210794072
223244880
237003166
237361512
241835445
207262392
209519186
183086302
207021727
227161014
218018048
244632134
226843087
227685386
228154368
209949548
221724223
27399979
114396530
221582265
203626848
225200459
223960473
244766415
225501871
244286611
188851765
126471271
26485424
197016142
212040416
198715172
208044546
221312471
194910923
170412564
157194093
127840227
129729309
209331265
232503157
234230644
222407250
247168314
207651409
209320813
221243674
176328410
175042125
236630901
239726796
229141911
226338898
234104983
220653216
217103722
217442250
161651006
188440135
226224044
214708339
219044254
238256696
248800688
240089999
259083584
215965413
250546872
175847223
256581515
230758075
247521244
257017446
226978056
231029114
242160483
235089785
203614093
204364380
218534782
244780396
230851648
250364425
229158275
252843407
255418319
257383285
216392841
174257085
53451151
163045054
187887246
195335909
188415536
200559478
161201348
169159735
175467839
151520573
158594420
69589897
78655105
61076354
137212101
224718644
239574758
239935600
244982889
249452782
237186497
199899045
190495561
203634406
77041282
190859725
222432695
234299911
215061012
237464367
197040547
201724835
248315090
142517536
143979631
24761191
247979009
247684418
240356380
233004108
248396103
227915081
265465466
219366127
250419116
184864083
230659968
211939363
249357151
224171903
249576443
255692284
243681043
256404988
199463162
203174857
247079870
244420164
233541108
243036818
249580925
237889788
245001695
245360439
208669171
160128736
198712623
200339007
225289193
223857741
224562622
220825699
188239816
190984918
162814469
164102377
148926673
211503046
204689548
209412907
208977432
201388143
210656673
213181761
170825803
188662979
55822606
177397173
191309646
212403183
201669529
212215796
222600047
223633080
209115393
205508831
211855431
31806902
217590743
205085333
223902037
225059789
237559766
206255978
209018381
219129381
186700828
115354318
129869133
222828958
219692688
227743979
249601220
242367106
237396618
254953176
211133177
211575086
69724323
211142830
240412485
243696431
229027753
235998480
236589976
237826066
233065340
213557749
216947105
27523265
225765982
217914986
224071205
232889155
235507411
236787083
245380802
178866163
168133280
104755964
233422678
240360921
233695322
237259615
227775873
233673448
250311097
209726614
147890932
148949239
142842939
193292725
206058883
229130571
235222456
220530761
207413048
267265810
256657684
218695096
104707355
53045140
203554533
226456470
224488420
230892105
215295658
202976692
204609777
183949308
101420512
108223849
220507367
244579079
234344928
242697441
240006092
248508272
209526422
250452413
203425484
156020649
24846096
231242640
244395131
244155446
248989118
257773594
263925704
226586833
268529385
238879360
191945890
141539355
212950249
237631088
227365162
227801352
210532304
214217604
233238600
160093951
161913751
69954484
57212666
167084569
177713639
189165069
180103301
180831832
154148007
162878060
199476282
183516295
168813359
188344388
223638146
234048836
212154051
200836989
206276083
239150191
162863821
182352668
142149740
39728594
97195343
191950665
223354718
214116584
219944138
216722323
204901091
206902840
193105800
174290234
27054035
346566930
358735664
379180598
417192159
400389412
404306698
428876393
400450320
336884789
297877230
148462059
149049356
154056525
173148842
191556438
192342486
196734563
190894442
184139477
131829407
49099243
224273498
232080524
228333680
246255831
233563786
256276702
242873117
224625176
205916853
191750272
210361722
214381649
233219999
224567008
272966306
256240342
212761533
191659877
183028932
184552299
135590993
166513520
211401684
223987757
211717696
220496045
215200249
223539980
195974181
198568002
92564029
59459376
26276060
224704499
226503342
196582281
242761596
243681829
239227787
213159315
256132941
180658232
140575864
233892265
243407514
234325119
236307217
236820651
231798822
211922727
201620723
228334628
167586469
237211811
247478259
231642460
242641789
239013351
231112108
209731406
251052823
270042082
215038636
217193433
226843391
216010616
238819936
237955315
219384805
239809922
168410118
178647543
172218663
169247669
193412319
197712952
207224690
209623731
212625254
180441972
203150165
179971015
183160537
153398772
172392412
178997172
207429698
167596462
221750268
211748031
178071643
180399925
196843034
100970952
36155970
173176842
227045597
216629605
222296318
234971925
234609133
227321048
221921281
207943117
108486237
39083598
231802344
242586320
243858900
244374853
248432792
249530465
208958776
195255667
256629314
142943023
310755696
313134634
313730257
319228940
322544165
311982977
320972256
307151526
284857117
285977200
219967849
217386834
230559146
230103661
219357947
211166544
234585139
173617911
150013866
149626641
198200995
196343275
241101693
205833517
213806253
214281861
184142333
181510274
158576658
167133622
136381771
141306701
201251925
214023531
203453271
226402491
235018936
211669182
202230900
192400960
69979516
73694383
217401689
230818568
210838834
220189896
214625638
225540570
224220962
192073765
144794278
124617655
25282505
221334264
233619064
226722296
240233163
235890211
215144838
236996420
215928546
138624896
173726750
241223997
241000826
244921774
249132857
241201965
248045743
230382770
257839613
215105428
217142022
220963952
218503436
253435758
239544747
250156074
250638599
251261295
241736789
204796232
205601215
25916541
205597706
205242301
209348871
209458716
234000063
189731134
172125721
172303390
151287841
106625709
184034094
185165129
227461612
201922320
217129129
209809318
187139854
211290035
181916183
152413956
26385244
29355079
235253176
222372618
229068563
229679897
231841433
233149310
223959343
213623281
175958979
126757636
166658172
211721219
228105644
235293299
235760165
251883722
266295503
250581861
227349356
177571662
55564974
218226756
235521151
240467611
240212120
216733404
229117453
220265392
220923994
191867707
200534613
189993400
201313782
215379014
232576929
222421391
223145870
223747716
224584411
201167320
199272249
38740383
43342406
170541685
171139519
192945436
215153791
208139535
209178286
220128858
147905630
113671711
104306298
45886703
206766253
216107576
230130021
228031163
205976677
196212351
202882999
199892593
182093998
173759644
48122750
190669197
192001874
194189420
196560589
202519609
206727250
180328731
169077102
159263361
88097789
156890986
173482087
189086327
185323467
215010663
199435973
194841136
226074611
169211666
164186591
59590142
41922768
140737846
227275072
231448692
234107664
246400766
224878981
253559746
255835814
219922483
179398848
81614499
240530633
210520568
247143295
243757372
234074371
238051408
238812889
228176182
199648424
209670370
214557141
245877854
241588411
261424890
261860110
247103388
255255024
232497144
283466495
272557705
186204451
187504018
178028876
205581859
206006613
159921594
167467796
167808091
149015495
150855171
117683105
118336525
129324120
206257319
208797127
211001576
194861142
187693488
221193503
234884873
122480852
85452723
120968935
247050873
236965607
233482086
227070080
226663755
219053683
224764490
208433650
163313433
112288529
248011373
287034889
287439688
282994805
268765587
280005344
280846928
211631097
289985539
186856358
249898508
253988165
257424634
245776339
243983997
262534281
262994232
265714260
233675035
234266877
212014936
241223580
250572854
253659282
254235201
260514282
261096031
261188828
227428957
227828723
147143732
192309272
204303732
195480783
195766686
162433635
170468839
175304698
158711720
167037136
62599768
57349381
88797570
163291681
204235733
211266155
216344527
210513707
212450428
194744259
220453273
85685782
117309728
73588803
214033418
232248754
229581567
216248031
248272958
245273292
210555849
190344785
179856515
182290313
243497273
236401196
257200848
253283276
198263517
203120200
246804615
208779588
198137638
177946729
208545798
217910705
230551410
246272679
241757063
236671835
243583874
251242785
213032636
213595230
27395966
193619050
226637841
211582874
215078958
231992707
226793505
236916251
233965021
204019407
162416935
26097218
201437262
195572809
196501104
220031664
231613474
215852967
220228499
149839590
142320155
99268155
194074449
227226833
238192152
238210830
190767272
243172248
199307402
204717798
189538580
190236654
36186145
188936471
218431972
223506937
225091996
229217952
214665204
226053624
230874949
196975658
192244284
43310538
176588126
174997751
197711274
196775693
210265657
212272388
206853026
217665245
130909598
168424098
54288697
56955414
220800896
242302876
228831004
225790060
233118738
237907276
209566350
212669575
171679077
175215291
132139330
237680066
221816394
248503186
249600131
225976691
254086045
258170917
217009031
217956896
74623783
195319104
217664921
215852965
219544213
227793260
229283853
237966888
238439128
203700622
143161095
32481484
57577728
63016883
47897883
226255773
222802815
232170511
250077634
232972274
244016440
256789098
204176094
190538427
180262657
160600769
187789251
225392671
201281706
221359489
217140038
227848260
249448091
172383479
147311435
53950201
98242626
191307991
235484181
236168732
246085211
210874565
197059546
197545139
182971802
161211662
98825788
25502223
238054186
252759167
248365149
241198709
246871528
252061770
261999705
226350998
225655028
192179964
199273186
208041123
210732320
236091344
221371223
262015343
246065892
263139031
215140281
216317639
27574880
198660138
206685405
244399610
212946569
214143144
221126889
231433616
224261535
170042865
192184941
26830024
80535959
118110378
188424779
168728486
184129899
210680642
219826155
221055464
224664053
227640187
178116436
142793316
102521836
121311107
162742102
192168831
184529389
162872537
195233206
187610221
148173205
168456655
151191724
193345583
160091789
203378711
186017863
207916789
209068945
186383715
194479361
175395797
197416270
163146049
190767136
156369656
203747273
218861785
222901322
203822482
213645402
210950112
191577632
217683793
125272555
87508509
56302534
208478264
219982982
208610570
224351357
220603222
263566407
204353780
203580439
244328570
165276626
25655423
183739217
232005563
221952748
251280172
231589035
255490414
230337019
245352508
192854093
216830938
78666890
145174527
149717768
166898250
170355816
187718537
213077217
213679050
185479007
209451712
210294701
153212836
136166728
145956562
208812311
185269998
207216490
217040137
217355947
231208532
196985928
164959411
160021077
176053828
154352412
164071580
205392246
196038199
199861001
207746224
174154531
146197378
180279919
188201683
163708080
181083170
197403321
214370784
217957313
210930089
193848377
187342180
158855055
164150147
127537183
129268983
204795666
214916873
207049942
220593968
178480024
232704972
205307566
191085695
176395366
177193423
224383550
220011768
224467820
235523007
208596829
206146125
218461697
204603230
199737163
203029949
222979455
222937230
237683346
241124028
202082661
225219330
237848047
207516584
243578480
155398867
149843467
226121371
217705096
201920295
192682004
213617446
210221282
245357965
189747551
168939055
179348834
212398783
217298861
210677466
216851646
227639997
214868077
215233826
198264038
159243262
51208381
133875699
229869133
232876856
250238095
235484846
248306718
251212460
211004662
268124241
208299355
100539448
240816166
249880993
248787819
261202058
239837594
260388744
257481504
258597201
221684376
225151183
234009745
243788915
243910787
248847652
254441800
249821274
252532928
225641523
222213585
245458106
239257867
229921918
242689731
247515906
231340310
249115919
249597876
239297758
217584831
162560907
178710634
179430326
180734697
184404729
174611648
193045292
183534007
183759555
166723461
171808320
48285582
31748430
241240165
246330609
246853966
253725636
237665648
250489689
245390813
254773894
209096891
203452208
227200630
232050184
241342180
241754191
226220196
239386721
245888855
244368498
201734004
127242255
257870545
239088532
242669537
251763712
265055626
244742174
250608616
259987834
214081019
216974294
241052366
247292411
229123704
255668932
257016575
262287796
264036246
231542774
235395058
270424214
244720458
207505574
265844509
253547104
269840794
244278993
271292127
250631629
272876454
166419097
118739031
166108092
163327329
163794071
189634827
195255052
192398806
192927620
177421833
188491169
112105737
62922744
230324109
241711192
253029753
239713340
224517833
239155621
239577535
252636056
202446863
187883231
176500460
216769784
222070764
202113318
217443520
213917815
220741002
217492585
188267072
118677442
26555120
172496225
232105808
232010183
236401044
240760795
246306538
239984450
245741129
205270085
215888890
35639695
248647181
250464725
257014468
252473607
231372535
243308625
267380203
209286471
226093430
257917817
212517340
235790736
239412894
227084369
243729826
232006044
254157752
254664029
217664145
164985919
43514786
101604848
128516845
135892232
180136531
202634329
188376027
181346488
203341088
180447978
173569126
95544191
70488837
116216889
213625096
205994211
223002884
223796626
236519982
212730365
237996134
194846967
177005936
107325438
35323213
213353552
228801142
211607825
224359608
212847772
211312110
231491825
240827956
152630636
161915036
247021438
290529544
351653455
357110237
307040397
285226367
261852312
247798467
367193257
336486623
77968895
178044110
207236052
232831411
246374855
247721180
239634905
214113354
221429541
200486535
213212431
43764508
218472474
223437591
233727044
235083027
223790283
231327795
243089415
246328654
210739106
184813340
140528778
189320668
190602160
191238219
187080497
184448377
163325914
163818242
146610361
152846806
112846520
187603545
197692194
232341355
208444321
204440642
248442163
208191217
191846262
179862307
110564567
38529608
80651057
206431840
225085465
224624399
210247625
214401877
239417906
255591888
195738922
111944274
130379658
131707250
210274314
230513575
240225961
224286438
236882850
251702575
246324939
209436005
213300902
67790737
356143256
373857026
359810939
361050268
367821915
381763607
364824062
260599148
262385676
312354385
239919092
238729127
243817637
231841299
244641621
247089519
231949235
235853740
220854508
167117946
146186680
176310628
171505948
209059169
230452700
231677854
238475381
238685304
186343374
190708484
117999538
150864670
145572545
146461435
196951716
206161314
195972008
214905531
207391423
177113884
171631557
119170133
97323499
50512681
187760533
210021814
221918780
235980489
228625883
228954412
205745164
186834873
181715933
168822270
26503146
150952549
245156250
227116010
231078652
228398236
228635860
240094242
235951261
204797916
196356810
61219045
389484833
432780714
456972430
470173093
465575819
460918784
473690282
472649723
391981359
379903126
57362713
250588885
424545260
412043438
480329768
444064127
451846981
452171280
340430974
427863648
89816091
308433497
62933506
288046727
395009873
365149460
384689746
361839434
418041863
349672268
350323811
305346330
274182943
91024636
326227788
309816735
306015855
357998435
259048113
363295861
274689315
315609671
265619614
368036133
232682023
244308265
246722791
234070763
233916671
247772724
265278297
225921962
226349589
231562886
222089489
236149282
239660860
228103254
241633383
230170388
233930579
224274880
214953315
160404714
207463965
209082125
241212680
221559975
237995411
251335752
235457489
251646607
140150494
141106616
43797841
136674007
139227649
212667721
234251159
211925086
217646210
226180431
232244871
208147109
196202504
103735743
101559784
85237775
259843805
250577464
261096326
280314342
270139520
211647900
212996563
206095251
204330705
140099337
229789264
248098655
251774116
252320626
234768903
254297083
255282228
257003357
219348960
220026978
251761671
234891032
247163859
249399990
249651750
254669386
227385738
251950735
229291518
255456568
213947789
235953660
245938929
247340764
247517012
230137468
234635143
227435853
223761588
162389339
264529139
281387221
282905082
272204776
277870927
261106191
273983876
280681779
161831200
147369301
65550565
77669685
74570160
145116582
237231535
237881350
245242195
246053571
253222374
256160853
211685723
212907461
233579802
80852349
237581846
227829286
242445133
231612062
242403589
254287987
267358418
270250527
223318519
202933697
245742448
255295436
248868730
245346404
273131688
259503747
249081825
222280274
223250026
271917164
229216022
227278162
245138327
246575396
247123286
247728182
247985892
229230986
225556503
226336605
238163482
238919684
239604055
240109198
224030636
220699827
217994691
185645637
186114156
278585806
218351474
223636133
229567792
196828434
225859939
224103721
237118738
215024342
174744099
134714296
66975730
134860956
196319589
197260046
205822933
183334192
200773743
210436185
215885454
235543364
177156511
116262432
98662830
118559230
227212927
197907198
236176440
219272489
256288306
239684612
244757713
199260056
142887347
120951726
234280101
244082854
232335734
243606616
252479077
257755121
248408603
250100846
204096423
212847957
225722919
244648302
253022229
234754457
236487525
237045062
237766332
238294322
214091890
215066784
75158453
221021092
228342531
224760373
234389099
243949574
245090300
261687969
183174366
176613288
148365272
162936491
227277201
219657681
221321679
206874172
207313134
197308166
220177388
177566720
178759566
39127894
84065443
86684289
148438288
155958361
202205621
227972498
228693828
230750853
231018602
203517309
181435865
178159150
111006560
93019797
155415920
225565586
240525613
244372866
245152050
214933054
251222241
187727055
224211885
215480413
55218529
115157714
233813756
230511080
224349764
236643555
259186114
256362759
226243082
221707422
263196818
96329692
243702934
254527606
234693617
251267253
226597200
257399637
248102502
215515920
217001340
244582549
177024428
207323035
223840433
224850080
214523199
239372063
229011379
253713564
160994552
176578079
38571354
182021662
228284589
217551505
238143665
251364791
212625107
216449888
213632298
196293613
186560909
37906229
163108996
166611612
187084637
184898710
196661462
206433967
217248121
195835236
223233028
196160996
174857817
175582696
179150058
234356206
193923658
212062029
219962630
200003903
199354051
179614101
143454903
150760060
170808032
187928972
190519347
211338627
205507535
194583200
197017323
200290295
161029281
173550767
125281864
80120334
150947277
235689049
246973631
234175893
218472599
240627161
228323902
224252865
208314308
181231759
93940852
168689833
187601296
222111161
230962517
237953995
232105462
208294893
242237636
196199668
115917672
37518250
26209515
221636883
231938035
233184653
231731256
234813941
247329655
245279534
218724392
169351336
107165688
144002451
154609378
150814285
181034933
171723886
164476743
173989947
160971823
158102937
210731439
168911847
269912813
322914795
267464408
271815683
339421883
218487043
295834363
283920741
305764091
69154983
165817411
223418694
224043670
190575883
228803800
239308513
208901120
200884845
192405012
203039346
46831413
193681764
234876294
231199002
213053280
232264006
214746813
229832262
203309048
193251937
190299986
25881769
198508429
224977137
220290289
228513010
230752731
221841325
235326477
237356123
173686861
128540246
37960156
172931183
194361430
182701957
212618546
215941448
211433844
223664617
238820356
153736113
103304073
59615077
86472165
157367461
161913622
167024191
159097957
168010890
153976447
144194473
127416131
101158023
59635776
69684699
162433062
205106081
186993125
242398102
222171513
242335377
184664212
215139347
224613484
178368081
45601319
75796547
181241697
229086274
239032022
239227396
232013919
204806395
239965172
223292767
262386408
142162368
36345315
238910999
227241107
244999696
241273433
255863422
234387799
249218160
198990895
223514023
270957211
177219739
227573889
232258378
231908026
243747770
244438127
236260435
257579492
212406140
213279525
29339311
198640914
220525132
233786120
220658975
240899379
223307017
198588906
245226020
246084811
155446125
214004198
211017087
215987815
213591919
230559565
203913613
209438541
147439615
162005963
150775642
63017030
194797673
202821493
206109632
209151119
188896041
198432552
198956423
200620755
181884410
128752519
58813056
198743635
211122822
215464406
209711912
204186023
206257382
206722292
207242259
185315486
134194165
145604446
201683400
205765034
197599922
201965757
209390456
209857751
219721589
193512885
195981468
56541626
144948358
157475683
191981846
226047995
235797336
223576177
238067025
225994103
222878708
216881623
111616386
105815067
59369656
189872019
221356208
230270095
208759240
232147801
234348764
218836366
190758322
168833081
169513312
24790304
206178591
191795939
208365720
229530148
239429606
228541238
209336700
185502594
169526732
163186974
212251974
231308802
231709269
232328151
219708435
210749669
215546133
181948844
172121075
172432985
200215625
202225090
205671535
201711617
214618909
199564543
173490269
177700660
150152441
153449716
179030895
182971324
211322271
203735969
221960236
205224353
218698102
245570976
209116465
209473230
55465357
59582087
173202833
241757317
242578372
236481458
233915326
221598424
239660921
224411506
191892459
196162092
32684542
264097127
268114597
265699392
262040097
274062070
274798302
255629705
278805718
231946358
231002172
207791856
218963942
215691180
231068159
227456901
221080383
232046415
242474215
131419234
136126844
149598021
214398224
220156788
237430449
203395612
230691724
217758773
173292150
166338632
161147926
67155451
122922206
121131356
184749955
217973681
210047172
197004367
199442294
209179219
158619376
204086934
127858123
129294730
66147276
174124421
215007141
228152541
210802864
241089641
217607880
222103408
193908363
197406542
173261540
34679750
32627880
167780018
211578351
236719100
239422101
240502409
227251864
239064293
254155821
215544299
174095531
44123967
249426443
250099047
250653192
255102789
238953643
227540132
243958704
264505919
198171535
208054715
224149411
230961167
223536827
242638323
240421557
240171408
241564474
233027475
169620694
170647128
208731896
194707182
212546496
208051736
211666562
195166180
198518611
160813959
150542483
150897206
83536457
185659152
212440572
219916979
216060895
214477445
189323701
181609084
179891843
215827498
37045586
219544500
206765063
232210736
229060833
218323769
218235018
198339253
200340782
196031749
182010504
202572783
216204951
233997690
263552243
241875678
241168082
233947506
241737524
211546639
213311016
25595977
213742865
218898062
249871894
252769915
243530311
246724264
250347389
232358494
204930071
223031259
125298715
248306688
234277510
237070963
242715726
237927609
245946318
211115974
254307702
214503190
81799086
243236297
226878611
240179938
215052508
229782321
242578580
239981902
233596427
165686963
136913614
173532192
187569173
213437848
190144917
190572940
172416320
169049201
171475104
157252173
158874320
50801790
52123840
199285778
229017206
234995854
223562414
252203167
252987535
226957677
232260004
181171320
182442127
133670657
203731119
241872398
232997501
239354694
239881941
245853131
210305077
215385166
254182550
81286817
218106469
214256038
223801850
216412479
214248921
230255038
233579295
220704850
186528151
190332911
178618186
232677175
237220177
225916191
219773562
212441416
217462464
209568829
193744476
195130571
25469847
212959137
231051250
240882713
220922722
225380284
242679331
237844287
213748334
142543097
143457934
68959208
141250248
150593290
181811498
174893476
198411908
217231644
221700757
225572693
208068994
217037908
154788562
132664179
155109350
144946407
155462806
155179955
166109692
160578804
201583227
151267275
203940328
205436855
236487554
189887282
211514947
199831390
201323726
194544108
215624587
193802892
201927198
231542725
234081642
242459244
219210845
229451226
201753306
239917451
232148293
174898366
98029337
45485740
31963274
209318173
246424131
253394811
253963449
243781495
254951418
234319706
252182756
194944072
160330482
216595796
238385992
240062154
252326880
242941553
255909665
248048872
216363972
217981995
268151222
238524185
239814720
234420395
218945566
217706471
225495639
219306172
200017443
149455998
142147878
213724915
214479010
204670998
218384040
206285880
206892989
172683998
158239087
164058738
186201224
36174222
194874695
199996011
221037070
214704994
222549018
220201849
196261058
201720481
184142214
166160490
77064700
99738060
239144750
257720107
259534581
251012202
263994584
247273140
236456076
236755678
167871899
145709038
273210089
248552518
261068267
230091428
285451740
267396370
268848263
230497888
283682569
239044344
248590879
252980391
229632588
255677425
256786532
259804182
260716619
225707018
228129214
264860828
194472515
227569124
222568657
231730035
220062410
240586617
221358270
169207120
156460513
157763324
185658052
204557860
204907764
183591470
212193109
202172575
187004531
167653688
151473200
152539772
144710821
240188783
240934789
230817959
224537910
218016260
229894708
232811738
191449652
202712610
61292945
248595743
263067807
257730093
242624822
245712020
253092741
256747523
275205821
212235617
215113537
261515056
256048436
237200626
229054462
236159545
268138411
218841687
249033172
250091307
222187702
249657568
255105678
236799132
259892232
263188321
238632878
231447922
234180053
274643113
276083454
190851275
217010519
218785698
221601180
209111543
226498034
234510246
138916556
170379049
144974449
165162516
162202405
189033110
192007967
198747816
203655149
166644153
180470991
155153422
153740429
238636511
229294778
252335223
254448347
240113516
240962248
236436113
251740088
212190687
212673900
223246356
235181152
252858577
242050227
238835173
252153160
249478905
253832944
210270327
210905934
36245198
201997534
228163948
230164461
232451553
239943869
235839916
219844329
242851029
212489304
155047118
28769935
237202189
236435272
240803144
254935723
202928036
246662158
257563826
262425773
233140042
176457704
208977074
220207290
222457038
222958252
223330875
229421812
233141962
167826907
148464509
148935529
146756539
184061580
196523177
201192605
204963764
213539805
183598846
186133041
169279986
172432246
63893062
203477350
215052216
224254988
235839232
216236982
212963531
217400208
220913534
204391603
113298151
64590575
323590849
371037047
410390995
377796999
426230324
381376233
353784603
386412413
341348032
301441078
103986558
40385767
177282103
224582232
233997636
215767246
245955377
243218012
239428848
251882413
199722468
204679747
27949078
244331712
233382155
254530336
258695957
266500309
259554000
257016878
223903763
264920704
221869434
83831352
207295540
223936605
227735822
219622766
234195443
249453125
185354621
189755527
201370840
126534369
64138038
70336561
164924851
190875592
195986411
176940206
190917122
184599384
151098698
178735632
119232159
126770635
183084851
217515887
218231544
210231068
205961379
207534650
228328222
162332592
229693935
145165565
54326359
102770392
218287878
212342953
220904493
202638688
213568846
203700735
209781239
183609011
196344661
96513809
215601486
210563548
241362347
212454423
226857958
228706007
269921248
240659235
208236709
201683371
132670219
205733727
210331703
213136411
224930837
226939675
223107251
225637027
204166352
211216421
75729337
43671089
126311406
211723235
224538789
227321680
209541387
220456137
210772424
222778237
171304886
148765058
74137443
190438458
202663124
213246549
210423254
218100054
195889763
166228063
173430333
138985797
133314919
59808891
204396083
245392840
228606711
230429958
255341114
226335589
207288045
252058421
229566588
139520810
232055954
242105649
233420586
242823226
254545305
259955097
260988648
222914762
224469077
249252633
237222943
250206166
239195446
254017998
236712439
248894018
263588064
230014588
230542430
271460525
236319274
237685234
248439619
249805569
244769752
214167116
257729538
238546466
259214761
217613226
235722411
246407200
234443319
241718391
248374288
243479237
231445959
231638596
224139751
170360431
75622683
77355938
62600975
160988057
185571002
203750747
202289139
213383428
198483273
212650281
151138614
85201363
106639224
41976274
222886609
217184386
194482260
232507521
248604204
252083176
242941051
200302918
177192847
181823532
232508717
254663292
259401466
220310749
238447443
240489653
242545435
214329477
271131694
216887866
222879771
239773326
232424972
254461748
254712013
235935856
259609258
235589104
221285142
219179971
227674122
241484322
245101185
229899923
250831389
251000294
239007467
235607050
216480045
217301951
242566640
246612845
247350753
247931401
254257462
256486371
239150347
240044719
212814869
169060757
25837546
234076760
250404164
254281602
254987859
253447247
266496814
232659929
238172880
277038105
216034968
133701935
238761315
241628909
239959942
250836718
260565851
261599212
236102414
234309774
276466683
88492651
242587743
240447235
244577262
228746548
243687814
234101073
235710152
259887510
211041552
211892242
236185836
226615182
243182056
232344874
238156575
257295963
248029290
245487018
214898625
215376705
228305594
235250224
252627756
257667391
217088674
260790762
244161618
258709733
225609010
274179561
238064705
241229173
245336673
228112634
228836264
239767127
243829171
239826719
210601047
159653769
27162514
244604238
251433693
251980721
246303275
253318045
246148916
253764698
258833092
214025477
201121326
176084673
224280491
231367091
237429628
237889548
243055160
246309833
234829270
216384566
216923497
31911854
253616116
240704851
262145600
241871457
258804745
234123764
248252965
269566960
218230990
207342390
248694847
239387685
255176226
252107453
253274518
246921801
248726647
218306366
227797264
219642798
232672736
225600411
242730411
235974778
228541135
251195365
252106142
225186397
228060804
236707101
218838889
242519388
242460296
247881595
250245028
253407577
249069327
236125008
224062089
173720317
25239754
225470494
240533983
245721403
247942667
243104112
249269701
239057602
213016198
219827837
200144958
208517419
222970819
230396602
221471485
240088037
230219537
247638279
248015460
212447072
212750269
25081938
223903666
213840821
212932143
240164289
226446747
230710732
237477501
252097409
207978912
159786724
148948450
243922440
241836641
259601473
259988505
266010601
258161510
228786425
231160376
267421199
76619600
248149859
252079911
250796760
251456697
231147348
214321535
247215422
260276606
223867618
256163613
211736122
245377073
245090742
247196833
247699001
252915544
217670918
226522442
257717241
167632802
25811769
146750563
224433694
236846957
236348833
251218970
243992903
252256816
249540881
220409063
214496032
66421294
189009574
218243028
218056250
227367917
229602787
227756071
231105544
235799259
193619068
195495534
25610852
184826007
203313685
223766673
228066136
221614811
217794112
234348831
234730622
197176612
180461822
31455954
26896339
219527483
233302595
243266842
249283383
253904918
254087750
255041812
223473297
211976854
184437192
243014158
219500737
230660148
251409737
238453076
252804839
237439160
204725762
207912161
257390568
221563299
240269263
250540408
233381915
251750113
224350604
258347833
240951533
229022440
174517643
32358815
27687119
247787000
243948915
244520143
249861702
231646327
245865368
246750824
206170748
227124601
173117400
236343163
249542688
263556302
266698721
247179510
264389805
268323132
217130725
255577427
219817627
232034932
239741467
246957102
249194855
253514156
254092152
251021624
219246228
259328179
220633512
227316654
250386266
229752381
252796087
252931008
251141964
247822009
214372153
232455210
217673164
225890888
242158732
242639586
242535469
246545345
236898325
231042928
229005174
218286823
169124924
25780682
252217358
242802251
240372651
251490779
248763670
253147772
250150111
247708318
208644666
216857002
245877265
243950167
245983371
246694946
247220767
239733664
251633058
251931835
212050918
213848140
255941780
240803570
257731183
258310750
260343811
267906779
221585217
266215975
222731012
269757151
233301523
239094412
256906777
254926253
255648313
250008458
259706887
221318908
222480692
263269025
242160506
229912680
254214383
250588334
255632447
249023522
256807470
242719475
219500000
219937084
220901918
243001519
247700872
249945350
232670397
243715404
248714484
252709473
217444731
170343707
26263626
232710028
244527198
246125470
247392109
261548001
226563480
257747541
269278608
224329174
214617823
135442848
223983536
237494563
245832100
234955817
236306917
240696699
234649600
210659837
211481970
68976216
159509835
225569303
224912598
238393847
239094350
246546483
252499377
239084180
211128255
211778729
46380650
200528606
248652715
224362032
225337633
224820771
245351024
246132877
239123269
211235021
197590844
26838058
231813456
227981960
251024127
240514843
247525686
238228715
243316155
222206451
206810552
177985504
159471184
225621251
220338658
216959896
224557900
224338244
245002210
252931274
213157976
168112314
45930653
26957454
226938439
244535411
245350912
255602756
251121842
198849970
236375706
245606594
246444618
200823305
128658821
240131356
243320834
232239368
233172891
252239815
236303261
249591312
204961384
210631633
76103913
229227122
238073121
252879415
250765033
251531439
265226872
224826254
274787875
267753707
233323148
228477314
254633484
247915635
249654950
250098202
252824339
233177685
237973886
224108383
225081489
245804031
248119332
261073489
267464165
264060726
235234935
249084787
270269814
230501101
231323759
172390650
175456395
174151258
231584227
236657443
173776916
178298903
187399741
157968615
159848369
248306410
254371853
258040663
234438985
255608288
250734043
255478218
261525623
198776314
205067406
243581211
249867356
241375165
233712837
246664070
246962892
256143902
263282593
218013724
219446042
242515115
258853950
259748626
260276709
261107121
241575528
241931623
262835983
229693786
230542301
226920428
235672047
236879803
254603128
242913870
254210722
258942064
241804865
225304285
225883150
229369331
242518273
256668268
259940788
256162010
261562121
262286677
225163269
225592418
266859180
99526750
221117069
241604381
307354833
319437479
309050773
242489836
286676309
287028032
273316694
144884354
66444788
57803037
52432718
73859993
224540666
241437522
243360383
244190101
246588873
216244963
210713503
256186982
176642332
130878956
226545475
216465747
238858938
233586099
242516458
242433172
256249846
259893207
218769972
220041972
257579673
258290969
258820187
258911958
259492886
251153499
254811433
267915544
208199685
208604451
243443216
211508779
254344069
254485553
242628683
255904158
237296115
261388811
247214904
225270934
182128973
182212573
172720755
203547088
207704110
173067470
173851038
174118406
154337630
155171880
239385318
242478198
245694335
236919485
238539425
245673809
235041183
250073556
212555604
214635427
244653057
246995155
230952381
249994885
250534517
251411030
244574317
246574993
219398221
220129125
242743332
249506357
226895095
241626269
242831314
258208816
258768760
221936226
247751937
222776347
238011161
232952965
236113950
256699576
256992207
257749731
235356513
259517914
220013999
220810940
239286940
250855571
251693152
237955305
234341217
254234761
236304259
257983650
220806709
222193357
216999070
239110053
241614111
242792900
245213293
255556948
250067353
250347615
224228236
213753189
80084522
233340434
237919831
238822636
239129653
239842846
249332513
210878016
221947532
273446444
131077810
249609022
252017206
262772813
244442226
255746122
260847068
272760770
216655205
215139481
268844220
453406134
480151735
426976602
402968205
429419446
471728794
440349228
443103674
459846736
428729241
245369833
247583563
250196860
247564963
243544346
236385293
236975230
217534459
258244129
221946200
235694869
227627991
254083758
248967818
254778041
256671649
253613745
260778282
222380387
223057573
222582375
236755276
237988302
230269353
236029340
256594190
257141220
232418786
226995509
227753273
239504945
243078749
242191523
256845473
258207003
234644215
222687956
241822063
226327862
265567877
275606949
297900590
315634199
258779598
276836271
233806308
314855343
315140208
255249725
207978394
243532110
244630845
236124541
246349852
228308746
235030251
239536468
239359876
202123242
209807934
246840605
236431177
237405268
252081160
255918243
241335762
267730939
237039180
215746030
217129882
234754510
240793353
242869887
249417577
250311384
253131112
253667336
262472379
266098921
266696068
236745305
251528764
254628226
234153999
250156296
256100261
256586001
257187383
222470290
229787884
272826900
302877868
304269628
305757701
301255091
307826305
270046281
240488778
206144970
319058245
239373758
265650577
215133296
276027717
303912459
248781136
226453779
298918898
284061122
293914725
199940498
229567929
221766520
230850503
240482964
251350571
219295625
230330168
209083046
213187201
26979871
172906131
222443328
224268912
242735373
239663276
244306404
240635028
248676059
221952802
200060934
34393788
229055765
254596666
226265170
251446631
251958971
262904807
253935915
254526601
218007351
213518541
225352171
249236184
261058835
244937386
252524759
253024640
248199575
251541317
216303125
216922755
226671909
252886715
255243340
259126229
260278287
261043927
239692694
227547409
271087776
231629291
199340188
226607848
238734373
234825804
235313619
226878897
246637164
228521166
203224608
208966099
25534468
204509442
234644184
239940940
239665985
244863867
251088444
256161531
223371040
263362792
191718877
25121248
130765504
218870701
244337914
242092032
234688590
240395714
249282046
248058132
191403033
220345429
81700158
244812086
230537407
237190791
241043675
241673035
244479640
242828241
267265004
213073014
213925668
256892135
257453566
253019684
242084132
232906969
256100425
235434432
270453142
237681798
273237713
244285716
248249696
252284620
253448996
258045383
241348534
249173055
221933129
247131757
225821307
218402787
223369120
225908749
233707504
249637838
227030175
247844994
207863696
261251428
137469666
25082842
237275777
244507413
233129487
229271043
236071132
232467988
221860600
233877684
204228075
183001188
222644991
243871330
244498615
254102793
261274365
240181575
261065544
253977043
215589492
217539163
248337390
241971286
243574123
234605925
236026080
250284955
256574415
257325484
217599005
218338075
241955148
245280996
246173416
246689527
247144390
247336704
256689261
252694279
213457951
214043265
247079098
251639067
253416249
247357511
251479797
259252428
264214886
237430021
229899193
230219002
238233922
222840600
238445830
244059057
235527189
249891743
241882514
222474077
264262044
148994762
25476981
229718434
243841261
244919437
224150283
252283763
236245314
247325153
259027998
211234154
201395870
106209353
244922504
242025371
245260332
243658095
239425916
253353004
244355903
219904860
220465931
102063563
238724405
241808778
253119887
237818820
241237345
250918209
249582742
250457531
218853893
220147668
192693912
225373500
237195546
235535606
239887010
249257208
234414754
248528766
203590695
204231992
26017927
230130669
239438878
260139143
257061842
261019415
255717337
263028981
227895854
232992660
209627222
177424114
201784308
216767426
222448723
223153847
227506016
219883623
228528359
199743877
125742412
110045581
137422128
189621291
205780506
214745933
219370880
228041077
231562544
208052897
211078431
122817183
98194006
33885222
171805061
209827017
189738274
212093957
237940033
222268219
230886759
244805133
195697899
180448505
34185704
155421071
227585363
232222183
239437284
249469180
250106320
230040788
248611631
209697637
214735408
44694946
239099538
225053584
239046648
217690612
219665347
238610887
251090887
239895000
206907338
208525087
244810038
245174823
248369299
244142629
253385190
255502465
215323605
268288816
265797496
227820021
243857206
250957171
251227222
233530019
252861903
253982578
231372273
228150706
221344335
169154266
25363902
244071611
245921852
235689831
243369344
251702305
219688213
228464388
262146797
211591209
268380230
216980610
254207493
246873163
263180078
244919650
266002131
238424567
268250139
230984348
255547019
238571605
252597821
252748361
248800271
261237473
258113414
247258402
215693900
218099067
238343248
193151260
246108792
247017922
243098199
257275141
257814090
256682569
218437059
221672153
268457778
25620059
227077383
246182464
254019720
255096345
258994118
248253175
246671043
263556814
217719424
215750000
218747161
247852086
244636303
249483619
246785807
252090980
238017743
258522126
217066314
184836662
25698045
160034493
234211114
236985620
226353887
242653789
235379804
237528137
223029170
264125464
205247543
42284030
216104444
223907654
255559067
257281484
267809774
256740452
266625050
253127386
220752246
215487844
203059276
223154640
228688242
237910118
238577376
248507405
249368905
208070236
252463807
210834236
26686015
230092494
233974251
220078681
239658681
236063864
240529146
236645918
241171038
203954572
192984174
246188402
251335065
254908013
235520672
234106684
231319910
237638212
237422459
195452126
199500971
237151960
250487217
252524717
259386167
253458389
260629482
259325436
261404841
225768708
174708777
27380629
168076219
223239491
220946935
228985559
239945876
250208760
237610477
255497559
196572839
215713649
33946586
174154998
229682697
268072484
220901513
208641523
230560601
230770360
231491331
212560765
243776061
58581919
24947193
233129133
237381650
230129837
239885882
235564775
235968842
226784528
236557594
201673281
177386279
215610108
226349746
230192711
231812019
255659488
247306821
209641752
244368369
263784225
213842785
235416083
220739599
248656756
231752028
253835313
254153131
256178119
256978297
217982539
218722968
230049330
231386764
241497951
246742810
247453339
248598710
250747255
207547189
239940471
172907147
27172786
219129316
231255764
241506531
245023637
252465719
261744218
241858383
229339044
199735755
219130006
212378127
211402867
225519106
224612032
234200575
224398664
234017090
238812691
211809344
212872907
113435740
145336402
237298170
242933922
228904937
247025511
255597782
250370787
212758052
215835318
120930958
88047611
244476245
241362255
256514238
238286428
250356012
252119522
260387655
251386252
216112708
216733850
253168512
253683880
255497122
255840799
237056570
256587655
238380394
259640792
220835374
225652727
210409813
238223787
241491389
244842150
248276652
250885026
251301906
245171407
216951779
171381087
25498579
245008608
233606306
243146678
247996815
234482765
241921955
249602046
254552689
216804565
195850511
219089732
244609800
230411415
239686401
242597157
251732830
255521002
253762083
205909090
206510945
222638695
222367327
257012529
261251666
247196401
263985385
230432721
240478290
237437857
274701336
237777264
254493288
254995705
242254638
256402138
239430921
227300805
228493907
248013923
271890468
243515332
243872658
245777891
246913603
247322742
250423346
251685108
254629663
218161306
218935682
195155005
233396152
234074894
231534067
235993393
232602565
237178393
246127349
204480790
156783950
49715233
43464335
227634309
229587578
231502648
242445129
237893900
243617759
243960624
219258584
178028596
175537708
208699516
219815361
237130570
225380146
231965730
240545784
238232064
201774965
203097926
255497058
27395070
233838536
238521435
232541440
255097500
249718510
260831099
254055917
217934014
238569294
174913362
166926006
223063215
225637041
225931136
243433166
238225788
251470263
215731946
226977661
271080969
42267497
224162799
236570376
233867369
236597818
240236300
220607794
251590334
233820374
202261305
198531969
210159405
221416317
221033889
234943836
241035164
226347168
237599925
249090197
215577612
145377893
42574164
141771293
152917742
221577951
214931418
223580110
227712936
209294797
263840797
212681435
179922817
104834896
84188280
193907507
219363512
228276239
235228120
208383388
233748818
210555260
207292840
186829366
188853302
44093865
111441319
229811028
251328269
252625119
253062181
253298314
243361479
249379508
229953186
189963327
89533929
206670574
229774153
237880301
214641727
239887840
207398664
244911872
252683449
254953766
219382648
25084398
207704003
221129530
247000313
243085632
250901641
237623600
229574805
226285857
271370484
177111050
123453302
226908052
215970110
220943318
209120511
217503569
231759775
255210861
141602073
228696046
88339404
25094428
196039334
224554566
212521648
221677931
228517722
203186202
242552873
183007131
169499506
174186445
25104572
241634649
238551551
221565412
252018232
239566740
255763027
242442882
216098841
236766961
182744293
250487196
233132874
252054802
238795318
244761032
258503031
209984051
255427881
216597829
252402205
215335556
251530589
252037357
256206757
257139327
244123005
267395644
261427886
226188300
227124194
246357179
247614033
244699530
257228072
242861388
240827480
244640938
225465828
220927448
248709337
209951446
235574517
242635070
243315162
254137056
247800909
248865293
238215987
181432913
179019810
108533668
113126800
223637525
228932268
217475799
240081677
232441866
245893591
213327059
216606124
119397778
120405007
228825150
225704522
252371705
235836698
249783160
251032989
262804071
244451664
216875689
221113521
227718289
216649721
237809890
257822525
236102447
243238261
255029545
209140328
213735016
259540466
68818721
199715267
240433991
242278443
242887487
267942738
248069854
217613640
264134500
228368429
147225737
76949673
222517405
245981379
255238106
244955880
237961974
262354909
263100464
223682790
227195405
133226760
97690651
190069261
221414966
238296599
227318707
231554255
236867944
229695160
165512593
144248829
97887991
134974062
139282133
169955670
196303558
210039104
208095233
235395183
226084474
219528748
208260667
109952322
121439842
66610579
137581971
187448464
227821526
225168620
243501366
210669712
257200422
197400150
193131442
189607612
74091260
210483893
211461317
242862478
250570261
245651285
246223637
218094961
222483420
199347972
201065492
25427850
228836415
238373881
238761013
258058816
222791723
261031256
258719760
259036362
215113243
197396923
183803863
230037347
235262921
247578851
218970464
221858873
206191790
227978889
215224135
263113419
27212191
206729244
222055065
221423958
245379737
231435680
205491794
234697445
257699144
179771222
171390010
125766885
132890340
221790809
255835018
256265690
240070031
243506071
248465272
217998199
219953404
94323308
94356710
245754809
254966677
255466219
228268011
240484160
253589223
249419672
238767754
203834075
205219393
231547192
244333969
241634104
237305859
233976988
249165200
248206759
258684748
211596535
212061058
225599733
238972344
248560960
259517626
238184100
252150348
267344336
228751695
229304733
274823504
241194508
253503963
254029681
254974867
259831265
255673537
261881649
236769579
225412356
225829395
181030532
270060309
277389105
284423607
240753434
285516950
285786383
249762061
295997456
252485131
82504086
249547630
246578801
243286737
235307497
250613670
241580591
246132747
258751318
220572915
221942201
232450820
245325366
251399826
251946475
252281252
233674394
257576582
258147432
223667204
226051358
246370010
253027940
235378718
255441488
256051482
256564849
259296438
252048561
227885085
228209864
237669890
242874864
245505453
246616417
244760003
228126795
251839791
254197523
214002641
214319764
243149272
249336383
250198614
257785501
261554831
241373631
262133982
259368849
223109646
223904490
234550326
232989599
256941012
257789408
239587230
259478065
259574533
261537292
226231175
226950184
237208217
235837815
254958731
256244649
256968393
257916612
258343456
240467675
218396882
218781757
237677390
250785430
232169445
257277088
252318039
253265005
260992718
256146953
224722599
227147367
230643422
250386403
251864306
249997573
210301932
256354943
256781133
260629373
261214387
214144976
27660323
214385033
232508117
224159258
246281310
250090070
247979041
248676753
208831890
232169870
166475972
246920924
239654184
247310243
255367613
256346753
263992770
269461719
267551070
224087343
225673336
392694852
403346755
404941986
409131568
413828844
392147712
415899661
416407288
334741056
343737209
227669994
248039053
247369502
254438785
255200753
247497840
248247945
259311026
215751617
217576777
233101918
249888606
256863326
256999624
240331139
257909593
233459751
259340549
231149248
237617405
252327977
257708750
253579558
249521209
261453716
261691691
253348017
260895061
219208107
220489925
233927120
254199917
249249690
251479532
252221402
233941300
253622146
218093930
219122369
236121295
163011887
226449993
233732483
245487440
237978936
249315348
250374019
248758612
218266857
218786694
43632006
236220398
247182596
244191237
244679121
228230654
246642448
233513132
213327985
219985101
258947879
136883871
213454482
233825983
232200348
235729734
243036015
245675707
207178522
260256058
214976872
67033594
26044229
214069374
242449787
249781456
250296072
251814254
239989499
229861267
238923581
272627499
199310834
171562549
208385207
227938872
231775273
231965805
232274710
241533139
231634743
219391166
220402622
38344017
38661907
242852361
230496391
240063133
246702487
234137223
239255687
241549428
247123345
187422319
207822695
208272157
243670455
237242985
241839537
242368596
247798932
250695163
251565465
206250398
206585089
28007238
228761945
243024078
259199822
250216729
243744713
223315600
256032304
261545533
226739715
198490767
155949267
238294780
242610210
248353160
237802776
250924422
221497204
256761460
264509489
228589868
59634870
80063156
224946308
239587178
240034232
240573073
229064683
250826495
203040478
225080804
254410555
128450487
217814130
222242794
229481871
236437952
254153330
230250810
246054908
241064824
208581948
210476531
164936511
191123059
220117806
209079725
233896206
233192388
230545913
227999422
210297156
211033882
38600313
221482041
195297616
233510442
212679799
240830889
241234508
218967179
219596839
193412935
187554401
161232812
204577458
225271216
232505789
234640987
235074351
219702010
236631815
212240760
212652564
34443671
25276174
231064649
234621900
249676553
239715013
243100232
210525293
228387466
262626211
254184776
175129949
216268320
236728397
248604124
253039409
236661081
257885354
231599700
216501428
268032972
218414876
237987930
230756243
244425849
257913376
240470467
267789283
263981327
264173790
228519541
230015951
232352890
250748419
252107239
252666402
253813904
255292532
238952758
238383708
224749791
225262638
224152263
235133054
250393051
227438724
244142734
244869964
238642137
258291952
224645828
231003434
247901022
249249307
249912966
245083518
252311341
252801155
260695230
243667616
220407705
221443188
214703602
234483109
252375110
253214208
254222777
242496449
236105538
218541710
221010278
266428489
228502903
233237226
256100809
256237644
255193427
258017855
249488375
265499159
218139804
218764188
241354307
253201116
256883160
257472726
258466294
231766787
245105063
261132655
229594103
230001761
253662712
238116479
230637415
256761920
257513547
261506738
244868757
263028193
229403890
233532538
253512810
274413889
267310530
277654913
258686041
276761311
283691841
255518126
295579927
256680388
252102499
252735378
254232503
255100368
243740405
258683265
250444805
225549786
230986809
227025002
235302782
252127082
252815418
257731667
241738701
230135127
260151164
251568632
226236648
227123796
209863314
227377834
240620605
247001450
232431952
232884970
233328769
246481088
205558228
207957658
25943457
244090293
249672357
215811106
253455493
258968569
261772800
258226553
259395615
217001839
183855041
229643801
250552781
249270283
250463881
253416510
252375265
270735597
263726469
222078874
222930007
243146394
229327814
246824108
257977023
249151193
253722948
252188063
261944128
224459297
229112295
220158792
249554977
253432120
257050788
257448058
242365111
260434125
221118987
223062211
268012629
234586970
240798667
251727957
234693486
233125454
249847263
235922063
258124447
218609562
219525806
255540795
240272463
263693893
246111462
264572642
238651637
256653671
266987173
233066361
233834027
246621972
243575070
238514154
248581673
249952324
235291193
258369755
231352832
256242901
241146225
230443028
251603125
249261122
258039154
234843694
243008504
236127036
249079120
234861919
235209681
230499162
256147733
258178980
244434584
241664699
262507620
230709691
227499044
247315501
228628872
221944643
217693818
245434232
251532286
252493733
232496044
259011834
261249095
227773098
229951879
240848449
245922539
249704771
250525553
250861153
251417827
251809807
227563372
225416117
226054438
247808813
251894728
252655589
230767113
253914329
232355562
220224447
259377161
260193414
225673119
241208652
253157031
226801635
255045318
255515901
235937201
260663674
261771036
229387134
229873970
214686026
237451040
249627789
253646053
236288873
255992146
257573390
259758263
221073453
223204659
245861166
252065008
257491155
253159742
242984541
231274807
267663499
243202113
228198415
229186057
241773672
236862210
249118716
250832569
251970682
255713973
256010390
241596537
219091866
219957294
224769089
233889221
230092897
254842573
258740490
262577339
226758302
229030066
275104288
262654447
232458893
251087214
251344852
251937346
236209711
264646647
255247315
255663253
222185175
224004588
206736079
210750434
249166203
254304394
255212423
255837946
258767308
259921732
221966921
223040973
230011566
227776305
247172371
232562946
253346068
248839834
254665688
220117945
260937092
226570691
242990879
231209045
249302394
251589728
237157065
250795682
253235836
254817756
219766967
220091259
233887418
233254695
245767003
256625686
234730345
242759184
238214718
231598919
229228610
263894797
228446538
244802761
244698290
254011956
257434031
259493400
240564457
251782731
216495734
217476262
165165565
175997644
214369354
213764500
229239709
237019026
238032241
238740068
218970839
226138607
69516175
56230125
167917827
212260048
192795771
203526705
193089424
222314098
209089064
199778698
101746161
102582986
46126188
215783368
222419864
252632371
213090954
238357056
216910427
223789011
240147552
206536714
153238897
27135885
220948591
241084829
228434363
246263574
237913898
204605728
257354964
231972213
242773470
177552217
246938426
248197366
234070695
237261057
240446604
242298275
242901640
210405197
216458205
257901765
223787408
246019043
256414114
235595132
257425324
240922950
259956948
260509910
227276291
227941065
235024258
224982963
252884822
233653927
242141279
256189333
256692171
260342222
224689914
226618421
221953295
217057025
258528344
250298925
217803077
252140838
259466254
258354323
170316383
171175669
62155831
88079862
222643408
207720733
207298199
226827564
222823698
221167794
197706429
217086132
163497043
138869081
215628084
227470969
250734051
227751268
241491404
225958219
240171282
205814824
269182310
212200594
25365846
212588406
238510176
227438532
244602195
241169705
230384366
224962540
233893480
208496932
164358098
235042078
222113537
245665491
237964001
255284600
231910848
235598292
247988676
210324543
210731735
225227925
249039328
251718467
233168082
260808357
262822638
263593968
263901712
228826704
229242074
237059389
242453073
231540945
240690717
245018980
256947235
240232675
242770561
187255929
187979230
53377101
116714374
230397840
244345068
230749322
231037863
253200296
237875208
219725134
189964137
246458866
113136419
239030507
246617465
247677894
243396988
244503880
226032216
238345876
256900205
212681907
213869398
117644649
235526372
232843938
240771082
236456391
248872275
252019086
245302161
212884781
214854484
92294024
169724853
202491608
225640821
231602449
243417206
243744407
250927671
224826821
228006660
270993904
43854946
95873287
241944151
242721791
224293400
252128780
257345228
222825415
236689022
213731146
208676846
113278824
190710736
221019557
232535661
242316340
235529463
247746422
256348776
226992585
151049999
151332527
107833242
123723572
200301411
225011576
211302810
218530622
230572011
211792783
202398128
209601730
104226635
123574963
241048479
229902226
235328176
247310647
217451664
223101084
234925104
256605199
183170497
180149209
187920185
221884777
234916246
235926184
237160364
246500684
229232107
247985888
215976109
217032410
25847471
162517864
223734472
254840022
244271258
244772707
256485059
253928600
265702553
227461150
204967823
48893861
117053885
218441046
219416345
229488523
233527276
248727914
237620960
247313088
208497652
210423087
84782563
210309883
227831447
189209583
231044386
218865376
207018229
213784565
234208588
142293841
126480412
46316739
85055866
225423181
223971150
228907783
239432359
232616625
250460360
227919665
219675310
179653538
127380200
211736345
240987305
215656427
232818163
238162265
243986591
244245822
238396197
207515105
208125512
26515378
229852547
235796274
243886885
246408138
242626694
247648449
264310447
249872762
218769893
177904374
226842953
232146237
249605074
249960460
242246762
246815191
256776114
271980797
212658655
213127908
242266469
228816924
246955201
237350291
247513483
222920286
250094573
224076980
218836239
219529239
195949012
220337857
203484875
220942388
224498224
252533674
230060458
199901720
202731130
248346801
138326891
161597714
164016244
226129861
199838190
234355598
219502048
212073307
204290326
207661743
99182668
113639685
98519289
218344401
225300038
207541496
240894158
227245151
243813215
214038536
191045613
178087317
172375648
232575070
240009220
223580328
238969298
239905640
247428088
240548140
264712992
209963945
216660159
200574252
219508214
219672696
219207545
231471353
224513948
232385515
233015808
202894018
203341815
41277905
172028527
208015876
224278676
223006778
241579206
232388489
236676671
241957853
208205453
179714760
40892368
33988610
227034677
220713942
221875021
230339643
212430349
201259923
254150147
178290021
155987755
160449901
127103472
136412694
218311754
241611724
246799333
233007416
241304093
241559152
208698118
213932656
104425202
93903909
123739880
228449944
215085366
251050616
244625406
235063182
246618131
246943210
220692670
227196163
79019192
207450621
229623339
224481161
233495999
239184939
239435159
240834437
231117601
212032248
213572525
39539759
181434948
227092845
232969901
224250309
231099930
231821907
227026735
250662624
203601915
168935794
31065882
240720195
242117919
253244287
244920996
262874194
263181812
249530079
260760831
225853271
210268330
131103116
200853856
196919144
198082804
196925805
208739000
219650029
147577365
136235182
57665103
109733678
114346285
189753559
198944029
201382526
202062040
172124353
229663955
164943872
96068856
82493953
222551814
227445160
224162702
228452979
213823248
191130205
200335014
177119143
169676305
197340714
183669880
199065638
203136328
190307766
206728448
206913309
196844991
201718160
198064310
204247445
197062386
185674088
207280098
211062903
190591530
196178662
202845483
196456293
195955863
208966553
177411876
179129603
200976096
163534683
176728165
164214224
180033490
168378160
169085232
159532753
146685404
155258310
172919467
166532097
167084477
172624224
88501862
28168457
164201792
175051889
130928843
168886767
173307094
163110758
175529461
119520299
153847049
162110019
163907249
135944292
136601350
137085993
25899751
162912274
169072376
165758191
168201715
181886988
184104076
127612197
151188418
166632253
167606008
178030371
168131616
174916401
169450045
26961071
145430918
151120916
152857385
151893189
149190013
157698583
116166496
119722570
137863553
122544179
138808459
99901647
105280434
104283757
96460514
97359873
105039082
103118527
103423840
97434678
99530320
98537103
103588644
74937452
76696170
78286736
72615826
76931473
77472809
75380332
72911591
82901150
51675460
45905643
49213461
58327875
47068324
41279113
52066870
44205055
47842625
51479596
46475940
48901013
26193939
