266246918
367398643
175476617
89841351
29942424
199007228
223205514
224872615
198457671
223616955
183981545
184557757
337709468
294390210
285979240
301936505
284646507
320858493
308958459
348291178
203835163
157484404
307299442
289180499
280921352
318842879
283904971
215933287
265145798
303408546
249106946
217627342
193768899
247220912
244460574
266868440
260939934
264431144
271990815
269082028
260636888
260792588
305328178
73528254
203728604
317236603
303346010
300586957
305500017
306637830
302363447
302210243
308369562
147080991
95722721
230521033
259607326
272493402
274309353
264814032
288577201
218675674
236067336
225988094
185680837
242771736
255881360
316784927
279963173
259793697
259398406
279341243
345675351
347269515
368158673
61223637
134262183
321112779
374628400
374302000
371535173
372789382
376429777
355738272
318797495
240478290
306058589
263981947
268724991
273779458
277018027
279368387
292355165
290727673
290479127
292806835
300451894
306902091
313893072
313747654
316052441
313823355
323985792
330605126
333813967
335877215
247042885
215423360
221295518
223289541
240292027
244741322
229029873
187427103
179274915
179269428
178518793
181740614
261274999
292846723
342754032
301608901
270957383
282574768
288427849
285940181
125943491
371274963
76037631
300982308
319473507
273485470
304686171
274513989
342446390
314877899
305958849
265068774
225912707
27511727
225992107
251178304
261276997
266650128
263630584
257930842
254096083
269204070
261460107
215359908
280055394
276344998
279778888
270287536
268380891
280587323
277973313
303674132
272310535
274162771
282231506
283107959
296724718
294666639
304693285
306417679
321028344
311060451
236897124
330181368
56181488
79389657
92506893
258973839
285572821
280474985
252446517
301019962
279816105
262247871
216441434
199125040
176858668
188258992
267154615
271790478
289447042
272726997
273924783
251570000
281894601
255198673
181122988
53905561
41512595
272402939
275749613
303537956
309130881
308863529
311336738
311264258
311226122
211408845
313088900
108856566
104140631
240721865
254348131
264905319
296017072
298565400
302005408
303542627
292748840
173019061
170160284
84807145
143357875
205508501
211230440
198817565
235134493
242528607
251571234
216686392
230281060
153035411
65187354
187370249
208561137
195014695
180460396
224703645
164398241
160299412
179300345
145831996
147441104
58576067
50453265
293960832
275198981
292013427
288341235
326779696
254932842
256033257
312168263
317946759
327052004
238355286
256296256
258886512
296022214
305518869
299135488
303903321
302923232
218848531
318902745
98236037
169214506
202613002
247369762
237990007
233300443
252999931
235900365
251541919
272352889
168307012
91298200
51388526
250684557
208303071
206814266
268084491
251425118
247724362
254223079
276072194
223390053
208631931
217052238
225724560
237451185
234804284
235025659
244079715
236911084
249507045
242462460
168826926
217129234
202986076
216755020
218267692
188893487
238231502
184419399
176472037
176542859
117324760
158589118
355147263
361142096
345427307
351813803
338451444
313412624
302006271
316876190
307896239
176385823
279837271
285424701
260063474
265076190
247928492
286263757
254153618
267509332
180658695
220633232
249055938
267186748
240786933
256953224
268454152
269352827
260429112
273327661
240506896
191390754
56421117
355465500
351583073
353260631
360641626
361741235
361181329
239381315
368109739
378274631
314080841
243362527
246451020
252206691
269019363
204888188
216796473
222191798
224073170
218260740
219363485
29168069
276911787
287233592
251561416
303560295
304106231
263081761
269087961
248767658
336970519
325015334
165123962
230307014
204506615
233697627
209021108
229247654
233153406
246648104
269030190
186979870
75721578
279660211
285211568
290146374
265866932
311447563
310933801
279945714
324841575
257983396
261433272
200054360
240001801
232572173
229711308
229596929
230015209
208918766
217546038
218540335
237990384
53159221
162340573
225029159
258801201
297911593
265562735
261655104
266037731
243390021
249337673
224271388
76854319
91317772
125221425
137356948
170599833
168381717
185175483
193245767
173060266
204437284
218613962
114143093
139649220
154712991
182441456
239513053
258750620
211564927
244701778
225337197
247545781
175283146
146378681
109427122
64693754
62694803
282283305
293304265
286114710
304485168
313757336
290312889
326904479
219320470
207014380
225633456
168528529
221970222
225506535
214989848
233403684
242273064
242374316
234840932
233742877
238144760
39147220
112933390
251584837
235803070
242872650
248506554
264873164
252772540
284225181
242021252
272280686
134950765
213498070
273051260
248557097
270884080
272545000
276573504
290376434
267869130
238641213
255691722
27234299
93737239
119557117
130230972
207006672
189887007
203800649
203227026
197664178
205449574
217187850
136319389
94477606
66063734
219134577
247998073
222864063
245627821
263834172
276155893
216814331
209963078
208147886
212401804
203700606
240763823
266791612
234350033
255926106
241207165
245287799
280148673
183819698
293302531
228693202
212936915
220603163
230402342
192857905
245049354
244734450
234616913
226555391
185934241
57338659
56098534
215326876
245081621
265347225
246807099
217468143
267560001
276821758
267715506
207401915
100581622
372926530
236460198
285017946
272683838
256687322
238876654
244215892
250076871
251457698
166190807
166645933
96614170
169732088
180204319
175416267
210652770
211418250
213001386
212851352
211157877
239811498
166593526
91747018
149840366
188021772
188972251
210838505
207891213
224453147
213484633
209542408
246857096
145727333
92610989
149958138
181044180
209701329
211867572
228575633
225399470
221358544
188118591
218465041
172201384
95681932
76842686
147169364
165291903
299966339
295279668
310945306
327150898
295700418
387234247
333978236
350282631
249985941
246308449
276012816
280993749
276999961
294938568
301966543
253428649
274899575
265327965
221714376
220151093
159195762
160730229
216538476
210538430
227954677
174194398
194542074
208172302
201005678
201505285
58926365
149604616
158267123
187013414
178172996
216401341
215371653
197608168
197370636
204919250
212620568
83051973
100925289
154949575
199861414
231641304
218409952
217037938
219813080
261522244
252540303
221408811
146551752
69388384
224501583
229229610
236173595
233649981
235743450
222366702
232766914
226310429
218076331
158294244
212842718
216128964
224277361
193799250
230127328
208558114
216737598
199368685
204790158
162410783
140086410
176740159
198751672
232803210
226089579
234032070
243057405
239545994
245947126
194974399
112497791
85219615
45859947
215781556
231317717
216498333
240120531
250210286
258458978
202712835
206118129
197670729
198032303
52877610
82465513
72422920
57512994
191163970
196289749
232350586
241260253
242620987
244113837
199616257
206658506
207584517
221086983
63800397
56158352
194999545
203914858
197901624
216214107
204646608
183635922
167129904
195887579
168594802
159809259
185052786
250613289
252501673
261123208
271640232
250560999
259282926
255357466
258915531
247311494
92416319
55494890
133089514
201048292
263335812
283070369
283612864
290780871
280346880
285625655
225355222
260175936
154778051
44650974
227605864
212143016
224062068
257828737
258432613
244766380
240453026
257975672
223060070
212436821
237374911
218290303
248715004
251202918
256344982
240833512
247725934
246402942
241086994
241436522
84756627
91291637
86538192
124680664
186905940
227247511
224270840
225368489
220866391
235769046
194324478
225182599
199649960
165115148
49722756
234632194
238837880
239822495
236251582
234845849
178673011
201140806
166526717
145424937
141474568
233559384
227547138
238120702
233623863
245452491
245105524
221283777
186993225
190547866
162373110
231755564
248598167
256875361
253245622
257224902
258209721
234241161
257477673
237929372
238882469
244481275
253970188
255002417
260162629
262723471
263857036
263796603
267066252
269727107
271815370
263617480
268266031
273515898
278032301
277434756
276140189
277742115
276565292
280531681
283611531
150981036
153757350
152384988
152500430
165563759
177449295
180571954
183719484
187570599
190788461
54405537
244128225
246369664
250825841
211917862
232529239
233228465
233189164
230430013
230577135
213547903
249784485
248347118
252714218
235480420
245084376
254699711
237370759
245061416
246321347
168300914
245858600
257915804
263054843
266353778
263214748
263824195
270912020
273044192
257880288
249754395
260243526
261075799
261028354
262363089
264845876
263695183
267020882
266672635
268930097
269086542
265758055
266851646
272416008
268365769
277493096
287957702
290371816
289148399
290858037
294900111
28213091
238266694
250144439
256537944
263425091
258737318
263779381
273204388
263908741
265029534
245838241
238744877
263600962
272239414
267642888
277832123
268468188
294330979
284792207
281991332
197992415
125644905
278665188
269774885
279642223
288950860
285373503
270366506
273992015
267504765
280113404
145438809
208353404
232348285
227045119
241952075
238631348
251900185
260427672
250204401
240148746
239875336
26752561
225497232
239899621
255009385
238989378
255325088
254847239
247820287
255438193
270130321
211928417
241661082
237621976
233450446
255644992
234976005
253474213
252193432
261573296
241051509
237520430
29078322
65341809
245320229
251560742
238449875
256813059
259058646
246502671
259574124
260990118
250087039
146990628
225699451
235991710
253133135
250305991
243026037
252602721
228354093
239190272
269911741
178893170
138213601
239563182
246240998
238537981
250344512
245438954
242435679
246685210
229155433
275215405
79265020
450660770
467861687
489368862
488635385
497873582
497857950
487032307
486832900
472721853
491311656
224675987
350307309
381949015
342348341
362618697
351609492
365951484
352065965
354586017
384833519
28165729
28627804
26708021
223198963
226825638
253983414
249525805
238302724
246696076
250648764
248257899
199029104
256529252
39587648
208742420
269777805
270301322
270150615
271143239
271071327
248741093
274358324
218758044
186538947
42144485
256788129
278920075
280768813
281783615
251483301
282928715
284260773
283581683
242766529
259013124
205445118
254992531
283243564
279388895
279803172
284881788
280581897
280758729
280625281
291820412
54034614
159192481
245067777
254655879
254551386
255427174
276286904
280572425
268812142
282027210
226535357
72992047
241636754
236849416
245181129
246760704
235439366
244336427
238060937
228944783
266218054
169442387
50362221
41039937
164759199
222489398
248077938
244011821
239781271
252197033
233231224
246753646
214023863
217128055
47504211
64900517
234613409
235847890
232757227
244148679
221316555
244290940
248539439
219487830
152789030
141328840
232221718
344954115
362017123
350446551
355289747
368099912
352994555
352861134
347779252
348129837
75385430
245195478
256405928
246655551
254504274
264540101
250774424
259163826
259810547
263219980
243241565
232903513
243599366
254616653
267139733
268961151
269716262
264275628
271947262
278955292
285363152
233089788
242192329
250265646
251265883
252448947
254324396
254715055
256543987
262664146
176885391
39731207
29400016
261504944
277863959
265992695
251212387
268577603
285590605
288142085
289479924
263496984
247528251
214026935
214176432
215842484
230344982
243602025
236281444
240339802
245153138
169653833
192156715
77148378
210521660
231128531
230795157
244332415
244436243
244893091
248884783
238623481
180344586
137410553
27235388
176228824
226380221
216240591
223323054
224646611
208488114
229985536
248485004
199225990
195303797
38637350
213400365
233038858
233275847
235289982
235912208
251757893
211733116
214844220
206951280
173768790
26762416
219281650
237726107
237204302
241484683
231609039
225204595
237349256
184125259
187748103
159420856
27518778
28066022
132446046
273098715
277821812
266977911
250055936
277837383
284048769
276581827
272236465
135767346
260594686
228369743
363280396
354335908
362808200
339445681
364052091
317923710
318747318
321454508
312915905
87055077
233194643
233439593
228831049
241923420
238957301
247427674
239398298
265809073
222007261
224166327
242857353
239122185
240034897
227287505
226333956
226553272
250277000
246229504
254922249
246955088
236621061
242574720
258716868
260455534
260995035
263748573
262304799
263664450
262035661
267190936
54127243
54464119
232715721
241104039
248603389
251343381
248860542
251408210
256468418
212533566
220009668
137551811
214028934
248661532
231433148
235233092
240371916
247109785
246666043
217586115
188358631
161472494
91063052
221383669
236889377
242905098
248780247
264075683
242732673
282202018
279728579
204578433
138282125
132262503
199605990
212193097
201645823
229004127
203384344
220259969
221403475
210009549
176709134
72176979
33463550
152345308
228413734
232307964
230228968
235019624
221300480
202076819
243904527
180768481
187305055
54535049
245356037
248952903
253351661
247495508
256867993
232511182
254241363
255917715
225572799
184407383
56856651
54309639
174005565
267130861
268982536
267074249
256448112
264897414
264866285
222189529
221095766
157966506
49069779
242880414
254614862
251684663
239261920
258811317
254129211
256222825
234661313
229137308
167518145
253917139
248391104
257568648
256850020
260326678
264958909
266009894
267865266
256381715
260474267
253772301
262685796
265378988
266799471
265677611
265828978
266556033
267908574
266743353
266697456
245854007
260270079
264122582
266665323
261585733
277510026
277172703
277858441
271675107
278961457
262308931
270652641
275598413
276456291
278859355
281943780
281374118
282554818
283402269
283851585
28015900
220972785
235520255
244113926
245481314
238685151
245625151
247088140
259643214
249863932
154714935
240642760
231079307
259986468
247507272
250068796
250921090
240125682
240963056
231103993
244991419
134058572
252914572
253192254
246752275
251503636
265125652
262672395
262708566
259802768
269153142
91392958
243220442
232455531
251106820
236962832
253809158
255363502
261237340
236842856
252962967
270516517
230199214
254653327
250265888
269131801
238242788
238831140
240327940
246749974
242392219
244991088
202795101
215848605
260765320
264562218
257543476
256514411
256553556
259008788
260300812
264383025
27902711
33373482
227785206
242917221
251094884
243698091
241237790
228328288
228184682
217952460
189247790
178167826
241827358
247327079
241111153
248267513
262826739
254327849
252507997
243977811
271079128
203033051
234100125
251421611
234202782
244996277
245652066
255200148
260807321
260045976
242923326
189138322
234962061
236352426
244913574
242740689
243275560
250620754
251119525
252733295
245746261
193493248
173392580
211043939
233647850
248270598
241284880
254459055
241610370
252842189
252393392
196990079
42928291
71951806
220091208
250193645
250336169
250959599
259751481
252677530
262339298
196702385
240627468
153009826
243612595
240935460
237390425
246943440
253161860
235420148
266774935
273221612
242678450
206869403
162234225
240753732
233644098
245916925
262854782
252158686
250803744
253581393
281389295
264144703
65782237
214597102
250268138
240472603
261987894
230442892
255157852
268395348
236795423
232451809
217257759
233801899
246442748
239984260
248360842
259847557
247700774
268713662
265546833
250467693
252262036
246381587
246977966
236829999
251380483
253682802
246965528
259516798
260789924
252557524
253172859
239218045
249707453
253523851
254396242
259494344
257612052
262947979
263986888
263328875
263937173
258581121
248094887
262226612
250935169
256265501
257366425
248956398
266668472
256025096
261768252
239018266
249466641
248631896
258897943
265462581
261518925
262978130
265977621
269702529
265190078
256538786
260571023
266998473
279585062
277452257
279429387
279581652
279684136
281397990
281480555
238475230
256051006
257141929
260608910
259296795
259468339
260952721
262178548
264237329
265293771
244499180
259969960
261611136
262416089
264207920
263688946
270010857
272821061
272914781
273531525
257915106
262037987
261526290
257984137
262193575
260918670
266891321
268392229
272028723
277568505
256682899
257873966
262178333
260807447
262475833
268785697
270161433
269473314
276341510
279663761
253189244
258347467
270720129
272952244
273449907
274528972
277585912
280020103
287316635
288497856
238744513
243508492
252852346
259053686
261802749
261969751
264515180
267818085
267994043
268245664
256271685
262596577
266552272
272999365
257293516
271249497
277244580
275828044
274585250
286218861
239624685
247873029
259158734
259938879
265821270
269051606
269425195
271179822
269351304
269668495
258271575
263354203
263519359
264101950
264126405
264586087
267373538
268686925
272454518
271495462
245256450
248314807
257874297
258882920
262519051
263007620
263705569
264730628
267005211
271258827
238092949
267320618
266622726
267480441
268806687
271235359
273454194
274837369
277376900
279351165
27656156
237812121
237321332
245306079
251324767
255905492
247232580
252524884
250989839
254556628
184278788
148329615
253408015
237928983
239904405
246574357
247039281
250855535
282650808
259929501
264040490
73399957
198332333
252440509
242558186
242831018
240950874
257404341
233520545
244896394
235256369
222321100
26962315
217322890
229803205
241381985
252571618
252064478
254634112
254655878
263468232
257980703
221731314
198119875
227084120
208920958
234329257
216918511
220235414
229706603
230802694
228717492
229581447
26525965
205733178
212969250
243796803
221654468
248120279
229096934
248506791
256581355
237713203
194811254
28040791
237817742
237391656
238501045
231187860
248815949
253469879
244446869
241877536
200396699
258605085
168639078
224825285
240975029
241864383
245815523
255642599
248523288
238003571
240667416
252354560
46802630
126379508
397292713
422125257
434488655
418048186
434381194
428010145
433212469
462649012
427956930
280026493
52445071
332848828
498083293
527463622
551347158
559829549
543108797
528947274
569997143
472130656
174609598
624248388
68490329
244094068
495835116
519758586
540568970
537850877
524952770
514879850
487887169
383324441
399905890
192230979
286093511
308402974
332811219
351543935
313339622
305732564
352860106
318954248
311394470
312363613
228235205
244481109
261606643
231491681
252245013
236334620
233935021
242200759
238564073
239196099
194266743
244588762
223834077
225599969
234802908
227510908
232214997
234178081
245723220
264193655
33308837
167341044
219919057
230041382
255088615
247450559
238037565
256812120
258790912
225095758
245390089
46913683
163211219
170412328
194091639
205975311
196482733
207784570
251089720
191293551
185115420
192872079
180707786
183968842
196729268
190083002
194246566
188966144
167717986
142797929
170691888
160153672
94100340
146484353
230417944
239738861
244542437
244114859
218050975
214531290
223733012
196122590
144832529
83402975
216440704
227436784
221278203
227438188
207332025
244792591
236081233
250188187
216139855
208921646
135953277
229485877
254730954
245474055
242919918
239851637
236735879
238118746
234193089
234309619
74043242
92566310
248011051
249847413
249574977
242202055
252019725
253400631
254551828
254149057
241230636
111466284
237331132
258821278
258909289
259802247
260526416
252321095
263530851
265367331
258803280
246240263
201156655
222241716
223747893
246844155
262134273
264805881
187925804
188803792
191062858
194372319
223379513
226459946
227160348
234434787
238511288
200045275
209689777
210637675
192370635
193199475
221066446
233477132
240705923
253255608
223161086
245144215
221133108
230779107
229332860
230167465
199884801
212164384
232164111
225773900
234780581
242205611
231822091
247801362
234842891
236045019
104021159
115047086
215309605
213253616
234770430
226308610
240977038
232318383
238476441
246012205
116128962
131584184
130707740
199380846
255202987
255857116
238135997
242208797
245884797
243248722
221967246
224236308
75289661
213395953
230809348
211991231
238265874
242440931
239886927
195127390
180832341
174350470
171946618
27724580
141785999
159134340
170976345
193116674
177335206
180813717
210190128
227672042
233845770
162483459
199956380
154394307
179245433
180635087
189964087
210670570
195281207
202601549
185487085
199034303
156725023
197123674
258265177
213286759
240542504
270425765
306219791
303981484
293294534
259383879
209932336
180595951
144776078
150600550
74602726
208464556
230639511
475746334
516123555
540604538
548851081
555990528
499968905
523905578
523714432
311728630
296985866
246032260
251891276
283201527
330724588
285024731
321484120
246534335
238212835
263110622
261897683
43118592
182624575
157909487
186322072
190414955
183818031
167819501
177113496
179329795
182616334
127543197
192880618
202296777
214251097
224568142
220299431
179739981
186370090
191003781
189530804
190611089
231428460
253224682
240771250
215843088
271328490
222826085
230936095
277307359
218917012
224819526
256147172
257783421
239271046
235632048
236312149
244493686
264175841
248098803
242443558
244088155
232350354
239601726
259418705
256627595
258088029
258577759
259975749
266361374
271397522
267591977
192140187
219712313
219582969
226552089
234076568
230297802
174626069
177217849
177776603
180109397
29101372
199990607
229352908
233161405
214224723
236242461
208009861
210104382
222187070
223334320
116907426
27121609
230873167
241451561
239796175
247696028
219324926
222814017
224495218
226549446
239952438
191365335
166373937
222901277
253413442
255160420
251376427
233561028
264903289
238459008
261000449
243589863
53051422
27822928
251277269
249801075
261086214
261977771
258701821
266253303
258530513
258703430
241306385
185292282
251484650
256914396
249111464
264844665
268910468
274531737
258680066
263969647
258616474
263548973
212050247
216940327
222641013
221715157
224804399
234976233
179549947
176541317
173904893
175555531
234170814
234953917
246395493
250686694
220212379
216192571
217433394
224623198
223559547
211043549
206080696
260551675
248498168
254397599
232884150
236785014
267363645
241495054
245725739
245802356
117079841
243121130
236881673
242905543
252464318
248793454
245254043
246061775
259424774
252311503
90529804
233002726
252880793
249756938
254000095
257009962
256616484
262746321
246772297
241635285
251564227
235069773
242315352
255148361
257032058
259601226
259204234
261500342
260450126
259138155
261241046
189728501
213182230
214004047
216114860
221714089
218848875
175456390
175292537
176051993
176267444
225473148
238106700
246958779
251210765
255171436
220589821
217359956
225520604
221782018
223343670
64918055
229086555
235370692
235863115
246490113
251284702
251286601
249232991
238798190
240826400
142408788
248559725
246229777
255320827
250053516
253946975
256885091
253584185
245082633
256733907
270933419
250729271
247203895
259535521
262074079
273046438
264672123
275821479
261363300
262465866
269397300
244772225
232942144
235103839
237173066
259805643
246538074
261164418
250862908
252640800
243918489
212681441
217355631
219808113
221526196
225817622
232587215
172210064
172310519
177874659
178845270
218177281
236995460
244518777
240764784
225937983
227438250
217399143
223339602
216421578
212064463
171404421
224817351
242616814
247827383
225570707
230312838
227339441
233677332
241964934
241632716
48179879
101134609
234979638
242522899
248881007
245139442
258504595
235438497
236709616
237321752
229502876
111474944
227259069
254433834
254792647
235866667
243499372
256205399
234804109
251460978
252439700
245209229
244271419
247642433
259681559
260792201
260305463
260704549
265702905
266545679
269919109
274760312
200445105
209491537
209439325
215067687
211901240
212360583
161385513
166720097
168448882
121407802
78399240
213041583
268425292
252873523
284740110
254637286
249417864
237679890
255557093
266216892
152926081
207325045
212356655
222688059
206726899
233134487
234213336
220224439
224149145
237687938
192038362
150470511
150570426
209080680
217133213
219385490
226265148
226426202
226391554
230654896
193877819
84088757
85395458
98329421
199706918
220483178
224166543
215458531
200252846
240879330
185274546
195392240
144606385
109406730
26034912
234473285
231968261
209702370
240176609
224990106
246484589
211861105
263743406
186451474
187513691
158466741
202157442
201400534
209779120
214072296
190804385
180327786
172920911
160517896
106142355
54775297
240097242
241328995
239053204
231187249
218889878
220052494
224790229
218309796
226440837
153581085
253912811
252950318
256523581
272997362
257758520
258920575
275878956
270157843
252190884
248820918
266785431
272579876
268010145
271944503
273319737
273068148
274527053
280160831
282163015
289323226
233503211
247930003
255171223
257840070
257175716
257706032
260186172
261846893
263039780
265182240
252865072
253372894
265364475
268097863
269286273
270425849
272915579
277386515
279538956
282508833
216533956
223813469
226388771
231616577
234021852
253524008
176382684
180823709
184268305
186851561
181254114
183967260
214569873
218755173
188704401
182270752
183669689
193267115
161259188
156089051
199445950
228978080
226593319
225299241
226955660
227087734
233042423
228655284
208596412
69453489
30000094
145285213
279212526
273492841
274446831
287376212
302250306
276774801
280576700
260973354
258946244
93500530
242745026
252092820
253819449
247784353
252051799
257890136
258634240
259966953
235050223
237591090
241289758
251037644
255765553
257439708
257336642
258511377
259933570
261274604
263415566
263709841
212440851
220770608
223516140
223884403
235092422
241335358
178363269
192934939
189477356
190130331
29165400
193118867
234272712
240784842
240657950
224275458
216126619
212591476
195860844
210046971
211466890
28489082
225309689
245823485
245604338
245286093
245990151
241224954
246975860
237263129
201988906
161128837
244694453
248719286
248628493
250998579
261219494
259860666
262444201
250021385
244010822
245348799
255163290
261626936
260786133
263008729
263696613
266391613
268008011
270950655
270739847
274408560
229797600
269739595
283211180
279231090
280837176
281399075
294426108
290557520
289999197
292444595
216282058
220689435
223506591
226671113
230952730
235335736
162103435
175586840
178934718
180214727
29919707
141680061
204418392
218221603
214197485
198930790
222557754
215375741
220329257
221389086
203604825
72348972
142639916
180998258
185913797
220327295
221423784
210483169
197811290
210780386
188072002
160061126
108568830
70209467
71342747
254602851
261555308
262976909
219455381
202978103
275000537
278162960
268130943
201179964
202340741
233105312
252329251
258156989
263691544
266826559
280987348
289918381
269785873
297302180
267604180
27749045
254267109
249467422
248515728
247801291
249817537
229386230
232126898
242998352
243132121
200542519
233829160
232843193
254202480
265780393
270926599
297982864
250014928
250129575
234269746
234777012
31437882
242694523
219900708
233276900
243880571
245677581
254407077
250304318
215690696
238632463
180859056
214662613
226126724
250823021
232737389
228477409
230106898
251861898
260601863
238960784
152703980
92513157
246742801
250834083
250307345
241223496
242923733
235148513
268200496
283099775
280364673
129481247
229787232
244997353
215090392
254686147
259568688
251381439
235345293
226221867
230383046
237405279
210289214
231258039
231697298
249218877
245473816
238888882
234408537
259761256
235094560
235179597
27277825
150221081
209026999
212752949
212379830
212117752
198945887
183225961
174763109
180093778
190149496
50956043
45880118
256235920
272057712
258879597
244872697
281984910
214554781
280555468
260884849
220497586
219974651
112648502
229022131
231875943
244165562
245117245
226396511
237837331
253884439
229025759
154101038
94839729
210455715
228216896
232446211
238907553
240135623
240277963
226364535
235741040
228074649
218123961
28546724
246846351
244344269
255986640
248277925
237062702
252826875
239420822
240675081
256212220
183581640
251271410
249651391
243604566
248176572
257419356
256765578
262932884
255857736
247259005
250951943
202091453
217356105
217639913
219433395
235458718
242437476
175486898
177036676
178298402
180924026
28194452
224264164
248952254
223647888
245489891
246115361
207566314
222906916
214189247
200926502
213448337
130544789
232673642
228770317
248258679
248394024
225747973
250388498
250334195
241959653
163507798
80014155
211478580
236437056
244759255
246824985
254738912
255562521
256686529
238991883
231398171
233014956
27463507
151543826
270420530
299853121
285068462
285519887
288376662
288372217
291773599
314725769
252081389
94833689
244638116
247103460
237575934
258453917
243754278
239848518
240154689
249936688
238085199
230680706
209987666
209752803
214379365
207143692
220406321
245990038
163235768
169990638
167829770
176245536
214551778
247585375
246172588
223696350
257972169
223793050
266883462
225306303
225467174
222782891
63327901
214232058
226419678
233537525
232241248
217901571
233466379
233945181
227797137
159856768
141517465
215893748
219638097
253374394
224100964
259611102
252086837
252724742
243667699
268846324
232806504
209982798
236206733
211886711
236997105
243094680
234898194
234981820
244982452
238667291
239618371
99022741
214874677
232203689
223787720
232079271
237744149
231183624
240872173
231261498
238463815
113233332
86561585
199288534
205406471
204244824
209470786
209354650
222367419
209491161
150653067
150714069
125209326
63151173
135909139
184741830
199805602
227552270
228819201
216708089
217180250
205302734
204541133
187452477
106334855
50364714
132708212
227000354
227806579
224114878
238170854
197343556
235274793
200561042
194747659
129306968
82681340
207644764
253616212
242824670
254123968
230900706
259120189
260442922
257202605
216637033
221855129
174184513
227364228
235382456
242722913
243837276
245677251
245743390
239721793
253006671
254449210
33107558
239709869
230412936
256251769
248064352
255564083
261077796
261652218
257683676
215967471
244404038
229000560
243764018
241130881
240095289
243216647
245369715
246554884
267099322
178216502
190271742
27585514
111513088
132910074
204855681
212293938
230830257
234717594
234048600
239322960
252119326
254587346
143063722
126169793
33464767
158792543
201389572
217405371
205763873
198840784
215119857
195066906
193175156
192626674
170465516
51285819
177009907
228963247
230378509
214443458
249058183
220081476
220137865
211425642
202936821
202982738
34214692
222111576
251550547
243183711
246667908
228091144
264377893
250667292
250859112
235280886
223898514
219538121
217826811
230026941
242215607
250402282
242955304
240970250
248560845
239036289
248232279
175269675
202757531
237528726
212911774
214086146
254333372
228068946
237867901
171185039
167091023
51042614
31030139
157295161
157209440
209506859
204502093
210926536
222414783
223921523
213332717
263235701
204828946
82952261
83182351
120778599
216202211
202641195
227957959
229214249
226205954
201626319
188096586
157337542
216240482
97081850
121784370
219256100
241842063
248839712
254808392
252475283
257170180
243451078
226186559
231446658
100243065
250160123
235934651
235843299
244055617
250550945
215243310
248738958
225401291
226727194
220931478
232726416
250231652
255744852
240501542
236906475
263033094
251351826
258500840
245036194
245738426
220580174
231008793
235169032
243938534
247529141
248842835
249511000
250833023
179504702
179454899
34897499
91465359
120572578
201249297
207752869
221544077
235307544
231635314
224648172
230454812
244273616
149543808
118397041
30556296
230908932
220523437
196426106
241895824
247948154
238092570
248571405
229758242
199447954
145400399
228760861
245660831
250412789
225203381
243432559
235490662
225013733
225865410
226952495
262789527
246148092
247301893
248328271
249665247
234670121
240408023
232390551
247443900
233933697
231774898
241488868
256442787
258675701
258358139
259670952
265823217
261595681
263613699
264167736
271172185
240424628
260965465
257275577
258641109
253574617
261731532
268934266
279181455
193936279
194397520
28685293
52928949
53325002
205709836
236433934
244802869
244891100
245117013
251985888
232584710
246999003
183222435
186737192
27328403
237171937
247757939
249660442
250307968
250759250
249487469
256888372
255947913
184573873
211253665
307280225
308571024
313957002
317965488
319738158
320460491
302898406
324646883
327948827
330160679
252504904
250506648
254916423
247592942
250876529
260218146
256817938
258052734
215714171
221896378
173325211
182397498
186297422
195951008
196543902
213772327
112057749
116972921
119387209
95926916
162421450
163362306
164976970
211906411
130699120
129823585
130206460
134752945
141062792
79103152
81734385
85809087
269713990
282386315
287610535
283648538
285380852
290737074
298946214
282720322
285298401
145657309
247126894
253076266
253687036
253769877
254525507
260946313
255763476
261677975
264885793
265765718
236018899
254879839
255813949
256233392
257661707
260834283
266380366
262665294
251689773
254653185
248563081
251888667
252743586
250163709
262635072
254784834
264069426
268328729
269781477
257866112
95984090
138264328
153252283
213945618
189708589
211036692
218800613
227427337
218117874
218265393
176824635
124663974
106092937
129129962
188563448
206500391
189946247
209086434
206498787
205130864
185539306
102197097
129437111
96743775
175365240
213150719
213235557
211680971
217189240
210339503
178982351
203441889
151920011
177433089
43952563
209641823
208123455
219868107
232357243
261885456
217965910
228450226
214772920
197355089
221392137
26832500
186844674
206538558
217869678
218101965
221052830
218330916
222178511
221274394
226167211
189650375
90206938
118614627
163314023
199678874
232323947
234467273
232543588
249008986
242723162
244888292
157039553
131905586
71000248
49447717
146335772
165205934
181108365
180731085
161539208
158802237
143220220
146353139
163262416
120686698
113769737
139064038
155111498
203027924
198981630
195456330
200058341
168842052
196516418
128088862
194125493
49400941
42502044
40588938
246886207
249950038
236744980
240637084
253799821
255544030
255204012
241072984
195714050
185948008
235785818
245646146
250979365
235999192
248805026
249921233
259638060
257346507
245703571
180213195
239026567
231840277
230329222
254199076
254312590
255511634
246701123
260327112
247370216
249017245
229826029
235414125
257935579
261819960
260846598
263045004
263850882
265197679
266372935
267092256
172354292
202796382
202528310
203489442
202725011
169015593
170076509
186086077
185507061
188681248
57772701
72469778
77120234
204414292
205405266
176911478
197247997
217726256
209582322
219613548
183209968
84022892
80857451
229077902
235883652
244376799
216410797
215699116
222203278
236546727
223717435
194425795
196331817
239250926
244518468
225057343
241972746
223584800
242588743
251582803
240318944
236550922
172266941
251567434
248869564
240578669
260098249
245932328
261221601
243374743
240233929
244660756
241490013
214687463
238590322
251674476
246881113
247999152
248913246
253949204
252391804
253439046
253968535
27731540
148565733
173010636
195198777
204446241
204111345
186642583
198397285
203415261
196263144
147120504
103775928
78231447
56297412
221282504
235958955
245883941
254181573
241492511
258321007
254772334
222409430
215181184
206700980
170495416
201734437
225274902
216249358
229385845
210378520
203136490
215597033
144500364
158892143
37140499
241414824
247772527
240278213
252502926
214873996
254284269
263171005
222663966
212757946
178923546
248027518
246073903
241558030
242818951
247995208
239802002
262070419
234064637
239671215
255431791
251099139
249251018
255624643
258287941
251755266
257714130
255795031
259780393
263553264
266619755
188422964
201274409
206212502
207779441
214791420
163360327
176992917
169418188
174484360
174942732
178638012
166146903
182748339
195827670
205201729
198128880
204769715
215198382
200988963
184394140
30844449
239191398
247322704
243837196
242736463
261004174
258718316
244208692
265817885
247268281
238096099
235434063
240882897
222460944
242756300
227553375
231303785
237293757
239973910
240886101
145179399
203817421
227116159
230593781
241230771
231537260
229686923
243197603
235333381
237899638
237922970
26726824
245617917
233624939
251515067
259844122
235596858
262103312
246478554
248887181
252516375
202328540
205660747
220253999
204956532
218087788
203816037
220486516
223652952
152177533
152401187
154394042
96655675
118694124
121237437
189454383
218276368
216162089
222173867
192212937
198845213
165206187
149907624
132173608
132334696
26775569
191300074
239488948
239926515
227417591
228365966
212758813
212817601
195116221
166066010
150650222
37637018
210203682
212543464
216944582
221025855
214265479
198665830
167278357
172736793
179661671
152904592
196908760
217412792
234663164
227911719
243228613
211544020
216850174
252057065
203192556
204180718
26606782
196577747
224597244
224398038
223202140
244727428
233507476
246037423
231643400
234814330
200851540
26337972
215530197
223656104
217732194
238688299
230337291
231053128
232297290
241517515
228750014
110576595
26405846
137210788
133458769
133480846
139356282
202511012
207334486
206076525
206519447
209703030
161688606
144868521
148963306
140809439
124375701
179448183
206173779
207215068
212249799
225071670
191164441
166094373
175114513
108101374
104814492
82221909
230893984
219219298
204209315
223640897
247444630
220828330
255864893
201029969
216574354
124087960
222893824
233417121
249030445
233727707
238039854
260230703
215570189
264535713
222005073
178268272
219834749
234111364
235141771
226588185
229254836
229733019
236417954
237477569
239315638
239509162
159576950
241596254
262520391
246095260
245874460
244314140
237921328
242928538
244920748
247953551
63387978
78941626
118367298
168646825
172775048
236994744
216947247
217073761
229749425
229757041
242154568
186599773
147544288
89189703
140870113
208540144
209547656
215357285
197435783
198815221
198829409
188546327
124639856
131001556
63214358
232709629
252624722
254201927
254981315
244039755
217024644
249013088
274043275
216360326
209437393
237195331
241299441
243685827
224458249
254597667
250950408
248868001
228809632
232663781
162123544
266500239
264616110
264892182
261634032
270379812
272715662
265441182
272788676
271505154
258481711
255043438
259297876
264518918
264314808
264093397
265183082
262893515
271637880
264426825
270528244
151690058
158275006
159137773
166928075
195028034
194037251
199908706
210348515
217036223
229672473
110319885
115063524
156088183
152006810
167738612
159700555
207590975
206239123
217656001
204228625
160686407
151797344
168603905
143019149
195092499
217665005
205148583
201532700
228127413
206518385
184716815
138778540
131784133
132919630
174603527
219579682
178573804
230700178
230740713
231836574
222038208
203202877
199714973
138850713
33712190
180579871
222044165
241475988
230024250
243520243
249896342
256256556
245113064
208258894
233147353
33098999
59342242
212036058
238299859
235239935
255167317
256612293
264283821
253187723
147936349
232222160
253984999
221812182
207060372
193760126
217922260
227790646
229211650
228753462
242779242
146018208
146094087
157824172
204928405
201157743
189564981
202775402
197143307
185441539
180540849
183554019
181658557
51897686
38629915
108110197
222221692
229522373
226959207
240706190
241544655
245548698
245476935
246013198
201305433
120108178
153631587
169160295
226376057
222870555
227476886
228402171
232285483
217914365
221789994
171018839
89467086
64660156
167705921
222983926
241129908
238774367
235467800
242873044
234285607
216122166
207376025
209038836
36987354
214891017
243974891
231337730
254117382
238090537
262793874
248965002
263803655
243887638
224788000
28762241
219070992
213642134
233123974
216929383
229402144
228479471
229564749
185373916
173306718
163061750
158443276
165491081
218132368
238469826
239234108
205801133
208816511
216904700
206345691
208840046
92419888
93837323
180751924
196435850
211552352
219864009
222932015
182732193
201576157
206006895
192525097
123326004
49512701
42670827
203907862
219365168
216165103
241928800
251305357
244142727
214813994
188283833
183898230
161272031
231116188
238371933
254458879
211686762
224218110
239707333
239663304
243978971
222390714
224265317
184859293
207908900
228119392
219974262
246209619
228506816
229625487
229491885
235218319
246780926
28727368
115887236
223373414
204503483
226449463
225238402
245885091
227350431
245584644
201854745
131300053
27890347
199970644
214291222
200492477
209606020
227509415
195872630
171804432
158588668
151984904
154636301
218889585
236670885
237404761
223590057
249945385
208797949
211188560
222549050
182308711
183132245
240870479
242056011
230041070
227270433
235020986
221823033
218260188
219259886
166792455
203618178
227360920
238415111
220152833
240172095
250667905
241821739
261329448
236862903
259423629
186841908
258223998
242942969
248448069
257878339
231408394
249503432
253631719
246659904
232144437
240558885
221807512
251065626
252514593
255049680
252719129
256304270
258366260
262158007
262763698
179672407
55069456
164002378
189197815
196294664
189345961
201531391
162384575
170067367
177028382
165069257
184233118
70420438
80055692
62501692
138618943
226097445
242481553
241599511
247781339
252993850
252683333
201419436
204119031
217983711
78672654
192443531
223357447
235853645
216124909
239693020
197952905
203012076
249368634
160942509
162869937
26181666
250147024
248715749
245108028
233900494
249569469
229106603
278532550
223477557
258210310
189477133
231767268
214386418
253455259
225565810
251493735
258618522
258744299
259711322
227985271
227846372
248843045
245437995
234401678
245306316
250562916
239079942
247122495
248062447
243627837
170317135
200500255
202016613
226795195
226580926
226510847
222202595
192027106
193271407
172937737
173582935
150439341
212430330
205619419
210434594
212792061
212891140
213829056
216189664
182987462
205872774
57219625
179658103
192980342
213331717
213182603
213097407
225084222
226690828
210223528
209774339
226340185
33167281
219179223
205976060
225544350
226513548
238467719
207812733
210930017
220055157
208757810
127503962
131446749
224301121
221812180
229727623
250772090
243258391
239763427
256645496
234840039
231433081
71286221
212716527
241345536
244755138
230440958
238178251
239079135
239951707
235298776
236040368
226230654
29072318
228578476
230943338
224982535
235330480
236886152
238466975
246637912
180430027
177211399
116962641
234378234
241965557
234718120
238893461
228784955
234571296
252395275
211194843
193363050
194922926
144330894
194213239
207093889
230019543
236105950
221507495
220574501
268911524
257932613
241934020
106344582
54523124
204448105
228740186
225406519
232783558
216231624
204701452
206153726
185094811
109070302
114802229
222028984
250291880
235224450
248000282
241001378
253592010
211499990
251506491
234101222
172834267
26335666
233042310
245264203
245385954
250323816
258900067
266300505
232169961
270701704
247567082
206808544
143291905
214896381
238941726
229212801
229021679
211559761
215260874
234118770
173178859
174472193
71401639
58777881
167983009
178696109
190290772
181626472
183005748
155036540
164657473
201742074
193028803
194278646
189254209
225064568
234994741
228376092
202205854
207210592
252738659
163931471
183825864
143306161
41102131
98490209
196663585
224810877
215235216
220859894
217848618
206637538
208952733
213752237
175504932
28444122
348155919
359677034
380212106
461043135
456434288
471710438
469584686
460613284
432644310
385840680
151701419
151258197
156638436
174862809
193046756
193363094
197714228
192943683
208366640
133315057
50484007
225957889
233425102
230336706
248335765
242067472
258403839
244769699
225985631
218464425
212051760
211373149
215412554
235632103
229474230
276451350
276047839
214385384
193001954
196504852
198810720
136987108
167518468
212562687
224903745
213498932
221994314
216318990
224461012
212116103
213752307
94006276
60829388
27781673
226059647
229418617
197985961
244578680
245839932
240351678
214087011
261301239
191588427
151170770
234836005
245095794
236542516
238196340
239429230
232730896
212961404
218317108
229845194
180227983
238131821
248403634
232542615
244485017
239922450
232054867
227196822
252019471
271690290
237042514
219875304
232244297
234849381
243696540
243720682
241231180
242743290
175495158
180099467
183530195
171505424
194593194
199016410
208144996
212028958
218021338
182202440
204737909
197573499
198023867
154897159
173874453
180399175
209198057
168534894
224072342
213133601
179762638
182605461
198512121
102461486
37563332
174774409
228473020
218600520
223244703
236499216
236445587
229151332
230658193
214281094
132368709
40500520
234543433
244442494
246048707
246957939
250459873
251923645
210316879
207449018
258273718
157621256
314305501
324457822
326067470
320098879
326283052
327756605
321878111
308540550
309775095
303435812
222342127
219462941
233743732
230997661
221095452
221300241
243593100
175040248
168780607
171709291
200511242
197291633
243370300
206720918
215768157
215845959
185494874
182426238
174775080
183702693
138127240
143449032
203746581
215867818
207901518
228764324
236298740
212821950
205777646
206642855
71557750
75115691
218609941
231725340
213508037
221068841
216504895
226576347
226057424
214823578
146224804
134107176
26853770
224214818
236483018
227640693
241567597
239196213
216230191
239503716
222836411
163950816
181026435
242848256
242830876
246473057
250775205
242095224
254830792
231378120
259324753
230561355
232902148
222704031
221146899
254331498
242120815
251880900
253290638
253107960
244763316
247914380
248575054
27519149
208440391
206290923
212408687
213441852
237042120
191204563
173815483
174771560
179254965
123167792
187298808
187704164
230291943
203489866
218330489
211246116
188196822
212204956
186447925
169776129
27792953
30696460
236251982
226597671
231908789
241469238
234800200
244773061
233167687
238020466
177487762
139267348
168341903
228674830
233346696
239820832
238423461
263006407
268361933
251474716
247024284
184731360
57010055
219128125
237011808
241392632
241283243
218792758
230154578
222493980
223462310
204565094
213970776
191502471
202228937
216286190
233509315
225178940
226547315
226218019
227530067
221291076
223919526
40177419
44329283
171761655
187124250
209551984
217073993
209553229
210894509
221055504
149553938
125248771
105299426
47268012
207653769
217744996
232497779
228900564
217246039
197424517
204297745
201711717
203521651
186779768
49738712
192672654
193531539
195431643
197492755
203478990
207696438
181639529
170282553
174111879
89553459
158387226
174508109
190401575
188148181
217028990
200392055
195776055
228270920
170938191
187762551
60927611
43313105
141713333
229656946
233531341
234987308
247274718
225829672
254476876
258531772
228998703
183358178
83185077
243931210
211632465
249522445
244724927
235972364
240145448
241477765
230005197
216445097
226115423
241030123
246789253
244710241
263078319
263341751
249898590
257792361
259115009
285158872
273879281
191654598
191897671
193122508
209817097
207705293
162902049
170674378
170552513
175698682
176316947
119450035
120447675
130727602
207795998
210360661
212697196
218816720
196957489
235125286
237045959
123932428
92971145
122228502
248538837
237902120
234337784
228105041
229535211
220431919
229252435
209449577
164791348
113658292
249247966
289586022
290437585
290078255
269671449
281992900
282541608
255170126
292728310
195982396
250805418
261372675
259903800
265738590
266722480
267968865
265325510
271381886
259789573
259703889
242908710
247621484
256537249
259623524
259483540
266590868
266299781
268537671
267339091
267877903
148785823
195079163
205272718
197088322
197679318
163861664
171372297
176676174
171581972
180140423
63957088
58947804
90959311
164422503
205662036
212206345
217817904
212155176
213385002
212420483
235744238
87101507
118707798
74716604
214870875
234398455
230883914
217141576
249989233
246930157
212000179
191673383
190480940
196552073
245143949
238070467
258882312
254775026
226524963
228235621
248129021
228294366
233380208
192257957
210159184
224716635
232059251
247182025
242646357
238061840
245273633
253073961
236451873
236882402
28843919
194725391
227533758
213450107
217208373
233516239
229062575
238666482
234875072
232256096
182602598
27533206
202827180
196946850
198087938
220945815
232512137
216894581
221125561
151630023
158828764
112005499
195036582
228940823
239264689
239286753
235619335
244123273
207984838
242813768
209958097
209969176
37590415
189848487
219980057
224376079
226107637
231228669
215596888
228693958
232423614
207073179
208385397
44727702
177923396
175924958
199534081
197839138
211572216
213401118
211403074
219571137
152247063
176277104
56088467
59229585
222480358
244445625
229736388
234497361
234214692
238854477
211667903
214960480
183845497
185188417
133813923
242214661
225163788
251893717
253208610
242258938
257968289
261885050
239503304
240824529
76160058
196972441
219928409
216979044
221429103
230358688
231162416
239843964
239639289
216991071
153176135
34356798
58838364
64004781
49146893
228464138
230280936
234521062
252375496
235869679
246216712
258984434
205777962
200423108
193008656
162163144
189443732
226382224
202202767
223224240
219173082
230591214
251055697
184330691
165604332
55343159
99769368
193303472
238400534
238045665
247552172
211993915
199027326
199069174
196305393
162593355
108588096
27033487
240920038
255886234
255892821
243010552
248155263
252962369
265689561
241017233
234440116
200992166
200875997
210363081
213145462
238277089
224349151
264741010
247392118
265075646
243775616
245702942
29120494
199580020
207874090
246142983
215244991
216280673
227327570
232907319
231014517
184159886
200977545
28524549
82645563
119730877
190213189
170192006
185860370
211514462
221156867
222607960
239283491
236153976
179657504
151636605
106533317
123429872
164351151
193265842
185480228
163744889
196703971
189147864
149437809
169942126
152358300
194711677
161563550
204858883
187397414
209131526
210370794
187935100
195965397
176812048
198938016
164740090
192703874
157706925
204786181
220538497
224281799
205271670
215260358
211867152
193128517
219103636
126744885
88935289
57811383
209964137
220940733
210946370
225846998
222769096
265780548
206644880
207325214
246798697
181615254
27122317
185164915
233046226
226524575
255383640
232558309
257514261
232110970
246927535
208239173
241456437
80341858
146923498
154302386
169237422
171504086
189142792
215338264
215915942
206280968
211267413
218738868
154825619
137132388
147204416
210291489
186708760
210394571
219944096
221195860
232698996
198573048
213446723
165606647
178435756
155774384
165015447
206764768
197264337
201277758
209486328
175573343
156055868
181373917
198583242
164679511
182566286
198251792
216487401
219740862
211887589
195172413
188780975
160552932
166397234
129956746
131190370
206665006
216565023
209649303
222778063
179616837
234607856
206751012
191986824
194656414
195749883
226644370
220994413
230264788
238525603
209822249
207198882
220086515
209388406
204086535
207726110
230443868
223788324
240392709
244219654
203215256
226255121
239731472
232528477
245277635
159874050
151352779
230665742
229096107
203160715
193979093
214536217
211111582
256892797
210294962
183093815
181289179
214732578
218250294
212335460
218806435
228706862
216527256
216702104
220420107
170632475
58285127
135641343
262682411
269284137
288414354
268075945
281288689
284641481
241616445
303658085
228777247
102077303
241674720
250844769
262158642
263528675
240854031
262197837
259273661
259590538
241726551
244741809
248570691
254015310
254048581
258689937
263582995
264676419
266913652
271868023
271992336
277462952
244997042
246361711
247803447
254406651
253673149
255576548
255705773
255447812
262483646
177916152
180789147
181770092
181609531
190750809
177019255
194558384
185508829
186556442
190785442
188713202
49817821
32984464
245338918
249415244
250297887
255154376
240424965
253304995
246491631
258567369
226061034
210287292
229956972
235309541
242912804
244170681
227505682
240269354
248736536
245245662
235889672
155027392
259837837
245612278
244055628
252659734
267532455
247171457
251725191
260972203
240464637
253092881
249719849
253644509
259712489
262496086
264097064
269345851
270369936
271581720
272244916
276620630
251081139
265616494
271013380
272040872
275140300
274978895
277108843
278429737
278034442
195399905
120292705
167245481
168351555
164783879
191033425
196293893
194215313
194242407
191325556
202600278
113599156
64843178
233424365
244450125
255450983
241127972
225387375
240918792
240634674
254708373
220536701
218717038
178113305
217746425
222975487
203001961
219388566
214995804
221964834
219250385
203133187
132339824
34697757
174033037
233428452
233598822
238307224
242405996
247434548
240873782
251352356
211583956
238974199
36997440
251125826
252196919
257966291
254367978
232690604
244749228
268929739
225917306
246819148
260070126
234731003
240722173
245320203
246352844
248858502
258067581
259602480
259555436
259807006
177742793
45046279
103758262
130108849
136824088
181119551
204259682
192963484
185484495
208265834
200997341
195619762
96915254
71827281
117438018
214989715
207360098
227030528
225517078
244087583
213597382
245586093
195980625
178164135
108779593
36741498
214222253
230167751
213326167
225599850
213784443
212219204
232632867
242646487
164399635
174029615
248531777
326349568
361263812
370195752
350135650
343682029
342243512
339708597
373727988
372221040
79565667
179623865
220446247
234606936
247384999
248642905
240889966
231780751
234140685
231865281
239484128
45173701
219970020
233917585
250720008
258559871
231534860
260009864
260746002
256412231
222700719
194689654
142133159
190404211
191793753
193060950
188088018
185960979
168197041
169166232
170305071
176729376
114355330
188918671
198614258
234022791
209578087
206044077
250469821
209619616
200560633
199208157
111924666
39912873
81991781
208203189
226797304
225567921
211152097
215391177
240923252
257237981
197116030
129987971
140595545
133168104
211458220
233049512
242185721
229090338
237774533
252842118
248401978
222395488
223635016
69366024
358860494
374776934
362717327
363385913
368789269
383498759
368079924
339796891
349448652
360120753
245525622
245581851
250396329
251435121
253075264
252380132
262551449
254709245
265084100
181474489
148236133
178562534
172477896
210002823
232164877
233102738
240519755
248271371
243320090
252947053
119516731
152192331
146728122
147577464
199772618
208433818
196886476
215792016
208306679
178206091
172963664
120691772
98570264
51800968
189090594
211809682
223103256
236882286
230310021
230415806
207047719
187834537
191943741
185886701
31891378
152329418
246501628
252519991
256399606
235278432
243520045
265405065
244038928
245297629
214718332
62690759
391051748
434437921
458354166
471090429
466446717
462132064
474588628
474555238
458451598
465332505
58827154
279532920
458413589
471610329
513762082
503786653
511973887
509013105
440929666
524069583
135818560
388649670
64553828
327640138
433012529
421567083
438384861
430140958
454206907
413566238
413781906
408927958
361944984
95834557
327910209
340944226
354496783
360679003
342731360
365286251
346621470
354921939
339503304
370103963
253834471
257799886
260395496
257903954
261781651
267047354
268432411
265907142
266467304
267411259
237131176
240538830
243761297
246830943
249339845
249177722
250612020
250702427
255313538
174272194
208606992
209903928
242090828
222501166
238848047
252852614
237702124
252558189
164554761
166088469
45313770
138000292
141225724
214143779
236539616
213672932
225382413
228124112
233337874
235708174
202290572
105143855
102466564
86575729
260765718
251617868
262761105
281300463
271610060
255594943
257303035
238819150
236210295
141592722
250381626
258427195
257525459
258760416
259727481
260922789
261161929
262414819
266497334
267039569
261360908
263978740
269478858
263581934
263609938
272792177
263928386
266461965
266098717
277030755
237888317
240430708
250801997
252130989
253001068
253395080
254818960
254278675
265093500
178348262
266161585
283572713
284885308
274001541
279053265
262092798
276560200
282666061
206497515
197885083
66535270
79298381
75746462
150050476
268533222
269578741
278025834
278108114
285747627
287884328
226393170
227371036
235949231
82380791
238435815
229419925
244220752
233076049
243376523
255454298
269129181
272454515
234621037
225049194
246676829
256870714
249756447
246990734
275136795
260403933
253699501
259403431
260186154
273816713
235116926
245838538
251188036
252217090
252803197
254330796
262530531
262328770
262166164
263158827
243072446
243261858
245132678
244794649
248387422
247151084
248843494
195012538
196122120
291967195
226554571
232512020
233773458
197650766
242070545
246399658
246398401
215977512
182978940
145879638
68539650
135973402
198280682
198393296
207286489
199419691
201954794
211332153
216907649
237868845
178454455
117583972
100123610
120805142
228644577
198870047
238063860
220249225
257721162
241250731
245956018
200239854
144313758
138348272
235778674
245585316
233724166
245174055
253843387
258635743
251069129
251085905
219437242
237166745
228096308
246389679
253907762
238633814
240824836
241922534
241728756
242630385
244241847
244601415
76597550
223473853
231626124
226363491
236573769
246614468
247041047
279915478
184845899
186759794
155432497
164350474
228257943
221422973
222376091
208434239
208829690
198168396
221136065
190620880
192113071
40438269
87517128
96479849
149800921
161508787
217216975
231285565
231907301
234314651
235218152
204587720
182373038
191191379
112480861
104140992
156738218
228936593
243606878
247583341
248944497
216574764
254601485
205980293
226081937
226551734
56614975
116526529
234709083
232299668
240978914
237896900
260247826
257419994
237599141
228499004
264499892
97643570
245164374
255452185
235526365
253096618
229341472
258604613
249016363
233732883
231569163
246026903
178590036
208163189
225514952
226235781
215402873
240955833
230554145
256300915
174917789
190216577
39920561
183586338
230787693
218692617
240300439
254547033
214284435
218861072
215053217
204105149
193291240
39193102
164039342
168148721
188440158
185803022
197557481
207906350
218266897
214947948
238230319
216828485
176543368
177811192
180770300
236923187
195452802
218076270
220859176
202045873
202531181
181041849
145614312
152385758
172219028
189203959
192001101
212714810
206894749
196088878
198862522
201329661
162380571
174450756
126739540
81382574
152364202
237045907
248014975
236024256
219317811
242130945
229788163
225848289
209819196
182625640
95434381
170240095
188427028
223732850
231926724
240070645
232986578
209720242
243801324
208334343
121915379
38857635
27793200
222920226
233876727
235800431
232633358
237123757
248888718
247311979
220119790
176024430
121074237
144906306
156103913
151971151
182425187
172612917
167430860
176223376
185700277
179591309
213242836
170237641
271273632
324123951
268918824
272779691
340436447
378049356
297341828
285001924
307799336
94677767
167136067
225269230
225213901
191539530
229681505
240278409
209880695
202192028
202673177
215450789
48209534
195196403
236455471
232617624
214832639
233683837
216351839
230721362
204530279
213860296
196969270
27269011
202604730
227062348
221174975
232706381
233717899
222698234
238810482
240195862
185994876
155765161
39340641
174092133
195421678
183749480
214440775
217117995
212296593
224709478
240894208
156425814
104681979
60940913
87804359
158789079
162781677
168147248
160410287
168991822
155084220
145078180
128794139
102453248
61621997
71159955
164076727
205917540
187962061
243541276
223157801
243139704
186058541
216910735
225828693
186574100
46969161
77200358
182406749
231080775
240776074
240520598
234384954
223307592
241828087
229925138
263388213
143516286
37624671
241945205
228092222
246722616
256877807
258437664
235402797
250235673
219464974
240763503
274992123
178801686
231061344
236330255
232772994
247482312
248569138
249077390
262627956
247291492
249046613
30621963
200131801
239165767
239867311
233037838
246496181
235957321
217336851
251175268
266188671
161555390
214854367
215134639
216985134
214463435
232160801
204932445
210481262
162755523
163923707
166370484
65470739
196137438
204973063
207994657
213651971
190128795
200549120
201623184
203225461
208016181
150796686
60108740
199760004
212912450
216706293
210924549
207084931
209104088
209289906
210479789
204124740
146546125
147017050
203205119
207682403
198846106
210911135
212145656
212773967
223174850
209576690
221997893
57854457
146955349
159101828
192973752
228368939
238590535
225374415
240392764
228133962
249343469
231170749
113214508
106784892
60675448
191139677
222464275
232020549
210512328
233835973
235492958
220496875
192069855
194347984
195504796
26085505
207497666
192956599
209388014
230489240
240842468
230074349
211108096
186792197
181694616
171980018
213792402
233468863
234219576
234191571
220659613
212410378
216852843
183641519
186633973
179243276
203445688
204473798
207090140
203376012
215975302
200910352
174912915
178864250
176501927
179717758
180641609
185188226
231337737
205637322
233624748
206672907
219686733
259186576
225315013
225526010
56410930
60930245
174553229
243233112
244284154
238169140
234777156
223123579
240855640
226184114
200574033
204504818
34021457
269137776
271292233
268392258
271771360
276379277
277437572
257089127
281470951
260554956
243243488
209676656
220213384
217247415
233915015
228336087
222526831
239830609
244846062
160485125
164583444
151083476
216247267
221073908
238809717
204280497
232338411
218966631
174613004
180313143
183272794
68475078
124496580
122027369
185943817
219115800
210967739
198775780
200622830
210523517
159917173
229145398
129168618
131937833
67490405
175581971
217149187
230060363
211615106
242809462
218493039
223292373
194760377
198743497
182913779
36018993
34421829
169432314
212482399
239635908
242065188
243044930
229170725
240364043
257256116
230438391
190642372
45593367
251758343
252587537
252448183
257308584
240276165
228426812
248597614
266303751
213349894
237753678
227218570
236376244
225324484
246431027
245043290
241379715
244263523
234440844
174830869
176406929
210479233
195707951
213648037
212995582
212655672
196542978
200287138
162092775
158278161
159086023
85061874
187344417
213565553
221121285
216993922
215961807
192182999
184154008
191783821
217458817
38363293
220871132
207629574
233069370
229870521
219134077
219152434
200549874
203611367
212052140
192321803
204787250
218144687
235888156
266180008
242730267
244010186
235608120
251378619
232166221
233430098
27004473
216218092
227429832
254047126
254911228
244429955
249025140
251948226
244897143
210199087
255528654
126898368
249382493
236441489
239543318
244395410
240494785
249258776
231661069
255697430
235622613
83320434
244898511
229320657
241642077
216154123
232044030
244432199
240941424
236460026
173387230
169608536
174445317
190031089
215348326
191467376
192424632
173848759
171064402
173675401
180508942
181357072
53066708
54042476
218976322
234318054
236341762
242882694
256303735
257462052
254857814
241453136
191513599
191846783
135239920
204543453
242876751
243350737
240825428
241502453
250158585
235936834
240347094
259294008
82697326
219558919
215114968
224627406
218568165
215252138
232223271
235928852
225292839
202695892
204149596
180098766
234407122
238507901
226807715
220626207
213282114
218295524
210982185
219126796
220259984
26736132
213792600
231904399
242738346
221816132
226418428
245078524
238709897
214706755
164867346
162436634
70450433
142213646
152440661
182812432
176035937
200031384
223217079
222922690
227761215
245133586
219268693
156188245
134152049
156630584
162896199
156833237
157617136
167673266
161780563
204744083
152696869
205709621
206696836
238651335
191517402
213510054
201092486
202388606
195647510
216625385
221955265
203281265
268370767
281870977
294444649
242840218
261766824
203009337
278710424
242444624
176372796
99407615
46743789
43774428
210174581
247994296
255959705
256785928
244641601
257195835
235283576
253589993
196281477
181153418
218051229
239900736
241836235
254355376
247164229
258121142
253708031
255205754
259954010
270940090
240658486
241632731
235377360
219949546
222210235
228066755
237057367
201484793
167326463
156461300
216252481
217059786
205545139
221560890
208094692
208375313
174419467
177583813
182961543
188814579
37689608
197173598
201936326
222479205
215582142
223478314
221250361
198077284
203712535
207329640
179434081
78398439
100586488
240595413
259901670
260495231
255679021
271400371
248559261
253248002
257076645
176423613
147036440
274081539
249753433
264032729
252340739
286959723
270108945
271268141
256769529
284664454
264019701
254831039
259175817
260195898
261090362
264065140
264876640
266684956
267381736
268745789
270988387
210809953
234692292
238005485
239560343
243136456
244207135
244731635
170577868
176387467
177614765
186502048
206074325
205951893
184979945
213108850
203768587
188217512
168834520
166642714
168427844
146200961
241494847
242520205
231811811
226029512
218897578
230752921
234228898
200425416
213684916
62701664
251189310
265263381
260868553
244350471
246995331
254532239
258395920
276958182
238602631
255980418
262969891
256960619
256804426
244882768
256717829
269003293
251212704
265393723
270006379
257779503
255673170
260874175
265948243
265817798
270194428
272925863
272347234
274866230
281199289
282097217
210556452
221789764
224467006
226472960
228185960
231691412
236585855
170100897
171990060
172834792
166100396
163081606
190509277
193660857
200128428
204847877
167911636
181850064
167792506
162257914
240132886
230214506
254082100
255869637
241517292
242590506
237680678
252968821
234501364
242659910
224830026
237023835
254170598
242914085
240373715
253241926
250337183
255571024
245183177
245226445
37740825
203382179
230142102
232826570
235418297
241813665
238157764
239881179
245435551
247893261
167477529
34346726
239409587
243019822
243263859
256366856
234624854
249006842
258568843
263324414
249210183
197698471
211927619
224086895
225306874
225491048
225852994
230351645
235584987
169439575
171369787
172372642
148238850
185549416
198379378
202400615
206582130
214813486
185086829
188026871
188451674
191333062
65221566
204979865
219886604
228926040
236743484
218072104
214378633
218674823
222493322
222952980
123203459
65926176
324637307
411972984
446257132
437451951
461802155
441318635
442298218
445937623
445625907
380724725
124462413
41929085
178677273
233080393
235070634
217032359
247813894
244135267
240419985
253337046
205044136
213464732
29186529
246507204
234453839
255349038
260447688
268270926
261090256
258030484
249418645
269922144
236785008
85207796
209347854
224748208
229389798
221534170
236104716
252187286
195488606
190662462
203363115
137262479
65571531
71281138
166985344
192455595
196989297
178301116
192952265
185445267
152070441
179942205
120431810
132208279
184316579
218598191
219195272
211131292
208013407
209703164
232474351
163632201
232642191
146433418
55538584
104011136
219080909
213182423
221758076
204432772
214768283
204483153
210624325
197054441
210501403
97945731
217756365
212017594
243606781
213488220
227916298
230406243
273135785
241737927
228835158
217708332
134057411
206622886
211177459
216080297
225954629
227779205
225319429
228408142
237697656
238878812
76965553
44952603
127533658
212535788
226011767
229152246
210908851
222159632
212304508
223770530
178145648
150105641
92346717
191814267
204487141
214258581
211550198
218918985
197108670
167033172
174690823
148430993
142097960
61464938
206378646
246745573
230569256
232799066
256268855
227922898
219026655
255085658
232088712
157718641
232857898
252727371
234219379
243700930
256512611
263676097
262845119
238180799
239212806
250492194
242379118
255009054
258697366
259330572
263152665
267128263
268350635
272862623
273307546
277178662
242263543
252255493
253530411
254345562
256300203
263426306
262614039
262734219
264096718
256808101
239718295
250704564
251146279
253199891
252442036
254605251
255744573
264009938
266884047
176157668
78456824
79476622
63740451
162216864
186723920
205144919
203411894
215003122
200335637
214526445
152478076
105696309
108197215
43242108
225399862
219474846
204790473
234135206
253784217
254330386
245136922
201741081
189358237
201209085
233321532
255784210
260921505
221899305
240375118
242629327
244854976
233258758
272997977
235560223
240344459
244407646
255243973
259316552
260288099
261937580
263826681
263741390
267147964
267764654
237528572
246268969
249506033
253346730
256451578
255418105
256922008
260058313
261656280
262604868
247735184
252854961
253333761
252771016
259036831
261463507
262028286
263644223
268935328
178987261
27302160
234905990
251342035
255937443
256376609
266325033
269357271
262422142
263680487
279642276
234059069
135198567
240408059
252173008
241788092
252575137
262823495
263718966
263870101
265276440
278233565
89963520
244448399
243273037
246728060
229786710
244590915
235445253
237449674
262113483
227366171
239822907
237668859
227462166
245239416
234321895
239875162
258970290
249105678
250621623
243522893
244108103
246266326
253471317
256988146
261899726
266583884
270933909
270415337
272251799
274953876
278806294
239559824
242863090
246682502
232486890
233318374
240660199
244786318
241594387
234421594
167538857
28625708
246122346
253565977
254420709
247880668
256280495
246983424
255238165
259673996
243977212
213609460
177595904
225091023
232407557
239728091
240602037
244824790
248324063
236287196
251333455
252069932
33239354
255431235
242707375
263716864
243978260
260950748
235304119
251025348
272036856
246302184
227448462
250551589
248487008
257232618
254302726
255407298
261229192
255423384
248892004
249850180
250377839
237363494
245375881
248037165
254700598
255297027
256503136
256493130
265075994
268099467
269223580
244141946
247708616
248527229
253409385
255032391
258988855
260602158
269173430
269720489
187168628
26807593
226747401
248227626
246570659
250784823
243978859
251973519
240612143
238975002
241916824
213374684
210096615
227235447
234302783
228006908
243712833
249184629
251896040
252969104
247290287
247419026
26538949
225248661
222412553
214425372
241839837
228212767
232240708
238360566
253105708
233477379
183713994
150477755
245807745
243230236
262165506
261772980
267208063
259052957
257174487
259751875
269581631
78065835
250927909
255640824
252515033
252316857
256874028
228429241
248576807
263370005
247089718
258051931
233083896
249679764
252199936
252525202
252340450
257967118
259356944
260648800
262994964
179481717
27298034
148161603
227569682
239523107
238521387
253807992
246579125
255057097
252087067
256060306
238558760
67857913
190423846
219324115
218973229
229204136
232209161
228870298
233118992
237609179
213928268
216225624
26937671
186319732
204400792
225072310
229645191
222516011
219068134
236502536
236418840
228011452
194238483
32768119
28376999
220567949
235019147
244489563
250916445
255391772
256696810
257268213
250024445
218539832
198756201
244574260
221235982
232882470
252822146
239333835
254420211
240000692
235352191
238474685
258658656
226113842
245362930
255631875
257293976
256264566
258492461
262493318
264090640
265907100
182719159
34225636
28938528
249936494
245824145
246666665
251351693
240118686
247916504
247939526
207377502
259227507
181894494
258798115
252010402
265096707
269687303
262530437
265830215
270529855
252208711
258331686
255070157
246297398
250432833
261975059
265087717
264842415
264588857
264772825
269625932
268866570
268865249
245297859
254074277
251091325
255682462
255804538
253174448
257356162
255311850
258071568
258721560
240788130
247094223
246958167
250108059
250957269
251110196
253736796
259431236
260577822
176436456
27275864
253684622
244548811
241486233
252843453
249894913
254767816
251991032
248669173
219748626
253873006
247424912
247379870
249808476
251186414
251260194
243874691
255417140
256126067
248585488
250617420
259790056
265361330
261833386
262869763
264788190
270068734
269490776
271291009
270859382
274310846
249347132
251014893
259017118
256552456
256989169
263452916
261351210
255521290
265435299
276641985
246011451
251042155
258608738
252228057
259748088
261141958
260600425
261150395
256560327
257398644
244598090
247788136
252559172
254471443
254783764
255616580
260051199
259461784
264450306
179555151
27908116
234504364
247704090
248856779
250312826
262414488
259259092
261176274
271456807
255118367
226566687
141782429
224791852
238443234
246891381
235888665
238771530
243093823
236010018
246300061
246669446
70536092
161052650
226640910
227558508
240647254
241668680
249651321
254322870
242997509
230738630
249966236
47708785
201351253
250057803
226319923
227602728
225993327
247070281
247317607
241202214
231069335
217452777
28179155
233862183
229471265
253686552
241735627
254177689
239079129
245064506
238538352
239293448
192765523
160964383
228044605
221883412
229426358
225889880
240551417
247644592
255277906
239824629
177866857
47224398
28352050
234813894
246607695
246161320
258534013
251993818
215894422
246037724
247729333
247893809
209756044
130184422
241805005
249750688
234678262
235464094
253682609
239010749
250647486
240980657
249645484
77603597
230055027
239983509
254054073
252645690
253240943
266765379
256012915
276532193
274393809
257153950
232916990
256151334
252403542
253869399
254825130
257842683
257955746
260312426
261722946
262963273
257524027
260757212
263636041
269607534
266935794
266946866
272322997
273101256
263457401
264400605
174168081
176576920
174932059
232755208
238633527
174819668
179169999
188745661
175336003
181843913
251456863
255961739
259809107
260685927
257071154
253088549
257825520
264488973
218612207
221807428
248688858
254413501
259329738
259260613
247833681
261022888
262215439
264884742
256072964
249570175
248503778
264576709
265334564
266136409
266171857
268349579
269137611
268482956
269949143
270564694
230966898
250481072
256683150
258816736
259001000
263048471
264269625
268104502
269780618
270293118
249088521
254637091
263847543
265677242
267024261
268361221
269710102
275405037
275602977
277651804
101153492
222288648
243427418
308312786
320518611
310342506
308357224
328328553
328364606
323838398
196833314
67809046
58930083
53725302
74649324
225487009
245502310
246881451
247797511
249683832
217124548
211600703
259344920
178089844
151175202
236605711
240046718
240506861
246778692
243318133
253038131
257841041
262880649
242235165
244070720
263253497
263043347
263567434
264389139
265405868
266820516
271319321
272934141
275223826
274800426
248551648
254045390
258815692
260332768
259344528
260746869
263969753
265915923
266449042
267594828
185478306
189765952
192000196
207342384
212265958
175914776
176950633
176644363
178665408
179384137
242307184
246185258
248914642
254074133
241292243
247903961
262556432
252674405
232956967
236800735
246119218
247845590
232667353
252507453
253752834
254530460
248598737
248731976
247703386
248975813
248469088
255327155
255296248
261496256
264409258
263461783
264065087
266851751
268936923
267868356
244149569
254538084
261151612
261160454
262040838
263159918
262761115
264171391
265654183
266568560
244003872
255113720
256320925
257164702
258874707
258606973
259998406
261825027
263307166
264910421
228281104
251043348
252111883
253356494
256439519
260301662
261956135
262808102
261389164
258116310
81502291
234195697
239412411
240692623
241591843
241942190
250693551
243016935
254787843
275042042
132433109
252428757
254220479
265164123
245585753
262018208
263422468
277506835
245996055
247401368
269956032
462198750
497148385
500400419
508132321
505265647
508460693
514011270
517205185
516619756
513696054
252859606
255057609
255909788
255971807
257183123
256711916
257560971
261655876
264583562
265942405
241178619
248709955
260899122
262168538
262300756
262311117
265973554
266670916
266283445
267067959
238667427
240955468
253618901
253847869
259537714
261095606
261407073
262578672
266187640
266678065
244791584
249293557
261925344
261653349
263363724
263067784
265819973
268163660
269261916
270896897
296491377
319346836
326084966
326996658
330053020
329023124
335911007
335716988
339642389
327627538
245788011
248483886
237747132
247221630
229159368
236651095
240904444
240774018
232925743
241023769
247728501
237385637
239570465
252968805
256796382
243312143
269153972
246633405
248859997
250543449
242326383
249862735
250232048
257771405
258315812
260963979
262456302
269664656
271668695
274767179
246893121
257104026
260005220
261882337
260584757
262213799
262116486
262345612
264317819
271756460
285081212
334248442
334873403
330694641
331612883
329394106
331787413
328512841
346806204
343344121
246469066
302334016
303119822
313121064
327640947
313892319
310256018
327529293
320897567
333995638
201696517
230375655
223770362
231634020
241329493
252239030
229357627
232478905
239194354
243207012
28179156
174138708
223251355
225113376
244128779
242118957
246079453
242454605
250187782
246684934
209805678
35597962
229860713
258529340
227384238
253916551
254093249
264478157
257063790
256675748
238131645
222280995
227266444
250113501
262455180
246947632
254033248
254316685
250454495
257197310
253592832
253647020
247863834
259128819
260691591
262694375
266359829
267050769
268469379
270518918
276967548
274682559
200839716
228529458
239562696
237099608
237719956
227958565
247545773
240397989
232823166
234920463
26918112
205667034
236992738
241864092
242391915
246668696
252857992
257343913
260477736
265635323
198395379
26337316
132281637
236312493
245438355
243743128
236361209
241931464
250818073
248848917
204035359
262100776
83105523
245633123
236585079
243378897
247221145
248187771
257013350
248520550
268798028
232574922
233024780
261960379
262151648
263167685
264414386
266775770
271512662
273986553
275868522
276329688
278479005
249086307
254844279
259895144
260048869
263097771
261752677
265529988
265797917
267694584
269665184
220744832
224575716
226712845
234514529
251088142
228078165
248723763
240841850
262578911
163472931
26492341
238134164
245742791
234473895
231768329
237702326
234034445
226407324
235753986
224299815
195347568
223480233
245418551
246378851
254979509
262726202
244743649
261880946
256008566
249870248
251934877
249838374
246806989
247835202
252016380
243848894
253883013
260378506
261605339
249914858
254048376
246290379
250265004
251631329
251053806
251658745
252416040
258252634
257118479
259390648
260198283
252496220
257225602
258458931
260196008
265519062
265093912
268913962
270193613
270868732
271410659
239764719
224113035
239795211
244925715
236307333
251500994
244485282
253746871
265526874
170389310
26904960
230984272
246250232
247772538
224998019
254668915
237095915
248206755
262022633
231509913
205828552
107608531
245792637
243035769
246923623
244552313
241320372
254217644
246367298
250398276
250810241
103459832
240114283
243312071
253997139
239018238
243201582
252233524
251086144
251955185
235119891
250186508
194173474
227149093
238279305
236409825
241632729
250303919
236541833
249348951
240309571
241135835
27448836
232126760
241579238
262554337
259011715
263420038
257094105
265904372
265920163
266826204
216191967
178856104
202652039
220142941
225459339
226788181
231012532
221252934
231405185
227733633
148001309
111442094
138297242
190768471
209477747
222136693
222777399
231481985
236177525
239840100
240340555
124167660
99204362
35101274
173021022
210643074
190707870
212876494
239293248
223060794
231738143
246523736
208313436
196550161
35396245
156699284
228845006
233002672
241289807
251684948
252605120
231410880
250166930
215733465
237519600
45968215
240445103
226347186
240576869
219459148
221133282
240104080
252389552
240745977
221568445
237492023
246331639
260202032
254885746
245400791
259753916
260741187
255279621
269510796
267998298
264065074
255944213
255503113
255518760
256464904
257687667
258654095
258502798
259082467
260107475
182337100
26784729
246164615
247590261
242023927
244908526
253403632
246626413
248675350
263744448
228643378
270027815
231142112
255070627
247710679
265003128
247004030
268229519
248522570
269097245
245804011
257299628
241082412
254169323
254058543
262244980
262934927
259564666
256368366
249713043
252013380
260771368
194621688
251382505
248576768
245576349
259197252
260068201
258003241
257332055
260439809
269910395
26938584
228050890
247069531
256392623
256124015
261135091
250671825
247512680
265375175
242752894
224520713
224043009
249239028
246371565
252472029
249243425
253102791
245505331
260160940
261117738
201127572
27134096
161313214
235958960
238517342
228306416
244065013
237110766
259199896
250651777
266936881
219685714
43570685
217245105
226252985
257331760
259055280
270143972
257573545
267457556
253971236
240206529
225950998
204515630
229140761
235681657
244030878
244916618
261408219
254693281
242938738
265486875
250943113
27919457
230973607
235202063
222060921
241976605
237822668
242306005
239275201
243516338
246669346
199553238
249164501
253634757
257275283
237632017
235684352
238791796
240150669
238709645
237390704
242023068
241770326
254223846
255832176
261183519
257289112
262889005
263747792
266342605
267201061
186348913
28827475
169340770
224610412
234384092
231041120
242090733
251012279
243024748
256353508
209120888
253654376
35181500
175499617
230993674
269676385
266089685
264528963
275894391
276395410
277555594
256545636
289852070
59986244
26175354
233944404
238483305
233271751
240718318
237705896
238388846
227639339
238935684
223289826
189612731
218994811
229433544
233939188
234613917
258063026
248182817
237230692
247020710
265709813
241571507
240141188
244628036
254111278
254658015
259047458
258972869
262326214
262132114
265202427
265708188
235836122
240367403
251221974
249497266
253097735
251563881
255119515
256966248
265175507
179291037
28694696
221434900
232903501
244176219
247976424
253880744
263147812
253700530
252750681
218273051
256168959
214013794
212221305
226664076
227100980
235986474
228910634
236240308
240491494
237765874
239146631
115733942
147090153
238954259
244385953
230169310
248593369
256844229
251789568
242383831
245577943
122324794
89368351
245310998
242144399
258415709
239114889
252967031
253129212
262438488
252276263
230766049
232021833
259976535
259837756
260932545
261201955
262663975
262606552
262761925
264808943
265814959
270962996
239983759
243240394
246667034
250221410
254145729
257448588
256899621
258295798
268922731
180225530
27089152
246286477
234368822
244763583
249132009
241997794
243170231
251001091
256351548
234510230
208230651
221154140
246150371
232774221
241572715
245652747
253128703
257313820
254583934
242587140
242532694
243150328
251782782
261973588
266024235
268654435
268477700
270322516
272420858
277270376
280008710
257147204
260255881
260221467
262324901
261415289
266323022
269495654
270798025
274813118
276716394
249926072
248626519
250923394
257747018
252939090
255958655
257024877
259354098
260919564
273406845
196546988
234834053
235674935
233009575
237338689
233968746
238816247
247110089
237212412
165378688
51099455
44449883
230486481
241898497
236559095
243556086
239261843
247050048
248418051
246733929
194609851
195368900
210103154
220822943
238242255
229178872
233053669
241424667
240058247
228255316
229090514
256509261
28773782
234875040
240569533
233620113
256285330
251930956
262625900
256464879
239407359
245451983
191926555
168339023
223907291
227023128
227145808
245189647
239806511
254143621
239293558
254219762
273489329
43514633
225007418
237951004
235492041
238731570
242697202
221458054
252529740
234681074
224794475
214856021
211976604
223448914
221835943
235949337
242000866
227428293
239058001
251002292
243187401
163137301
44133594
142720089
153756936
222727565
217301131
225494061
229757328
210492590
266715482
233163808
208913618
106254288
85185522
194964449
220744374
231728280
236507322
209673601
235205305
212433575
208266964
190885742
192849266
49965635
112541732
230735773
252585996
256163382
257000235
257005080
245684668
260198069
258002383
191158815
110030688
208113529
232823501
238889220
216045470
242002529
226512215
246975436
254618424
257190336
233665253
26457590
209217839
222477256
247846572
243935549
252892712
238472895
245092051
244943236
273254132
196768766
124825396
228235358
217462486
221750882
209949485
218322503
233177190
256873268
155504886
246589531
89654837
26508065
197287881
226091989
213348722
222496119
229367742
204562319
244513567
184746339
185465695
189987978
26399556
243127239
239335580
222612104
252828335
240890928
257826747
244149030
233811946
247067615
192099049
251817248
234761101
253656502
239654010
246142248
259925177
230634270
256949716
237472994
253591676
242724532
255758688
255925884
259855257
261199826
267969421
269536787
264856200
264661564
263366160
248997555
250444795
258438572
259500664
257380554
258267516
266857753
265547536
267341133
269186509
229925286
242267725
248174344
249223060
256621359
260429668
263575610
266434879
188282277
185914456
114151216
115246977
225945973
230711731
218329411
241472608
233258081
247943811
228199843
231016485
121051488
122513062
231228804
227425081
254387630
236895451
251595043
252983396
264921936
245550321
232765262
233738093
229646513
218067226
239498275
259891009
244666935
244938247
255960430
233989477
238246389
260551165
70193632
216181473
245152772
246421060
247139007
269430233
255306339
250237873
268533087
261225248
148647137
78396966
224185612
247001988
257732316
245815463
238902647
264595569
265071885
238625837
242815027
134560616
99143134
191742251
230486778
240267469
229066050
233115026
237776149
230864671
166773632
158748743
110480468
136351985
140156155
170906614
198688817
211875295
212592658
236595604
227806269
242753856
222822599
110772010
122705938
67766780
138762882
188341134
228682080
225940142
244494901
211756489
261915995
198233677
206075764
201986698
75397156
211801825
216517031
244783012
251444420
247533065
248432978
232361266
232706294
213459409
230420040
26719762
237201767
242780768
239764455
259578944
248350815
262978332
260346566
260566486
245778680
200605067
185237154
238555552
236134402
248489738
221824328
224600039
228388900
230127473
237652530
264428071
28465127
207494877
224076335
222230713
247029532
232268590
206811127
235492493
258884540
184289288
181998877
128275878
135023603
224488947
257866923
257893304
244859702
245928101
249556202
254338366
241940722
127701155
126693136
252728228
257196133
258379528
229721313
242168625
254515286
250525040
240638707
221570579
223367554
233071691
245869919
242506940
238163027
235266174
250028221
249039570
260651730
247470038
248061861
239245566
259848261
261236338
265284171
263560185
265563325
274224401
273758719
274185113
281096173
257236615
256696232
257677896
258727136
262839211
259328918
264089275
264350806
263422805
263151119
182685484
313922864
323239390
328022845
324602147
331197837
329936594
333743195
338566476
336357000
84083452
251117914
247632245
245596512
237366445
253436419
243409928
248945199
260857636
240051911
254746709
238492896
251283059
254690851
257873388
259710931
260870931
264125398
263654095
264705339
266831114
251811897
259156997
260621087
262110988
261002893
262325642
264356618
269672820
271986389
272219014
245296996
251319216
252903491
254239870
256429266
258782496
258977050
261317322
263841232
263458115
245023206
251558237
251796681
259938436
263814021
263991741
265080074
261374842
262778509
263307300
240002799
261727791
262677933
263413549
265541204
264196402
264849321
267719169
270206233
271034691
242976913
259578162
260049732
262705889
262352561
263362660
263597836
265217237
266896716
265499672
241214005
254866200
259301490
260316738
256050874
256412909
263154027
260590000
264516432
266766482
232122327
252753328
254633154
251483924
249463324
258856691
258619667
263237528
264132817
249459461
29178690
215219319
233916678
225373621
247664509
251639185
249733517
249871908
247713828
248899288
173360484
249706829
254565860
248607518
256873518
264027328
266301254
271802140
269665654
264691281
266842356
408049864
408552885
409970942
415098292
419504642
419804549
421199307
421791746
424285684
425230352
237657699
253317381
255820000
259792860
260388080
261861879
262441576
265212881
268201996
269929304
239060630
255379736
262339390
262959489
264286370
263415320
263650956
264432673
270364185
276995228
255316532
258629370
255289808
250997613
263609916
264131972
254967451
262036530
258004551
259143874
238431862
255630628
253467643
255516160
255771930
256267951
257529027
260936751
261742664
263470120
164450070
227734306
238585654
247229802
239587454
251524864
252741123
249635963
252108724
252513306
44988309
237581243
248144145
246595757
247879571
252399818
249394961
234631576
227597783
244708969
261980611
138490745
215147975
234624163
233447938
237237811
245518969
247788876
243264140
261740389
251779954
68507303
27475096
238949659
247364148
255276330
255167181
257290775
263517790
265538400
270125985
278623993
207336297
177250694
210599937
231127434
234709189
235500975
236733808
245181745
232902600
247003083
248285557
42637870
40151485
244182858
231836993
241047966
247674555
235592004
249831335
242367432
248821545
193552446
217241105
209671262
245807212
239267736
244199487
243988173
248605089
252733866
253322400
241369799
242406388
29390098
230001621
244531989
260478218
252270844
250078109
252574587
257821177
263744310
260618776
202998574
157466856
239239205
243670435
250050289
239106879
252587068
251665341
257612206
266022650
258725543
60970769
81328300
226168620
240378611
241161611
242129654
229854019
251937615
221554974
243455945
256279701
129795465
220029128
224567069
232362080
238409997
255739614
231030997
249070212
241995418
232332364
234113944
166373767
200010430
220897601
210580630
234879751
233998452
231950231
228778634
230717856
231124775
39841325
222799370
196105494
234327660
214987671
242415204
242373845
221000790
221384318
216093687
204761859
162610645
205430698
226817052
233911367
236819750
237013877
242000373
238444287
238972901
239093793
35648894
26557203
233315692
236578998
250712956
242082897
246187256
227660175
246467413
273148920
255647746
180198763
218359209
237654888
250266876
253865002
238530735
258689204
239907661
233593117
269502955
235239654
241940243
247977823
247858416
261423547
261762117
269928038
267724368
267839659
264071330
268933926
237867078
255891857
257197194
258713308
259116290
260291861
267024106
266435066
268052292
268291476
226742097
240532487
253301810
254379835
258893171
260029755
260446819
263770689
264507996
271321758
251990654
252771899
253900206
255167866
256274705
256265896
262421481
266309310
263507834
264341633
232223584
239232354
257812487
258924801
259439156
261040571
260718277
267445656
269992613
271482108
231140378
253411203
258259977
258875230
256691137
261078699
264822102
267684029
262697344
263607765
247357105
258443687
261850359
263424938
263577425
264160096
266772936
266558393
270689923
270919010
260405132
262221313
260880152
262011213
262671036
267562312
267281013
268643854
271874349
276031020
278671133
280388075
279804446
282574411
283124961
284896901
289811996
301931381
301491517
303300177
254761327
257638566
260026712
260417082
262461867
264494519
267730671
266209640
267768763
267955470
237943848
254268155
255782890
261366272
260685448
261524203
263453977
263017001
265148800
263243329
211368364
229437550
241783191
247812940
235124679
236031903
235655159
248222079
237056830
238919916
27425482
246309314
252518000
251738830
256635619
260867686
263353168
260781491
260627651
260901182
203828078
230801320
254315629
251774267
253392268
256364517
253219285
272877722
266168797
254820099
255516378
247743636
255512204
261836182
263270462
263276049
264771080
267673411
267266044
270825549
279385791
241347944
255007743
258519521
262705248
263773778
265280027
266169361
267964187
269687018
274544171
238339852
245254090
253852049
252200130
256785346
254078690
258876038
261455089
262143594
263014914
260662484
266685510
268590126
268728504
269827221
269351078
272527289
271567066
275158775
276048524
257394495
260153552
265818676
268605165
269627541
270724029
274010591
275891289
275626794
278209997
241709989
259556395
260743915
262269062
261722336
262753155
266256526
269079827
268966024
269558122
240203273
258748303
261170693
256331101
257130839
265146325
262108565
264128674
265424345
265504109
238989545
248919272
256235444
259440500
259395563
260431553
266057983
266613240
263195843
265127930
247317144
251332548
256119940
256015183
255829976
256540748
257840529
258110161
264319521
265076181
254184071
257557302
257254887
257802938
259324405
260512483
263271394
264457426
266200312
269235178
246119788
258589102
258956907
261085208
261075321
265496607
265656546
267004490
269915462
270646181
238855362
242755564
255477537
259079054
262235950
261119112
263684966
265394018
266291312
268342215
249883676
255048616
260036987
260673596
258638855
258099312
271223812
267022065
266727825
267846268
247153674
254756160
254101423
256634280
256984469
261847346
261048168
262379215
268254470
269112437
230561979
244636009
254477592
259671860
264109900
268138306
273401993
275837071
281583559
282969093
243506758
263072874
257555817
258294563
259863218
265804862
261329489
267239044
272988842
263827538
233027134
238644118
255057032
260185494
260436431
261615670
264232418
265023938
269756221
266406186
233008076
231504183
251419869
255557436
256924690
253284069
257753113
262216127
265165710
268566961
249553782
251306592
254869686
257085081
258463766
257500047
258359189
259886693
265337399
265209433
238252959
243856345
250279791
260624146
261583830
265738314
268437578
272544394
271215965
275875985
229487445
246617945
246264128
255600438
259168271
261686674
245594119
253337039
247858131
248317860
166698412
176984753
219445286
226600212
233915299
241190098
243079830
243205427
256802107
263691352
70866455
57116336
169123581
213089856
195444041
205692236
193924818
223236413
211357425
200719031
112660461
113847079
47576926
217226292
224291586
254599538
214844640
239797055
219163617
224979977
241118822
232075284
172088920
28350662
222683041
243132945
229320723
247187433
239051812
227227903
261264250
235794870
243909831
194608145
249054476
252105793
235278876
242160517
254364612
244238621
247525042
240133940
249300139
271460197
251171828
252453940
262389174
263282401
262917560
263267740
264808201
265610679
266312510
267237796
249132125
253882435
257795164
258297580
259071657
261368056
261618680
264891707
265009357
267204122
222897112
232865256
259990603
251918123
245644934
253409245
260276185
260143695
183300199
184428252
64155769
91196432
223954704
208799411
209012838
228493573
223875689
222165997
220469567
238653121
164846825
141740098
216978909
228914362
251716230
228704118
243253696
226876947
248342535
221531831
271000816
227785094
26816723
214473058
239704556
229033293
245478230
242060022
232966388
232774725
236143821
235146737
185766120
237290859
223730328
250976590
238710241
258131826
232760060
236552020
248782560
231635443
232178167
248823622
254111101
258441992
259549487
266706826
268962556
268862622
268846045
271558850
272098415
242340628
248268286
247438002
248712835
250379234
261976920
266095197
271839222
194270718
194403445
55781137
118497191
232754263
247119762
232922807
233772367
255390365
240122359
248050046
191265424
259589117
136904482
240747395
247627720
248475319
244796784
246031056
227130618
239258306
257782553
221644623
232953288
119243119
236753888
234653663
241561667
238550351
250575220
253514306
247586960
248088818
250685576
93647885
171148906
203568715
226562909
235831405
244574433
245526869
252721013
241175028
259899432
272525442
45107433
97209452
243622790
248889677
225138083
254437068
258387700
223870561
238107002
229541567
221325387
114664175
192584449
222318416
234139714
243197936
239168925
249735623
257813388
229077459
169454701
165701040
109254484
124625227
202831841
226222822
212947407
220374935
231452347
213351514
222273005
229634586
105257294
124974814
242468135
231368194
236204886
248221777
218289344
223937307
236315954
258231335
207709215
204977114
189360448
226542677
239821416
241219366
242895536
251121966
252984349
252282981
254274149
255356265
27193077
163804279
226128827
257016588
247442948
247819591
258457230
256394010
268136785
259401231
221988443
50222878
118539732
221171892
221319211
232261969
234784437
250001032
240079538
250326346
232288588
249399335
86200222
211253536
229922092
190081212
234652736
220133381
207811943
214693644
235788284
158996823
144543752
47927663
90406672
227044504
224790206
240664845
240439407
233643091
251893576
243513712
246065585
181003366
146177757
213872660
246566435
216502823
233640667
245502220
246291572
246169304
239257163
223884844
224791013
27963391
231419606
238506400
244670264
248873414
244352639
250073386
265921476
252942060
252342215
190772255
228858655
234645144
252065600
252240911
243610031
248345766
258940901
274996837
252720060
253715288
246571559
247239467
251178086
251972070
252853389
253571241
254229753
257695937
261223761
261841600
204036744
249492622
258019652
275695832
282564328
290741286
292652230
205500423
208651785
304180340
139253612
163420857
166205076
227691882
201159154
236453854
220400138
214069759
229587377
214562083
100266781
115039712
99296987
219819483
226629321
208336521
242190173
228016279
244636144
214860710
192606844
197471219
197525011
233332856
240776765
224455493
240826174
242037728
248259867
242641847
266217271
224864206
231801550
201713223
226062380
223652084
230901097
235077919
236798767
236738060
234414112
232663947
237249532
42690074
173043640
208989277
226526870
224068285
242424905
235042052
239582886
244580186
235819827
182324142
42109420
35241770
228081841
222044068
223311073
232140032
213369126
202085477
255437609
179730421
172226528
184611699
129271945
141621551
219274127
243123310
247886994
236436146
242121927
245547183
224486023
222691140
105688257
94844454
124999089
230864945
215892562
251912423
247759027
238647685
248774111
249739480
227736200
235027961
80362713
209214523
231652640
225384260
236418178
242652730
243360224
243888099
244374563
232632483
223722150
40953931
182511107
228737966
233798554
225217067
233325355
233969553
233284310
251668235
239484973
178348844
32333676
242283391
243349141
253994755
245714782
264506689
264268286
268696057
262269223
243994750
226408805
132717834
201846376
199264294
200347898
197872073
211891475
221698272
149214313
157842377
59008438
110542430
115844347
190629790
199752092
202897935
202849672
173145673
231995909
166148075
97718542
97846534
224092261
229437251
225440082
230063788
214955979
191997726
201745099
178620110
183189127
198715669
206483144
199829099
207223026
210300314
211060070
211285256
197668940
203097219
199001327
205643238
198304734
202812134
208863208
212563484
204871306
198313831
204650691
197343122
198085484
211365391
199800272
201795303
203590717
164790781
178760772
167527236
183019572
170701217
171487517
171279526
153069285
160739846
174466923
167823328
169071518
173706575
89824557
29704876
165890276
178857135
132342756
171336146
176682960
176720200
178200438
120970039
154764802
162973150
166275357
138208063
139348215
139076007
27098522
164469412
170189734
168021557
169217456
183846928
186535810
128933388
152720749
169354183
169894129
178867128
171268775
175762514
171622207
28423323
147218675
153029696
155012541
153403593
155378763
160448648
126724961
131001011
139864115
133529435
142004166
101761721
106881813
105713490
106556145
106189521
107098488
104466389
104993931
101077000
102440683
105707440
106536883
75841353
79469612
80452508
77993549
79300371
80289941
77903680
80321556
86008320
53142550
46777543
52131264
60736261
48535957
42197920
53550627
45134536
51278490
53062239
48564886
54151443
27760596
