41542669
38950647
38503227
39249857
39934084
38612648
41297864
38043938
38159593
45294558
38805649
45786639
38061075
41563726
39234390
38174941
40916746
42137166
39084757
38291547
37869924
41906928
38501127
38581907
40143824
38338952
39463870
39821165
38348997
38671067
41405728
43535312
38984788
39093137
43958777
44593185
41025864
41073060
39759052
37822066
38747158
40826011
38687824
37914650
37709667
37963148
38753302
39185187
40094994
42109433
39251378
39038297
37820423
38804463
38204789
38891785
39567748
38037645
39647687
38867695
41794584
45534318
41799426
38267490
39970875
39208053
38224605
39279410
38315358
38044923
39277748
39270903
42686802
38275440
41752375
44912799
37856478
39301098
38693989
38120837
37779280
40884792
41327294
38570972
40246570
38893235
40582275
38227092
39919452
38517420
39944666
39109234
38511194
41816610
38729769
39255021
41273436
38278858
38806665
38134981
38461192
38297086
39756290
38101249
38599302
37981020
38852846
38369878
38597513
38142299
38074196
39338392
38512427
38196559
39336679
38342105
41568676
39018858
38080599
39301954
39435472
37933813
42723948
39146784
37630997
38275743
38386721
41547903
38414494
37997900
41839396
37973724
38383920
38089540
38333778
38412077
38147557
42354737
39449196
41720930
38113243
39501409
38068804
40739445
38188311
39153711
38958278
37799988
38638992
39928648
42351643
39402210
39092323
42005846
37750907
38789377
44625948
38689753
41833329
38747282
45212054
39244700
39521210
38853540
38403301
39064983
39139556
38465004
41835609
38139417
38921320
38378088
38025812
38692004
38579207
39469544
38016476
38809719
37866443
38382253
41429696
43781409
41154297
38518115
38535292
38835203
38112177
38227492
38870794
40123853
38792856
38723753
38564105
38455625
41391837
38417193
38842050
39615053
39083561
39423808
38834075
39222808
40889602
41620294
41149238
38662738
47665507
38256444
37616016
38988554
42066890
38289763
38999580
41781257
41468334
38903410
38675718
45398756
39033250
38934907
38474333
39050209
38065306
38369878
39078925
39595637
38276618
39090104
45325623
41573445
42062831
38555092
38380256
39983784
41011960
39033011
41368361
39192590
38478098
41823924
38813977
41296545
40628539
39564694
39155793
39230791
38189063
42002823
37699704
41823805
44876348
37919182
38534443
42044670
38825564
39175527
38169060
39823025
41842627
40692684
45087631
38407673
39601764
45504092
41685826
38187953
37652512
38301302
37261961
41336506
38160680
40074006
38178318
44451078
47775694
38795057
37834691
42339154
38567619
45219208
38984629
41669068
40354446
38533207
40098640
38857608
38404847
41528445
38551113
38214928
38412673
39321055
39983050
45274287
41457867
38776970
41603688
38402623
37795792
41191225
38691330
41730461
38559640
39066977
38127068
44621310
41666793
39428058
47965644
40894915
38207896
38042673
45317375
47584778
39407171
37855578
38205489
39374090
42272624
38232371
39484104
38965414
38842580
39042570
38971029
38707652
39164619
38854812
38576862
37904329
42217934
41937926
38538831
39007654
38653870
41738313
38834332
38084417
38506106
38867754
38127875
39834850
38189659
39174124
37634505
37936371
39333543
40833476
38084384
38221309
38704992
40800961
47627216
41901994
38005464
37848819
39574876
39383799
39528413
39787638
38655714
41865962
39112650
38406258
41017188
38374566
38413881
41551864
38859347
40915056
37947352
38280245
39000397
41615649
38338358
40849220
39330178
39533979
42111371
45361525
38678047
38458369
39409820
41145178
39347006
38847054
39288034
42077138
39249104
37710728
38330616
39386193
39001866
39090459
41622888
44147669
41902774
41593286
38633418
38970814
38195555
41310678
41667385
38925685
40771504
39886518
39177953
40669934
38448377
38016167
39428776
39168068
38527927
39195844
38909965
42271308
41665823
37721817
39166786
41858060
39064696
42223651
38774295
38245849
39234730
39432434
39874250
38896227
38934156
44211635
38093406
38611829
38080283
38563464
41662115
43707162
41988454
39857211
46037560
37688194
39211057
38247048
42142323
43959766
38472379
38695048
38003044
39059092
37920293
40875400
39142731
39052728
38578663
42037932
37924680
41735405
38021234
39146402
39255273
45528768
41932823
38417545
39162053
37844529
38973481
42107019
38731043
38841455
40974666
40835111
38027699
40978419
42034873
41331018
41074632
39137832
41047317
40829170
39121651
39174695
38037889
38104117
39908201
38303630
44076387
39106222
38083322
38109015
38828162
39102076
41077516
38368241
39494812
39376382
40083737
40856457
38958469
37961593
40082247
39361343
