41758750
39152878
38707551
39453229
40171028
38819006
41490245
38183895
38359448
45832574
38998969
45952421
38196686
41775503
39453853
38365599
41065093
42388751
39297234
38491477
38010154
42124293
38717676
38792071
40434347
38505571
39679472
40064610
38492119
38861132
41632553
43950302
39222499
39315895
44400236
45173030
41165818
41219340
39962325
38010761
38947201
40975227
38892576
38061518
37873390
38119813
38940311
39400721
40362306
42333509
39437576
39260102
37964586
38989313
38412067
39090621
39777753
38175830
39874811
39067057
42035185
46166053
42020923
38419295
40198121
39431217
38384366
39534080
38462817
38187563
39486353
39485832
42937252
38437498
41971630
45494397
37994595
39586933
38899719
38255186
37980197
41029150
41533969
38724323
40412038
39200004
40735594
38382296
40125109
38661469
40162451
39329324
38655580
42050339
38957841
39482043
41410707
38472598
39042121
38282383
38610509
38458361
40005889
38251274
38756573
38124654
39073844
38535194
38812358
38305716
38216345
39546932
38665612
38350058
39574213
38507607
41893096
39246350
38313252
39514927
39656959
38072122
43016838
39344740
37762196
38427398
38541037
41953836
38613324
38137567
42064150
38174520
38597231
38252527
38478411
38629881
38287161
42604981
39671588
41946003
38251971
39721669
38201826
40880059
38358590
39373791
39173961
37949075
38800007
40179959
42584807
39621122
39310741
42251917
37937967
38999567
45124256
38909459
42060481
38953847
45586265
39485719
39747209
39055190
38551267
39288688
39352440
38620958
42050453
38343983
39137822
38524031
38178452
38890552
38791862
39694626
38208857
39008935
38006356
38524268
41572554
44203863
41370538
38726353
38738532
39081145
38251444
38428472
39073032
40400979
39013062
38942621
38729086
38604548
41539502
38622154
39075317
39832185
39316912
39644208
39030290
39417969
41058467
41781655
41314898
38864914
48123604
38403945
37756784
39205917
42274737
38455342
39233268
42007864
41682732
39106232
38866001
46060445
39219587
39147930
38633540
39247218
38211414
38519640
39290308
39852581
38437016
39347588
45885238
41795839
42307926
38749281
38521416
40203835
41162567
39269476
41675697
39417646
38645358
42074729
39012774
41501577
40935429
39772331
39375464
39434798
38331558
42260833
37839292
42049403
45409464
38059134
38697245
42280630
39027954
39396406
38314746
40087120
42070630
40835688
45753553
38562512
39806317
46176697
41824069
38325634
37853972
38451828
37399967
41553001
38307481
40340245
38316817
44903420
48253591
38986188
38028805
42584816
38763398
45860069
39217804
41908991
40644832
38740051
40248808
39061097
38602422
41866308
38743345
38365569
38604287
39553355
40217619
45666326
41788386
38981624
41820850
38566153
37930589
41341481
38943583
41965528
38762794
39276413
38255156
45184859
41875832
39651676
48446389
41043708
38346320
38184731
45975743
48052428
39628309
37994026
38341105
39573696
42491077
38388509
39767418
39213972
39042800
39232991
39234919
38854539
39374791
39069195
38719508
38100370
42454874
42151249
38737621
39194649
38854143
41951158
39047907
38239622
38729492
39060673
38314804
40076346
38326952
39400261
37766290
38067364
39530269
40974737
38228422
38374817
38919900
40937954
48090118
42134242
38172516
38022197
39799809
39605584
39774901
40036820
38867389
42097389
39321893
38611441
41176822
38524536
38585187
41749272
39079726
41069378
38140963
38434529
39223398
41805451
38489234
40996451
39531543
39757370
42482133
46011370
38882543
38610779
39636470
41294548
39565573
39055873
39508044
42455408
39445026
37856405
38487451
39610832
39211011
39286963
41999387
44593802
42283014
41908759
38845179
39218074
38350091
41625895
45665462
39172918
40930833
40098915
39398869
40810816
38605243
38223693
39651705
39404549
38721082
39412555
39118328
46790551
41901414
37858041
39371744
42085569
39272366
42471129
38979311
38387109
39445558
39639819
40110005
39116281
39131527
44653963
38235590
38802135
38226523
38785285
41918994
44140566
42348329
40069071
46194001
37827612
39420975
38393822
42381070
44405570
38616282
38921455
38207110
39322900
38116044
41016628
39341302
39269913
38779906
42261611
38068408
42117656
38168424
39384553
39470069
46171186
42190085
38625901
39363465
38039412
39171247
42318335
38957320
39061534
41153368
40988395
38177176
41122466
42419692
41546280
41227304
39393664
41192732
40970720
39307306
39373976
38231080
38252015
40149203
38504222
44524225
39314073
38235372
38250358
39022281
39317673
41240570
38521735
39739325
39590209
40319701
41019893
39161740
38126623
40350410
39582994
