41080948
38727305
38058335
41557372
77195055
75278786
59739410
54587506
49534038
46018990
96137458
100209094
96880620
99378881
112719632
134514296
139619933
119036891
104964087
45228175
97170278
135268830
130675402
120537938
64594911
73853483
126936276
131465493
130453695
99543671
81771168
77437477
118105563
151082797
163064743
161908089
115867737
82775363
88927999
96999203
94849829
68374023
88858182
88513735
75826220
107725281
144083120
135801638
136298313
95399675
203596130
147036353
139060306
127416844
99870076
89455501
135714315
157144074
158217608
142334803
121355461
44616802
153109509
154221089
163904987
151444749
123761982
38802085
123992051
148541137
149072311
146068581
106753388
37955325
125793450
164921542
166006513
166906086
123589383
38051190
183508009
184465722
164115995
184808612
140379912
166657274
162537859
170474833
171489221
101999318
166690466
170650198
170600688
150345036
101333847
135202977
140848990
143135154
114665697
96741492
101986005
149733310
143777103
141718768
109787834
38257053
81407333
143407749
137748767
148247190
106987221
69439356
147804304
164435423
164198930
155335317
135983445
39017554
148986631
148456012
171230134
165177312
111997053
181097304
187358868
235144002
196051393
241960665
125321850
143325920
134534113
108064678
123078220
73678371
102318112
108509521
101130495
111504878
58467737
49146183
56947801
92282614
195434593
197965935
173436459
159044180
132076496
49028358
136167440
132402114
128080104
102433166
38864644
98627434
109103743
124675247
115616326
106330100
41450327
56651926
116211400
135250157
118222544
68370437
152565133
157324347
159322049
141919524
127125505
156315239
159723525
155554031
156710640
134975654
45274259
96744297
105696958
93339302
73797793
71718188
139845533
126026823
118496372
82532939
38342111
72892215
135806701
121466785
109893243
98625454
38207638
52993454
89640931
125626068
106031706
117557233
39267974
169532217
178839961
165849664
173113241
131500848
154881749
178012537
179240878
185741018
183876683
110295513
164294832
159328576
137653782
147538736
41445216
185447106
191169846
196781042
169368014
151710833
173835360
173218144
176953973
163562632
104902625
172381061
172949151
166056787
160628370
96134905
152304758
165115711
139769481
121088476
132211089
146010576
153588903
158925092
135709611
98466768
160119207
164273414
158210478
164426067
96606247
185992549
172044935
187854021
188359294
172619457
179854891
170546568
195356891
176094352
195980620
174395558
178488300
174352850
198374729
175832258
164410145
153414377
156628616
184007631
120439277
126666125
155015667
161964028
143096188
96642469
133151398
159217580
157257638
147130463
109250904
38663386
171267988
165652104
185823396
180495059
122074385
175266479
165309051
166875405
176595828
87839989
188300460
196695511
186005802
167193771
180141735
144050700
180610982
180796703
183514358
189522376
133554390
156847706
170170954
174775351
161899979
77528207
153166830
136060834
155885224
117606441
71086249
71694348
140896605
127094947
152709809
86167897
92082120
149538977
179312169
185432996
135915774
67662358
45172961
123119911
145257896
143867960
136592098
96139577
92821468
141490865
141551679
128970151
95204994
65086464
103737379
135885164
147670596
141801542
115261920
54456780
129260309
164790579
154189654
149100896
128057634
38429077
145200972
167289989
157662498
165207619
108307798
63320627
135283483
141690015
148039687
117730942
82737540
136604633
133390676
137318418
124713451
56070063
177294257
171244149
167035628
195063171
132896395
124853241
135895744
139537773
142701653
127836506
59210774
59879738
57537439
86429636
141626879
142013288
145674166
130670578
68807578
110506559
132193660
150180492
132809207
114409744
40479430
125793135
144590857
151475578
145575775
121250649
52570171
97372931
142604048
165688390
166699505
125197210
64825174
123346600
147083595
153854150
139228034
103168885
53170943
84515130
92036159
103362449
93693388
73138611
57101585
101277169
152090452
159146292
137766843
115466548
63374636
135297306
143419065
133900311
152802374
93030256
113777411
151446487
146628562
135694974
87906193
45592134
163603093
170321342
178928215
156008200
125478065
164528027
178393212
164505067
167523441
184913797
117853356
173403768
162733738
172464492
165365350
38573008
146597313
148989173
151238860
149211730
96307332
37856997
125364952
139578388
137808741
117360850
110537186
40943732
135101999
167704211
157947266
174850186
110992682
41197347
174489986
175119885
160351766
171861741
130057220
101449321
143907952
146652805
166295437
107921078
56246737
125744521
172727439
152185586
169294746
144506270
50445603
141631114
170805219
171185861
178895655
133358628
38629669
180714813
185919198
183008468
180919910
138524679
94966302
141581734
147645061
148639437
87950828
259517618
243456781
262188180
459077773
295883811
599263995
367696290
319892453
311950257
383871922
303895279
339895397
311105581
315942888
563531273
271985654
237700265
411786248
371902857
356696162
314417846
286900883
239959113
82984986
96052563
90744408
111617819
96383003
71609943
63690739
63719232
41163444
42832779
87934967
167690043
268552014
288061251
505022668
332117447
317386107
302026949
264092174
252631541
200740733
167447266
135658202
90942331
75374395
39050690
72623872
109769177
105727267
69176635
38189573
92036983
103017589
122243136
117225248
65224623
62804864
103701516
140816532
146698018
138961265
114013933
70605284
37209662
176861074
167861887
180875679
149698230
137852240
168290356
168098276
160180039
158722228
115319363
187403876
196268561
191995733
169781370
162841004
181676502
183444071
189463726
187655164
204467954
191712536
177491922
190858393
188236751
177058226
169642412
168938024
175551439
167327876
81666342
177572379
173166472
180482156
174556441
168533164
192733700
192126563
199971437
174626300
182179050
175803620
187040690
181956165
175555735
118349600
69886158
117965664
103576641
120302421
113243701
100627440
101488593
96480354
112541026
118591558
97747938
41274966
78050869
129548027
136811075
120833083
86950597
38851444
38718174
38503833
73660307
95603870
103103462
135739708
120073864
159978330
216011822
280193925
270610341
271982936
236020058
259851094
155899136
145742549
187521224
151457997
131002527
107667266
50281388
52715177
40459198
49796131
58433223
58977532
43534724
40246546
73518884
74348891
60212792
45333721
70740591
76143213
47730426
49029713
41760811
105107934
105883467
106196108
76687212
83835980
107792002
118916324
80418941
46842922
108746213
106660174
134315240
119743992
127488849
105769234
99763842
176568405
169329898
185185000
167075121
146978439
101282163
136178231
163609456
186787138
169840371
163394369
90446347
105815473
139732224
160176437
145000839
138865452
65946443
105173008
148845072
149118067
160695259
134391528
53458558
95809436
125105036
129776218
137317685
60425644
44901833
132467464
129502131
130354873
88031708
55792409
71340156
95905868
86968043
68735820
57372532
91696380
135005256
137636587
123424913
87869274
179455536
181148814
174714175
160178478
162941642
157540259
172481125
168297925
172603866
174299209
79558547
157305140
157436203
178793373
161110336
72594052
169167209
134454553
115908694
92531102
435481676
73460733
70147644
143377780
130162452
73061296
37173593
37711954
47236464
53063290
75055064
98771966
104870151
83074892
87230295
99176892
144487056
158038776
148475197
132132173
46409065
134792406
165280846
167986019
151604931
139409313
47844508
163522021
153754901
168993584
181377331
103715381
176936086
184779118
170806392
174024478
172736570
145173706
184587193
177776056
155586112
156630873
38201117
172960159
165291132
159178613
173393831
89201799
134628562
157274273
140385452
173233666
92809115
38052970
79851419
112798746
98106220
84872787
56159585
104641264
137152310
154719195
161997017
127183090
71435998
47744018
141779376
161008166
151223053
154423430
110022126
136181554
148291065
153087145
141799718
135956665
82729218
127666069
138766885
152242053
150007762
65304046
37951379
178442085
176936377
165779884
191886529
135624788
171237406
169350503
165220872
166267446
95928713
146436189
173219921
171597528
155237912
101965062
103297241
126209363
140073344
125523275
130614468
129493859
202856281
212704754
207440069
203966749
187168579
172037021
123620032
130268313
157653607
150244813
167836048
137517633
63307262
137816043
152871465
143100111
148131875
113918313
147745099
171474329
173297046
159429869
156790822
70485167
173930093
161709455
163103207
156064855
68305862
170356419
169623660
172695015
164120168
146543833
143626852
176192106
185415192
165427117
116871795
72465767
106571311
109437980
137483115
130383781
126418085
113818084
68080258
123169104
143659232
143519450
132821138
104837791
180233052
177630436
187769117
159550751
164861397
172731067
185201184
180145450
181338232
196122982
109158437
160955256
152806671
149631595
160587695
41653082
109683716
160642965
172049428
182615320
166358886
51083864
147780416
160203143
163642718
150499153
126204355
111966209
143450657
144162930
110062334
100897964
131265116
159592639
158328446
152730024
127264770
38457094
155934353
166469186
152597122
165724909
110011982
121591937
157007875
167819694
156728985
162079452
37724162
159423297
178043529
171963033
176684765
146388706
156635925
171052931
181107611
167822802
166172954
37746177
167521056
186028731
166887400
187136434
118009206
162815379
181114815
174613594
170798007
108037311
54378369
53893098
111154568
108397531
97033739
38036266
151277065
159585299
169438863
156342810
124681772
91368334
158350116
165633582
170169914
186210753
57034609
148973543
164816174
156794888
171338799
141423386
118194055
163936731
165475378
182062511
170605663
42993527
184761902
184500334
184259267
184781362
150034012
178475499
184130231
193392998
192532305
200693384
174526059
195402726
189123766
193993003
185234940
73389643
66161753
143681746
139876272
148018039
128940291
43326162
160828536
185848476
187029978
175870920
150985331
192448762
179298431
189252837
197480777
190693303
140325098
174585609
168628146
156972570
170937598
38041451
172889091
181107957
167074254
179213601
111380777
183271810
193069016
180415718
175984311
183265401
149670885
163328335
164432398
162464503
89893633
131743419
130527014
126504618
89018000
82774589
37973455
103927911
182875428
163822315
178284105
151079453
49028005
146441545
172948350
176951132
170819268
150070213
37746898
171825632
182499828
175941246
180430207
113712786
194098587
189566946
199477768
197989279
181193461
185503482
204089791
192160975
200094085
164205986
173643522
177261949
181298472
183040227
200337829
174728286
170623259
162146894
181032628
110700349
170963179
186849261
169541542
179810679
175640392
127331804
169659146
166092825
171036687
159516844
37932358
160685995
188712731
168877025
170175471
139751087
99687064
143369118
150706865
152702819
153732301
52558656
125028091
161962068
154736089
160517604
123134200
39056164
148006626
166049515
174258914
159033515
134069073
141882085
175024921
168478458
176816690
143603057
171500832
171652647
168218825
168514952
136918744
55449710
88276752
160278919
154197778
175208414
131239810
75582183
152752870
174091512
186898017
163932173
145028026
66791624
159496194
162726583
168605044
183397457
84977624
155957146
169963426
182899994
156573443
157373294
166494781
178230652
170044416
170603972
178712704
137849793
153324020
177925132
165299479
173521717
38563769
105081061
154157615
155407832
169280720
114292333
47960394
105245497
133451644
126236800
82603442
62521707
151604219
162034211
151898438
153544287
136437741
105351722
167835246
148492064
168115999
147051127
49108488
170573324
181025557
165641198
147575220
178087882
185263583
192719166
170818293
181748587
183429281
143803401
145517660
147520817
153570697
38955899
162559869
172307484
172806276
181797122
130553193
82679498
175740297
176815798
177908154
170836523
69053052
132938251
140094773
143851694
94857726
106816536
39496514
161892120
175215243
183167979
171943806
126448556
163375947
177343396
173880703
190105581
162544276
57867855
164485285
163389561
176219569
171713284
85273902
164870649
165004913
183454222
168098500
165844052
173546936
193673271
194559682
189843715
191018715
182428731
177959495
166630892
174965384
201345510
174855860
192106836
160862579
195222998
183741943
38581760
70164786
62989929
56261352
57353833
47323617
139667926
164750838
169851520
161447294
133776962
37757084
101068378
166419612
178307240
177926177
145084804
56835501
152335765
173363889
170165947
174746362
142986081
60852234
149083554
152884904
170402632
165172775
57808326
187354808
171469181
188033710
161129091
184871642
187732876
173949612
189927923
182014209
183108817
178901180
170126001
182874906
192595029
126047974
37943345
170123453
180565894
168665846
171992766
138061285
41360331
152457806
173378723
168614041
163621786
117252287
175945419
181018708
172995832
163387180
179908130
183571069
172950693
197598690
196432847
177253671
182182534
175155665
165051210
191952947
170253887
173226058
175895270
190671375
192225931
173145649
80454287
163552209
160238903
158021911
156353787
49516684
144097784
160817083
151633333
152579247
45477550
40697936
165671607
171079459
165066004
190247365
128986605
173531596
184545637
193986315
169192181
158814555
180242545
175776289
175830022
173200431
196535783
183164714
192711738
183857667
184790641
185847552
178667584
164491235
175553803
182153252
188910100
89932128
166334793
160106360
179338832
196467143
70597161
184265527
188196009
198971914
197208665
135037851
38387227
179252977
182673789
174923624
169950612
149962472
193415948
180936782
178058776
191889998
190309722
176627078
188658966
189752393
194536485
185347743
186483147
187560314
180519249
186452943
181479167
179747505
167593153
185193491
178900935
186561513
248805096
243700892
270733624
240662520
225138643
37914047
137502428
154709050
160904093
119417585
112507134
151263623
171254490
160619419
178606993
156469848
106252468
157858491
180328375
154155840
170793984
51342154
154334547
178153980
185459161
163118452
187044565
65496768
171670288
172390737
166514360
188470067
82733967
77971793
88315258
46746918
37866411
51661816
46789784
38606133
37785092
44702369
44673351
40908084
48594119
46378460
38883997
38978494
38794589
39008194
63772962
133667107
136817601
126244792
149059582
74620128
101394675
431997598
455967190
487717880
471904514
579870435
579902319
575903760
482268506
591840379
539832395
495792463
551980393
451951659
419930865
459947794
427446434
515894832
434511280
442620739
516416093
464094878
403988071
346956191
292333601
203848161
164042184
138828958
117774991
143161801
182709720
167722437
171531314
154224423
107765261
87407800
151996525
138889980
151006998
136444569
57808621
140352284
158755619
159749864
162958690
147315512
53540177
60871839
151889159
156713249
170628370
151239678
89876538
169639187
186241622
191993789
181582735
194099995
69171014
77731044
148403445
152339890
144685184
130361713
94842023
69669018
174102042
185723413
153612652
123526349
124589217
70093893
54654518
87775766
115897024
136114555
126619175
110102958
88113910
88855632
143860004
152223941
142074003
126345077
83745298
148443836
156107738
168616020
158600861
145762903
76267593
57919626
140865082
143466819
149722793
124868665
60406767
89814975
170800335
167073893
155396970
175266699
62585783
169285229
169494177
163793546
174208311
117446227
106374154
144492232
158708500
141033381
89941963
40815995
127668859
159461980
160232444
139776588
113409339
118709812
126988885
123702411
105913528
55965135
93887231
159323746
127374719
132544886
102546668
53365005
113772117
139694889
149748702
117144012
87225026
86367862
154387251
162261202
150593068
125462115
60849718
121407929
165214119
151173417
148384110
91917969
140563465
165991181
163207865
151250600
113576530
37042696
134479310
149399282
142045068
130737928
111063989
45900740
83211187
166723560
155687319
149387696
142113127
77176729
57801306
53313523
52856614
65187939
70640259
122793310
125373533
130463774
119752002
89925082
52324628
107557961
131430060
134318989
132471323
54032520
40478768
191595700
201260849
221808053
248456100
163911943
73128478
186492941
219038508
147379676
201213945
74845649
67466564
88376789
106619943
143390333
144608782
148887620
116103524
85318163
70669158
125711034
161059087
144937123
128019088
94273444
43000905
56649368
81361594
131372936
120425149
145134020
130984982
117328384
89552679
97198164
129473106
129037516
140363992
93266812
132815305
122226803
128485330
141301619
139640479
126382004
64772029
71492731
130760429
155782246
136907255
135820454
108771162
173349674
168973163
171739892
147395751
136265738
88593166
121457845
130358309
118085783
106474058
86231947
109354071
120067321
134163174
112898728
95364571
67489752
88615619
139474687
134219323
123871175
94272369
104106282
107762530
122225451
96938766
96225082
95859320
139573249
138553843
137780279
122348467
62109534
125432082
137249446
141585116
135111310
109651530
113494921
121386471
140265973
158388434
158953192
91483903
61916067
158502747
166694570
173201334
155770292
128468592
146972592
157417139
170525156
147060711
151984059
45423606
94870683
120560552
133029034
107103632
105748683
65272444
44977832
112817685
121123419
130530155
97944063
41717376
77951662
67729850
80416708
119237740
107913871
78341011
105258005
114570754
103729251
90533827
44396129
39087112
126285124
127117831
129944761
131312696
66020047
74164047
158279582
172386812
158295872
137037662
76804429
38370100
166086149
163672396
174337439
165307835
112032879
162594380
171629729
161678806
179040552
172299074
69808920
120311334
125914401
115000824
96952921
125946764
229674182
220089656
204860076
188165877
126111858
115980891
130141126
128090826
139723074
162222081
140537975
158893433
134522800
157769300
136372501
167228741
157939947
166593101
133378653
120948492
132150826
130637467
122256519
135293972
116560831
88943200
98139179
146661948
139566024
140629301
130844902
86436329
60484213
110847951
130828500
128495675
114233379
73556428
55382550
98374997
123613957
128849430
89995932
72378539
62979521
46335240
112295993
133179316
136153537
111217264
87092235
121628629
136698846
142663728
122835829
72684232
74636292
117859469
161689834
156607572
147273249
112496749
73490351
176429344
172222598
194402637
157766870
171915803
93975629
128288928
135263683
138166608
118617928
142530035
94276757
128184105
156485181
149092472
143555035
93403205
40273154
75936128
151646775
164388562
147562796
130301404
73638265
107510584
133691375
122951496
111561436
38062910
97280124
101263924
105623011
113454023
81692956
49666383
37648489
163574237
162708587
170798170
141874441
101043479
110739757
144605663
149361162
139415298
63231273
39288164
100930407
159199000
162313144
166630266
125726734
60652364
170612616
156401507
173160604
175459002
87261253
171187124
187006713
188628049
175880795
155505605
132150427
160112355
172589368
177234058
178440393
38599929
96909747
106352229
118669124
55921121
76880821
79764465
43512843
129713977
141751230
147050638
134531666
90743437
74776334
145521622
165107851
144449626
135728491
72720306
84536309
136966368
123130739
141234554
91839658
44994097
119726172
155724787
149685027
141940011
119013640
38113564
156869846
171136590
165743262
150183447
124843427
170745032
186025536
189377232
178101928
179256394
181309202
189223400
177595529
198126851
189994985
101755514
144431830
142127241
112611474
91819430
151728412
159537224
178644643
133876068
128737191
58349802
50599006
163342081
169800558
170403351
146925987
96117613
173741635
177847687
205656497
173364410
167497784
38742914
170024098
173879612
166511145
167350286
97376612
176723093
179403859
181820524
181829659
166720009
172617049
164932150
181894468
164970175
165338048
151665727
169653683
179664246
163653361
166930254
41662342
40505463
176111864
171762721
191704432
192581261
198867049
154323765
153715445
157563916
158607175
40378133
187765681
185058679
190397154
191019400
191201618
186643242
185586999
193298625
180158153
177212883
181168869
171226890
187858067
196141039
188991365
146936879
150790889
166688064
173869517
70411693
38425460
179441092
189518266
182701113
179184033
198328572
144635627
152953866
153861269
140729987
42088799
186723609
183711538
182861869
187183484
191536151
192574663
184526377
180272856
184085251
198797513
173331190
181074000
161385128
169897715
170441826
176056330
187914596
178655737
196210905
181030570
157831082
177100219
165521638
158074509
140075797
39025526
49547663
114440931
140418687
162215425
162610360
101618923
38002267
167198482
178722111
181011255
157252012
115928541
182436268
187052182
176398414
151630378
164681319
140343998
166132542
175985401
166059297
179160028
39974275
167225548
175522242
180457630
177019511
113457902
177429480
176108188
190775788
207412074
180840628
161170195
157298460
158530590
171910791
89416711
55742800
49105846
138966580
147745598
155139385
128836973
67617502
112254967
151619084
140903442
137721998
77391156
39841045
133664798
159291033
162621356
146381128
117584764
40776114
187651660
209430850
193655123
212957545
57013055
157134355
164646344
155413234
157792599
115188800
98901190
170795008
169067922
157059240
176116937
54120902
181346921
176366737
185059466
186240991
160370968
156383425
170415948
185188623
177983397
98936095
39012288
141884626
140772397
146306526
124381600
37976393
145962029
165511866
156186909
144192564
140865526
170022313
181886055
179818327
166308781
167719876
181014749
182269997
166871270
174859245
176338877
191418775
191360358
189324209
207414627
185403698
145489880
166544548
172846216
170834582
179086549
40734623
137719619
138213503
132576764
116669710
37847838
162023126
179946960
171731948
164396198
136607188
37623670
146090800
176106278
165392052
172823886
136325660
191380038
174801280
179584379
186162244
157151148
175064372
173531223
168054506
173829333
168421283
146031782
166704813
174805597
174396774
180375203
47132645
140009066
150625022
152904908
161807188
111247440
37801805
119838403
145478606
158877266
169484131
120293851
38586152
123991374
136169689
153572517
97762956
131379229
66110610
121658520
108668773
90456175
37557072
37693679
88480945
149391166
160161410
149940326
126369842
51479714
139334368
172240368
168699559
158120964
128128140
40740842
176358580
168470181
184890522
185106066
119018503
159535703
168522216
162473465
170959446
127346689
135654272
163568327
192831287
179963871
183798087
51177562
132512190
150173562
155022871
152410330
118818914
38123556
78297793
127863553
118860060
127946195
118148891
75707608
40793481
38634008
85336070
92320210
60260188
40006620
68733716
123685765
120054046
119815686
131547708
76926231
88018511
115894504
142971916
140465317
115782347
95868228
56353766
112675978
140843583
136853231
111425049
120807315
38420184
110384946
146350427
145046111
155975027
118166880
37896093
109865330
161193361
145521304
163806645
145767640
47970956
176100191
167490552
172871818
153163044
135446049
144094571
154105498
158852651
141142347
38692678
45941060
107520392
104681741
95052586
68139462
38507712
38509962
133868071
140152807
129344369
142478694
38121220
111826004
157407396
156155181
153975817
143745658
45033291
99357752
162511645
154034392
146724002
123864847
51365046
158556739
164289872
182456704
160644693
120658745
159523210
174639401
157753123
155968377
107418904
163405725
172312877
174396986
186196127
132301175
181608394
182547437
173837252
167141715
163126886
69422784
105377624
110681225
110664427
86259410
50906424
123573723
146581696
153643575
164024736
103384413
41500662
167861849
179831594
180312540
160837540
130137258
148196145
167584843
173479675
170903791
178846337
39100848
165648507
172547837
173428659
182385224
121107534
160831559
179358751
174276525
195778976
169929906
58649077
161173049
165609873
177598500
170090866
87653084
152733382
171150904
167628479
185713121
101319357
37735561
163809081
171188730
159817964
165490000
97927087
128521504
174701858
159078981
160099427
137101008
37641791
183851392
179605456
171974589
186896615
139517477
136716325
170665112
182137013
179981493
176938647
165252343
176090471
172209325
172933112
182004460
108064781
164243455
154582945
160354315
178863154
53781563
185425378
172351656
180903324
182194942
146591164
38534295
145381827
155126888
153398890
154698170
38459143
69366824
167603813
168898969
157450510
158260614
75815928
131111051
169100373
179821137
142523287
170609597
40295516
170900793
194639554
201701617
195790303
142930574
189829312
175640966
188272954
190717282
167196032
167793008
182716871
184820811
196576077
195007761
171360267
188266454
193072588
179817921
180824769
163668137
165935488
169603106
175468644
98818178
39001202
133250724
150645011
157412137
162014801
96785178
52326516
76030398
98008403
113242046
126400501
117846963
93702580
62796459
112571182
151247888
149816728
139557296
126541260
135955225
158470698
161649824
155452187
160485642
37452515
122783489
153365393
166064078
158857496
123218375
37602454
178067742
180028517
190770522
193869466
157377968
121293379
157218675
169602531
163699331
144792632
37877329
125510790
121753209
117293287
67935995
49049600
85478430
138015890
142767608
143877009
144952457
73348859
52252695
108669020
120550369
129735181
86259992
40610433
53094338
96109888
124833874
125529045
121773777
91546556
50558468
68019567
121447705
133159654
135709371
126186091
76564612
48389184
105074007
138484351
139440955
129079943
116736320
65580195
86683587
112996538
113467314
113688041
111660486
71851480
65091446
97210220
121080133
133048154
114820370
92803363
44757604
86457305
103739496
92308105
63399283
44717558
37274866
93795490
139348020
159877029
133113322
143447926
65282645
144986900
151796528
158416408
148085773
126080757
116557358
145040086
145071902
143162912
141243124
41447802
71383663
150067529
159312012
149712338
134836321
76678827
183555526
170515802
193104719
177797473
162598833
180192259
187288742
196312608
175130140
192350032
126653041
150499463
170919170
160553794
111361007
38264778
117529917
119731392
149205756
99540545
55667713
170908929
184524007
175503406
159286833
130534623
150564818
173131413
177145582
190129991
166850561
87514477
131813191
158908468
162304076
142556538
164000532
43480440
153171405
173355076
172935182
172995161
140371471
189688356
186139324
186297851
194646197
178699956
170853371
181999894
179919675
189297017
201684889
40620797
140575498
148095323
152995385
118002469
85156053
106876529
120935427
119045582
93105222
68519612
108244476
160581795
177067599
146753009
142234505
37799239
173940284
186398187
189993921
192539068
153620783
173937689
172637241
172059697
177530347
186113043
130511880
169600682
176882369
165265850
169754081
41054165
182697952
179581962
173548152
174993838
129948654
177137661
188789362
187692746
162016824
171773466
171836471
166066280
167543933
164561291
95411128
65556113
59958759
121628701
124328789
137472272
69947333
37622328
133926768
160833021
170505045
144315530
116822999
101872783
170170652
166210220
169612042
199028357
64266899
180822626
182036497
170391171
183692545
154803838
180553861
184817035
189951993
168632899
179654243
174304348
186387799
185145351
199176417
203884988
176127525
193277171
180352396
184995955
183484482
145580808
163525961
171528592
168967912
101865632
54314869
82448864
160928183
168827637
178561993
132814231
82151359
174699958
176122901
177784145
165666825
139633692
176450121
192153654
193216497
195701409
170009335
174956953
175069424
179601330
180536748
173370940
161128029
174045922
172759503
176241634
169404606
109619891
166132808
154262734
162492473
163626782
38427154
150561141
178335565
150989103
168652915
181677092
38613992
37759381
124837437
131082995
128111798
85639196
60408558
163853174
161810496
171126254
124203813
132941266
173496636
170208446
184947180
153801808
162220347
182047358
183953175
178786891
174963142
176701438
165582761
180375762
178908756
181384753
182180268
167058232
194284340
191688567
189311022
180743771
260353147
273638095
264153455
252277404
256543576
97600919
113906361
119998782
62615690
45198413
47275513
54402819
134014941
139266264
127417085
152971494
97577171
133301550
133462765
138060515
143409421
148191877
80901612
136440670
146926472
146436356
135059900
53711972
38567402
170436291
181517217
186225947
166765778
126540208
160183801
169989125
161733832
155868604
181326024
123930595
159037484
172015395
157551490
149045955
38743140
148363334
163474972
175784747
180786837
127431593
37875231
80646529
77015202
61191302
55789403
58484335
90637172
123235188
125055258
121008983
144899473
77315565
50713277
73945719
143174452
146277430
141769621
116172801
77826696
179996342
176171572
180347383
154951527
167456801
180270290
175551089
185657896
186756358
160649660
181250086
186868824
176750518
170233388
170784486
182035584
170459587
176630648
190089618
174908915
176144233
177353231
178668183
184356557
191390740
149465063
161246369
178816585
169996469
170311826
38866078
173474113
164164700
166127391
171553795
109002943
180042465
181887705
199411337
199625984
201318028
168298164
180822026
191532972
193974350
179622057
187808135
194741606
179814872
188365946
176942019
172764980
191391769
189827110
181537702
165043945
132140868
168216002
177086494
166241897
175709894
37720763
187170401
175744219
176793913
191728550
137717243
183141137
188246430
185005058
170779518
171592531
155866373
166602475
181409892
181764033
179993559
180187773
171630470
187556661
189746031
184017534
146564664
163115397
174275927
186371466
186891183
38829883
179978661
172225563
182878791
177509227
119386943
183174558
161558112
192434759
189217129
190033551
40636721
114565408
140860995
155290661
137605616
58631122
111812327
158838379
160507129
153170661
170202939
50438575
185880037
179945979
183870821
173479361
146415695
181520751
190670966
184096797
181436390
176719650
188845866
179160212
185802076
182283027
191817242
188479281
182042283
182795208
194738427
200156141
165767281
181238514
185022405
181053252
183749799
39987412
37763031
121941568
123009191
126175414
85404159
55628894
38366266
155850319
157961077
148018217
122034105
38096632
176769175
184229897
173651013
174382972
129494627
177812607
179231374
191765051
191061177
198844902
195589654
196269725
184190638
188298234
182760914
40845147
169957993
178962341
180468834
194505157
111147109
177910299
159963768
186007916
174737167
180290964
37240208
158550317
149418282
149067219
164787359
55668142
145272001
155304414
153161014
146450213
143513307
47713584
71695357
148067802
155554490
164329463
134119797
77559334
116521648
152058787
165784299
139391595
174699140
38382256
173914347
174115335
186102109
184732738
143073108
162430613
171248594
164692246
175713800
162790631
185064602
192372312
180857955
183259593
201303711
157455107
172804010
172130724
159553373
176229291
166438196
173388666
175421473
178183794
164829200
74049693
163898759
150012130
166681060
172362003
75983401
157318581
183540029
177076807
178084960
164523102
90302922
168455413
162045568
167977046
163649650
58881505
143691481
175206318
180293556
177819470
160047532
78287334
162899689
164337191
180238346
185423983
78927039
192051603
186558207
190800809
191751749
163212711
39082556
164908407
167156657
164364949
175425426
93053075
157427274
179395052
172676059
171157932
156334551
170717660
191233465
200831711
177704569
178357488
130062579
181929263
162528574
168771326
228393374
183700801
285128038
316390987
318688307
288740611
257470577
179659861
143056487
90270449
154272131
157850357
159293060
141193875
121757019
152470948
158526386
158497111
145322923
152351826
92274386
127184335
139312659
158705858
150416025
71012831
48298606
161033840
156305749
165037751
156649997
128319744
177606378
182052901
176653275
170056835
166628623
88248495
153194020
165512640
171070481
171040582
37250801
136217283
168315627
168851066
177820003
116167608
38801008
164795738
172841759
173271664
168717978
120835208
167367337
179511557
159875510
176485614
185806283
115512598
153257636
161655360
141475925
80281667
37926063
153515302
158759610
154210327
134493454
115730265
169884290
177777510
172988689
158142765
160810977
87440239
150674044
160510352
147630664
160551737
61740564
64341723
159530893
170705705
171382571
154682514
83183786
184194039
181995561
194683882
187256881
168222873
179208413
193719087
185359843
185960835
188908875
179878316
189994818
196696483
201826006
196012452
70362981
63766573
110793413
116086616
106714395
99920775
153756270
153947258
162098031
160806051
54710801
120154830
160865435
165799629
135832286
158853416
44257163
147511571
162130891
167907069
163900401
103213558
118705036
176229419
165942361
154477291
160835199
38085928
167366971
177111142
180030649
184388900
147217083
193892493
191781992
186812685
179647918
188591009
174956665
177015095
183598137
188131046
185499233
41378965
73491090
118851701
127811501
118709562
38671417
92043683
153944425
142736765
152031931
95315798
38666492
163169584
169476750
162367025
148120561
113424644
165610743
163622360
182590217
184016510
160125273
112369153
167747422
165640025
178776044
175074267
41547118
181291692
185953591
194716796
196703863
198037603
176003721
168111128
169468550
187747518
195883226
113717121
158333912
168243525
157993314
166367695
39568800
37146392
153512339
152350001
155804538
139086506
107643374
173576064
176265241
164625897
159288608
164557922
181407955
181202820
184936754
198616375
195974575
176782298
170596864
186960469
184891471
181185566
166502735
181891835
174750733
177267858
177660838
150288711
168865280
174780276
180006428
172502204
70537449
170546674
163042390
163575440
161626219
69865339
60119830
52151822
79365879
94501256
86171553
143022017
169417032
167809086
152385092
153652665
148405821
191513764
191188149
191932229
185569032
121610073
138958216
149845326
172968211
143020479
156627226
133145567
137391139
148909425
149026957
148807390
83503670
108700232
140205863
133799055
154061898
107556786
74180210
164707717
160698479
180242166
147669718
134739953
72573254
169546377
167563899
154853568
154535557
74721531
79424735
72802901
98311324
97913760
91196281
137395405
150302759
150639302
168411148
140511641
83463635
150711555
151489764
163899989
168810764
64189055
93428341
153862837
167989569
157851394
144672871
50205291
190604525
223978822
242447089
128520804
244585870
127361114
152453892
145812040
134672016
118102882
37876578
117402202
147512447
136539616
150045802
107213189
56593768
135826535
160687933
150179066
158008750
89593193
37779394
38129924
77020501
107716189
106027081
84248793
64050562
107750086
133021174
132898048
118050200
74932661
62517370
105066964
152648543
147495873
111589294
138175450
42607872
161365531
170314905
152114182
154412047
129081417
174700725
172031174
177766341
200002304
167992020
38134252
153185326
168294834
169716224
183816722
118152776
67801546
166580221
167186446
170092693
157790658
47980488
182863171
181979351
171988218
196267268
197130251
142297254
167943037
174528138
167283513
168937487
48523521
162713243
183205194
169388162
170236055
100989910
184167255
194360548
191071933
190165183
166902474
171726245
192028881
192614517
183856235
195974309
194814763
188988804
195558361
201049058
185462193
170855692
176313031
184935975
182124710
182979870
90634451
167344739
174991649
181105103
186013509
62155343
168737969
180520109
174488566
173966843
160196310
103107906
162479981
175230532
168497834
168907817
40427358
184334204
179172409
196871152
175656564
158971897
173316954
182297216
175828310
169107634
175787768
79726810
160167835
171545171
160273296
170583055
61830519
139508498
160282915
152721325
171432530
138558288
40593730
147422383
159345264
167815808
162087620
110530847
41244663
76685914
80650819
79174459
66531857
38733684
162011424
171400933
164533668
174365879
116058160
140752001
146696772
174050424
179644094
160555240
37649034
154268545
164406730
172069396
173108154
129450400
81903463
159801645
166293038
163398553
173517377
67076426
170416831
185567261
174132005
166148064
164470974
177366537
182664637
171243864
168488811
178534883
36931342
180527181
179328195
185794554
186613945
136653095
191664639
177661408
182010184
200309105
196687552
174529105
186236931
168829671
172813067
173693642
160855435
166002583
179754401
183944254
170829912
38733671
207337900
211747179
192482287
165794959
158752601
108679426
108364051
107364388
102042897
138956073
136731234
169669634
119103548
67847327
77783561
145026571
139340871
145734078
126325020
75116540
122573758
122972597
136749377
125144844
50065108
84596291
117550884
133075603
135131050
137710153
38148242
72003131
157918389
160284336
157106385
134216915
71026867
137868717
176668992
159160278
175057299
138804120
94695372
155751356
160215680
165779637
171126978
73357471
100320882
158908590
161404941
148390611
179242363
51095780
156620233
172667097
160579778
165642651
141449572
94328703
154049059
173165323
181801847
181305600
64009545
153545118
178968085
162987568
168348072
106544311
143673024
175092996
184267164
164157065
156820442
39788925
133850039
162790681
156152598
159702468
110015023
38294050
165043036
183864869
169615203
169948474
123016195
166786948
168133516
177222773
169389043
182791692
111425134
155947563
169461429
166310016
182401002
39134523
165126300
182868930
194831479
187644200
150871014
166372163
171492007
183614386
177658924
182134798
130321731
131143390
131301384
109294769
80195308
61917905
150146873
149261427
147485610
150283640
89206765
93813584
146953387
146028892
149554299
147842908
59570876
70300650
152011892
154437833
152843063
126431319
77332014
145642676
177329287
172081161
157687199
146100158
61776553
147778553
154523339
164186803
163534084
38925527
180841513
192978888
183984960
189346829
155596998
173358661
194470362
168438969
183198015
175991448
127538713
153157816
168211379
153589504
92535079
133252857
139691633
143191893
143288997
129080045
98434991
145709648
145695575
153871032
143525563
54211575
54089152
161673498
166918655
184379485
152382203
96773031
164057831
185615685
173295783
168842274
153928757
65190987
147303486
182858038
165986702
173434750
83843496
176012158
178911528
181110771
185416053
162634400
162743671
173803569
163176344
170801854
172494045
38475729
132008102
135831490
137837775
94369630
41656254
45072026
131301122
138565842
127190266
133227786
55116391
51665167
60181185
88589322
94686415
91501017
46224598
37893831
47448988
39964977
37539129
37221961
57794334
64590822
75936113
93821095
84411803
77392862
56604553
52263768
78234233
91576165
84907679
83775225
60291412
50672999
56507292
89857938
105980083
99755095
69920810
37189764
37580936
39093878
76068562
118700059
122966867
94403091
66267881
53025037
59967862
86184019
134616948
134517236
139922475
125967550
65889143
130646747
135930572
150940007
127344259
117892167
95226653
150124310
160896632
145101753
146354616
93233783
66450490
53178181
112954557
132370853
155102049
123453221
108900084
38831865
100522156
154308987
160155020
158035548
133137264
42954560
104868348
162076282
153231320
147968566
174762469
38519689
140660490
154592870
173986323
123184664
109446732
38655518
39024160
62913435
106668694
108632132
130575912
136853232
122776473
98293343
91907122
40250394
172849853
167221055
190338785
182173826
139130651
105402827
168673641
162310898
158873881
148254064
39335396
188122122
196124421
192788273
186225417
163785548
180537629
190112449
195614753
210510448
200263227
170033109
184195190
184053330
185523711
186951843
96515701
150753892
158953889
143029987
101572539
78756398
105546664
127051729
128872105
144463662
103676853
94251703
55373187
93332635
99018093
133130355
137830446
117877484
59272344
56918285
123427367
145690976
140464933
118003628
96553382
38896290
169843110
160604032
154079726
151095109
84685822
142630512
164950657
175899673
182485420
150372357
37265661
172434473
169743820
168869005
175096630
110863035
181257143
187102800
185401180
200229798
171269816
134579391
134066203
134728265
103971934
93538062
234020084
350491673
361046778
330227631
362623426
241664845
41949092
152984619
157749125
162473415
140355831
131752387
88555739
121773389
150279400
163415328
155241143
67183402
37639857
165021530
164732675
168052716
149337602
82660002
176836413
189928703
182433377
189660205
167388862
104832405
149887297
154172612
172341007
165052126
48507619
79504677
68982455
115618232
114933516
129386835
56877570
72441244
145439860
147140952
142512325
111882029
87485315
50508132
145471846
144383629
146775195
147790150
95230052
99159804
167127346
148343632
149964876
147228664
37451519
176379600
168815629
175166509
172146408
137965841
173204541
177641910
171827394
187402633
181888644
191896770
186256602
184731939
178456865
169002789
129839818
162415965
171413054
179608963
172767058
38636704
147165082
161831692
193788586
191592227
137432262
72330548
154247812
161261641
145267309
149499700
72234760
186897393
184454044
160624543
178415853
175960984
164340147
196458783
182532463
193069252
201386134
133580305
172764049
161340184
179222871
164921082
40597278
182296632
188419517
166949424
174336629
133664752
174048453
168660909
175541203
181268871
187881564
115994627
117177309
138830678
86144466
96794049
164489817
161538493
164108512
141814582
143268638
182827795
206376990
149790048
150247467
151796173
142384438
158490444
157630449
128905433
126951438
60178131
160474522
168068372
152045725
146085495
83637432
137943785
177856232
173739989
167262075
162425191
129297931
169281381
172076270
173305720
175931287
37885863
172925786
188777425
190196582
180170087
139058283
138097278
140942135
146015014
108062853
109778114
99793967
145762013
147051595
132664230
113173555
41215476
113032802
163478217
158632493
152189566
117151329
38171475
183225159
195102689
190559679
182197138
149582499
152127248
169566583
164354168
158291664
185438874
61671362
148673314
162142231
166313052
183759283
92816284
173181053
179102603
187142362
188322617
149405168
141901651
164873278
176837175
153382901
161824960
38671212
148800377
151094639
150608518
114369271
105692655
74482256
144392429
152182021
147480359
134670567
114951862
104009196
126530516
137396239
139957207
131443420
82522250
43462240
121638964
131348677
121248037
109334233
48840931
96496338
132883238
131939285
126766176
113957922
68793043
62175431
118585639
149074725
163252242
137536448
97900982
37958586
116234487
156009585
153813607
150829926
117978635
39399509
133637469
156516371
163775987
157201791
128329339
156950458
164875596
162040923
143292754
116434702
109831524
127668931
145537256
127901836
142769681
54310553
45327816
153642560
159478634
166613560
138488025
79525160
176213057
180791442
169805221
176038365
149423068
196480767
188638710
190127929
173154827
170904658
114116434
160633689
160887948
163657560
170910460
38320821
172673924
170556248
183270329
182337124
138827938
130747533
175343656
179402116
178719414
165647235
38494007
77021473
73340987
85137665
81451080
52188329
151018866
150172163
147622346
166766562
154485804
158074402
165669266
168925628
152272719
156319156
87483836
155685923
154803399
168841801
178862630
57295555
186100821
174572894
183658257
182135261
155175270
188352708
184969314
184706297
184026814
187571248
176074515
188624698
177461239
177317464
197304868
180553338
184735108
189895066
170830889
180874257
71821101
66396123
117062930
127419948
115438937
90959496
110561445
147904812
157439967
162517665
100885620
69539049
165195227
171347863
170713531
154132054
133057349
44655522
85853020
137897964
137485883
146225330
103904962
132252032
164762318
158841659
179881915
178637075
73904216
38714404
152918130
148536297
138209747
170744120
87358487
165894089
174433667
171768405
150897589
173133333
151904944
164678521
160325369
165349101
156323130
37236297
38293036
114198072
140656013
140691841
111173490
82825033
153996338
160682368
145774656
161910508
159118524
124823097
166540136
158310953
160865453
153223736
40363367
98149922
148450099
156417836
169914752
127474456
50328417
131934856
171111698
160194868
150399735
144476555
103850413
147208748
178359696
156571198
181137852
53703004
187240381
198258723
195884014
192267932
163059618
171225843
182747831
195112828
193169020
189202101
181802548
161341537
185379324
178797595
176393761
163574454
179016867
192120691
198805242
195514413
183320683
187365349
173602141
197250466
194060913
176345610
176712013
183050266
179359760
180322599
146662661
168775005
185964102
174976082
193348942
38560626
170405954
172375065
162640004
170611294
126128588
179472131
185616421
181193647
173431475
170223035
175397556
183147863
172617657
169675627
167601838
182431547
196566691
190655739
185705590
181854894
182757998
175638982
199752819
193149927
189779614
162351887
175515962
176041593
178797883
181025414
101669335
167452558
176089480
161018043
173775058
53451365
167589653
171582752
184477290
177454442
157357179
124186194
171671784
164929779
167677732
174168452
38453134
166004300
155597396
167315798
165062227
56168919
113619169
117580879
129403880
146299134
123067356
103068311
81368092
40052194
40258722
149763482
153931885
160237304
126252479
113844501
182856525
175066520
186153491
170734127
148925598
98084349
153746428
154996334
161615294
151907766
51523016
128105881
171711885
171017516
172512811
144330321
38634771
167508245
173614614
186514393
182298897
130555818
37594611
111436606
131538672
137954543
136890683
149308612
156542160
157383093
130039814
143769162
162645509
183475046
171269357
158214811
147794807
37269292
123108770
155078470
156594680
184160540
112931287
39311038
192927355
183539208
194515886
201266737
135903510
108883704
166155060
147904415
164128519
171621568
45337479
165050073
191845729
181438478
196513190
154250704
169189539
182886359
172644254
177987627
165969433
38515517
111869479
140734752
144621696
136652743
59783921
42220585
130848339
150446023
150275318
139380976
97382058
40462507
151510948
167273720
167976246
169968133
115677294
103513329
147408123
168211410
148053512
148491899
39345419
100541586
166495513
167585018
149308755
169544351
39879656
168352867
177087790
185814279
176778633
140584661
183522628
185499044
180530904
175282354
166461916
41549442
142858448
156431247
156728662
157144354
44473855
85496294
106727056
136760028
138020824
149159502
91982634
64484334
128432528
148585371
142631542
114416753
124596481
94728426
143599255
168562222
147586343
152024950
57350876
241769089
285979366
295978708
335992585
359932956
340194524
309944385
328214014
318560833
292914502
265991939
251569705
220835345
191836336
165496335
186964033
164952686
178939419
147774786
164011532
134026765
152204456
125435581
93168697
47065985
58019463
67456294
141156832
137580944
153215017
134052979
101422436
80087000
139139953
148476895
150455532
147347333
111640558
52001261
128253388
160886449
166968077
153198733
127221911
37672568
173189053
172487247
182585004
194846731
138829681
163985928
174969912
189114365
176600399
186947950
146934972
173962670
165813119
158783427
183583028
39122678
155820085
170229831
166917690
177808244
110287039
51170572
43963628
38359635
121001184
124015474
161690109
134057048
137895877
108168812
75559298
105150548
129380797
135493169
124387401
132019206
58525734
62427493
131223885
134999304
148821402
135126025
94726975
38306880
143638160
155215187
155355241
151268773
117047179
141860184
173390830
160170828
167580198
173178490
44587123
173083585
177379696
170628832
166570453
106804049
158969652
169383165
178579883
181808382
104347728
68757226
66076450
118914071
113101153
120675350
47100563
105960996
139528300
157057117
150929244
97046931
199262817
163302899
174799546
177424544
178467109
48069070
126749752
159671799
150565674
147712998
100456636
101448080
153509654
152260705
156358806
157454614
44245269
162665889
183615193
175640891
150843129
182928083
90534933
154524241
178693675
164596218
185239497
65389771
164418057
158519438
173490786
148216024
97525039
183133997
182870639
179974091
180318948
168743358
137766288
168209211
176010891
193416495
186002018
38262809
191789754
192277381
184673667
185534819
146607245
176558393
185444836
194862220
179653413
189972444
169425610
192916004
185692660
197278907
177070314
164105608
179980413
160207646
163555113
174895256
48493175
174613076
167472031
168855577
174356273
102029650
38868345
43127284
129197700
134541414
137850506
111221855
94320950
116201669
149987811
146171757
135391376
130352818
40645283
111483788
145160120
141238565
152221987
107018720
37830784
123061690
154935902
148342599
164065565
120005743
40515061
167825241
175435784
168066810
162745666
107687573
183879800
185783938
191134444
177699122
167301846
134557872
167944976
154773102
158194942
164243903
40705705
146726440
157081906
151326380
160864965
93547373
146193443
165946862
163916997
152276854
160316009
38957972
104834288
165197973
166051717
158802573
130968028
44055726
168998697
193285931
186782704
183574484
155763571
184703410
188623957
193143718
185879501
179064699
186090342
181693716
190074732
194381827
195659021
188941849
192777202
169486688
169208956
166632376
181613891
182565413
197591405
189118115
192579942
38549827
181908625
181782146
186286144
185845443
132818994
166273053
194041595
183370831
196610687
170726590
190281126
188592307
197553011
176806484
179874091
189372360
179679583
184110193
189860704
171340911
179687901
182875011
183763363
184725815
185988811
146550228
170513713
188745781
188031104
185003899
37887246
152140720
165155324
165324800
165362311
95032962
37839675
177720923
188650869
186546928
166959206
124573829
193265604
199288136
187902477
181348882
191779946
179884390
178711168
189483337
196010818
196864953
134957065
177768391
171336486
180486491
191092427
50135204
172246297
173150397
162476033
152529409
92770144
189370125
188836327
163677511
184204953
191060869
172093258
172158808
192048151
188892670
179168675
39074619
164538105
170748539
171902063
177672575
123176637
133057377
164954611
169084173
157440087
174691059
41813673
129935677
171731330
168934110
165314565
119057091
39108628
164182837
185053195
174222551
176505182
123612350
183183780
184045001
177090505
181686697
175470529
187030521
193318245
192767083
178159994
178414576
129103792
162904611
169931018
174927789
171112668
41698260
70407271
66706406
94024353
91888718
74451182
134089653
147954517
152114463
149001455
132626708
146532776
151724515
146693790
158576240
159456511
116419110
178813854
170063499
175507629
175763087
116662387
174457292
175323983
180591572
155568649
145237610
103951963
168557148
163901525
172265045
194741948
75502207
134643391
176776382
169225315
160807304
140696988
38453833
174731483
182677779
171714423
176712991
127529626
56020136
56306590
108538825
102602882
108443926
138764037
164660102
166026376
175667199
162687620
41121210
176405703
173672980
175195100
172825351
111399166
192448508
180006308
190545059
188482330
177042578
187061528
187055490
172470461
184291884
190593683
190753188
183231764
184061793
192835261
189035436
142389323
181626264
173288986
177056947
177919451
41305536
142258983
141465856
135175273
157295687
40162064
124465887
164754156
155038147
148851377
151085330
47693389
133977459
149552564
162947644
153367382
105562714
38649324
156139674
172878443
170422410
163329991
114867023
141127997
168307116
181394665
175118759
165830418
37789048
175441614
176592847
185113193
188316698
136819575
156652604
179825166
180952783
169820282
170184689
38050501
182434352
182953058
186809636
192038888
117683077
74439726
79554280
78622958
86409451
82838409
113875074
162412290
149119952
141672519
165040889
42280280
164200714
169877113
166410526
175822590
76929481
83344145
148110449
156017336
167480911
130668727
70764938
154292732
160310678
169429631
159081068
145745722
104937677
163965473
186971806
176456919
172134015
53921911
189100326
183634708
189507077
191949794
162469303
183024835
195497542
197005280
193650335
201538074
161893471
170761977
172676905
174742307
176487193
66568455
154089183
166110100
166550720
170801426
145267789
107107054
119474386
149042112
144320199
159121031
121785039
46328186
88191208
153527362
149525690
137398649
112945218
84877006
175359561
155562201
166900330
166397170
74727462
150950298
170909832
178266348
159358069
140345842
52404228
79587641
134442192
147306106
159157425
99133168
37955861
80200526
68074211
61627803
70530269
54329619
165616282
178937240
190526678
171801342
147305280
164947212
180240531
152970255
181636549
161938867
153020525
175408597
170883053
169828933
191378886
66123730
166201705
170844009
200859178
165392398
139428897
195607709
192783570
177951763
184515784
202640045
174390767
193485600
182986334
189780692
184087779
193169106
181592171
183357851
192437383
190162743
181749779
179141345
186882071
195601468
191000621
146704745
168754106
172262016
174763853
183297015
60034429
164368806
161261418
175617246
171914811
85621983
176350738
172020959
196579578
187766802
169602719
179116354
194939503
174016473
174567704
191265139
166721453
190471451
186912478
181062403
190402984
192898816
189797273
172172446
181511643
190935609
38835994
177213406
168939422
180474930
171992583
112772001
172954137
180526852
165461794
187782287
183318446
171284976
190138315
187183249
166558726
192827704
119895034
160664181
180952873
169598242
179467326
37195245
178831176
178369168
191810937
181729477
151406675
167377664
185831604
176418999
177927654
182784568
152533016
171813390
163601920
181994073
171072694
60126700
54168427
113941903
118769150
116330428
77433992
67252330
66128303
121912104
131487492
119032762
125720127
61001255
55434915
141722196
152099877
160496716
124281748
118072147
112325637
157631191
172450038
146471202
143477923
37790330
149862675
163675188
169863020
170497918
112887763
148893923
169671124
176173691
166362208
159388793
38874719
150345697
149014294
160224893
161236338
108871634
105867104
158059764
164977900
166566747
156754341
38364256
163253778
175564909
179410075
191588195
145040671
180215865
178547743
176350303
184890770
173004193
188590282
174415033
179685152
186911279
189076195
66197524
173555757
170485462
180144719
170015700
82082454
173261922
172565393
192238690
193179884
175206460
185888811
185143671
186344314
184125155
199162930
187247689
183067766
183639072
185275708
185907044
175977729
178175262
177819677
184973698
180781222
148368891
180826586
177432535
177768157
179256491
78793595
152452103
174538715
175139318
153428824
75888276
187674995
187393923
198835729
162542431
176807734
179904444
190531715
177653366
181485818
196447562
186810509
174821518
186253976
191800586
180788530
192015007
179600191
183603242
185158841
192574288
188001880
187346294
189716166
181615444
179212350
70146326
83218340
143642315
144664872
158112131
119257012
82576741
144567699
137716456
143249350
141036373
131107817
56331100
86667868
144577948
131871396
143860846
102969984
40383064
168531669
156212555
179408889
182866284
142468032
140014595
165842640
156944709
166409822
138385608
145058708
139791632
136580153
134018665
41591783
120168814
130962964
142781599
105295113
71996121
116318862
115949489
112112023
37399742
134898149
145385559
141392288
110245269
100117620
105688781
83286175
112256026
125386277
124410070
112815246
77144573
101571708
88423779
75291634
74525932
38648165
38911288
37677672
68275839
73342656
38548192
37720055
38131448
41017767
38302213
38880119
