43032754
40244663
39452180
42887885
78990919
79541744
61133377
55779384
50765909
47306311
97805266
108320665
103481209
105060245
114076226
135774229
141397064
120324426
106372226
46553385
98501383
136547429
132023466
121583830
65984763
78918522
128569240
132783642
131510465
100833904
83005901
80905366
119361107
152404471
164456983
163461568
117089685
84002561
90179317
98248929
96175856
69598297
93736500
89753006
77123017
109034790
145460465
137109658
137462069
96619902
207432214
148744513
140358408
128569149
101191051
90533402
137298886
158695082
172327473
143730578
122662387
46238645
154392817
155142168
165158871
152607920
125111642
40060230
125177766
149608481
150236747
147107018
108116246
39162301
127074284
167470399
168916249
169186989
124936420
39300916
185775648
186276952
165246623
185811257
141721210
168105000
163465109
171471596
172475221
103299983
167699541
172019565
171549739
151650135
102738926
136604971
142030407
144127076
115997376
98003178
103377904
151101639
145012332
142682788
111148832
39521249
82675603
145656685
138885062
149656211
108315158
70750752
150941083
182840571
165499557
156866445
137532145
41498736
150267021
149720703
172660169
166883251
113352780
182103582
188600335
236481155
197502063
243120679
127041389
147178689
135861607
109330224
124439476
75062497
103256661
109839979
102229043
112875076
59833247
50554252
63240370
93676516
220640730
225600059
221255347
184373366
138427248
50342842
137472004
133347000
129255342
103700960
40191187
99521714
110440876
126085520
116963104
107465298
42704577
57852313
117390178
136714077
119362673
69718543
158354291
159519421
160799506
143170326
128313548
157718625
160892981
156673726
158011211
136282609
46592899
98133530
106868091
94698245
75147785
73481061
141271353
127304919
119751289
83881970
39596432
74146802
137049755
122769800
111238647
100229997
39471781
54194055
91071816
126809031
107167257
118694081
45920561
170929502
179801429
166793815
174275993
132877055
156266541
179547060
181052834
187042600
185009305
111697939
165452986
160266743
138559585
148940530
48450792
186482015
192172329
198280530
170610212
153465786
175525217
174168897
179244205
164747498
106186161
173772530
173954456
167075090
161767127
97405562
153204769
166489087
157114029
122318165
133954377
147391583
154577740
160147624
136992688
99795235
161541524
165231948
159212965
165714992
97914711
187405247
173029470
195465674
199997125
173793717
181208142
172217511
196266924
178069404
197225967
175757533
179517833
175630203
206103591
176769052
165817496
154543597
157539081
185448154
121763959
128445963
156714044
164135194
144347812
97879776
134517394
160503024
158460366
148396723
110644770
40083381
172217348
166661710
187165067
181473269
123396271
176657576
167203364
168253260
177624725
89207086
189374056
198127641
186973539
168324706
181319059
145408699
184007586
185258072
188299790
192457152
135077326
158414043
171111913
176082248
163729160
78937156
154453061
137017421
156942380
118946831
72456235
73058670
142204357
128196429
154204488
87488920
93498848
150630570
181029710
186593249
137170339
68970175
46415202
124417144
146382489
145051718
137667955
102885444
94264355
142776608
142512920
130315204
96518854
66282179
104996727
137078571
148865368
143122734
116507694
55668722
130514985
166039982
155488397
150165355
129445307
39757107
146473031
168498592
158653726
166173704
109591972
64678369
136590048
142585226
149073856
119039110
84144728
138019191
134351414
138548196
125968666
57267578
178296615
172202645
168070105
196783689
134259809
126216052
137052150
149961346
153114683
138615625
60420280
60967042
58826682
87698732
143009786
143295321
146764984
131956906
70042355
111713082
133145211
151380205
134296082
115675837
41789710
132489596
145661349
152698735
146596114
122541921
53934752
98793422
147062373
167441189
168797467
126479835
66114030
124779357
148452311
155309696
140658076
104513690
54504564
85771029
93216999
104742895
94844218
74449016
58391553
102556302
153285955
160061214
139059934
116756265
64666898
136710111
144437708
134911410
154160191
94379743
115196302
152721380
147652290
136898551
89235932
46886920
164544143
171268149
180246662
157367068
126789766
165983242
179438918
165716670
168443443
186042241
119204022
174800410
163701971
173561816
166501899
39783061
147934739
150081093
152474710
150573433
97692931
39225580
126331431
140921900
139078668
118803581
111852629
42174938
136559046
169735306
159116874
176568410
112225606
42737416
176141102
177330654
161383124
173111187
131387142
102799215
145302957
147827536
167470456
109267313
57478392
126989105
173950617
153402954
170193762
145800880
51854244
142956213
172076247
174713567
180153525
134699749
39882451
181721122
187327969
183947678
181913109
139904381
96577863
143481105
148951898
149758264
89253770
261687341
244731928
307975173
460378842
343778229
603707174
415829452
363785680
359840541
439893410
351853898
387855033
358056072
371728370
612039072
315972782
286288562
454069747
419529296
413381526
359235062
325664581
294666176
95125742
97313621
91651585
113038583
97432718
72853996
65031701
65011121
42430763
49970810
89248353
168836398
302775214
331980107
506831795
374407513
365276170
357890973
327956961
308696474
204589453
168686659
136903980
92072501
76556668
43544474
73875356
111019770
106792958
70422426
39399034
93286163
104041174
123470424
118215892
66474094
64002366
104899412
142015600
147815276
139902869
115420282
71822001
38448087
179050697
168926018
182729829
151002001
138902707
169773223
169027501
161246259
159836815
116623763
189758652
198012371
192969200
171072495
163802667
182544261
184990312
190454876
189371779
206200759
193223039
178421612
191905920
189154658
177981990
171996946
172794789
178668226
175923698
82993851
178938979
174059436
181398373
175406016
169739562
193614262
193051654
201316460
175605156
183157474
177987133
188888709
187440067
184479327
119554878
71271937
119223743
104801607
121791562
114141728
102043868
102709436
97667323
113418060
119857450
99009832
42494607
79363029
130821695
138156036
122165969
88336838
40207574
40114197
39823421
79414809
121590694
128123574
167938978
159497110
199844781
270335585
325148784
326774473
314400317
283969105
299801810
203919024
189555159
241197673
189439304
167463709
109248342
56686338
53983298
41843439
50981955
59633501
60238336
44716491
41679904
74756895
75258826
61682799
46592217
72019159
77147953
49232062
50397044
43031485
106472356
106763694
107431702
77919412
85138149
109055182
120120114
81628215
48063234
109994761
107745260
135576860
121069936
128835219
123956293
101052541
177852415
171410463
186248851
168420992
148150403
102602849
137497755
164811374
188345778
171075623
164441809
91687725
107093279
140683809
161510151
146360218
139859856
67167919
106589361
150133027
150268237
162315604
135608871
54682350
107326333
126375857
130632319
138716599
61608920
46172482
134227277
130572796
131259655
89341536
56959049
72670780
97262664
88214227
70003394
58701733
93048871
136218854
138704938
124609335
89161057
181377398
183375577
175682358
161905724
165155003
158958827
173603151
169182769
173770249
176098262
81035552
158238506
159369755
180135165
162633480
73951789
170237638
183329227
136369476
133585992
474770597
94600719
71510970
150324195
150446283
74482373
38387163
38878209
48660601
54490189
76267041
99930271
106203538
102870299
112690106
100339243
145373658
159351710
149537838
133432918
47601906
136098857
166301435
169085910
152848853
140404315
49166683
164457412
154699593
169927704
182601766
104929391
178323900
185687932
174840510
188294725
176569722
146482434
185888965
178765267
157567252
158231057
39494426
174909109
166314398
160276678
178746576
90468608
135960955
158199181
141622735
174192106
94123580
39368401
81113785
113988394
99440286
86052643
57484332
105816257
138264005
156042999
163124769
128400498
72672159
48909851
143079906
162226172
152469741
155329697
111327355
137464821
149444668
154269539
142815594
136970169
84061211
128885050
139701733
153492423
150970041
66569868
39185648
179374117
177873013
167058415
193209592
136936622
172512193
170293084
166224393
168195058
97184288
147796244
174387948
172487001
156319961
103235113
104651151
127357701
141312853
127146379
132746361
130689462
279764560
214392103
215681930
205046522
188393351
173247027
124818549
131352740
158887200
151115129
169312956
138810583
64546878
139099810
153937708
144371719
149388052
115179889
149103197
173489914
174506851
160714310
157724032
71795080
175163960
163035627
165100733
157053457
69644851
171719057
170575597
173829319
165181952
147720759
145060731
177156318
186535315
166397182
118217545
73812737
107742127
110822363
138714673
131290215
127555495
115058980
69394616
124468620
144699693
144718050
134062087
106190194
181163408
178551475
189188379
160564575
166164682
174067336
186125476
181990128
182743875
197159004
110493221
162173932
173402263
173604976
176717116
42908682
111147561
162228610
174173506
183725935
167768455
52398538
148638680
161461540
164657439
151729363
127483041
113377588
144578374
145151425
111330499
101954669
132690462
160765556
159600367
153780169
128555966
39797048
157147495
167847515
153618406
167004012
111280621
122920146
158247873
168907143
157742759
163446654
39003514
160891393
179415222
172928519
177837118
147655336
158265487
171969920
182376997
169129861
167259388
39105849
168805270
187286240
167784326
188510427
119344743
164308810
182456028
175716295
172574200
109361968
55680958
55172622
112437303
109337002
98336364
39344774
152647046
160670485
170744108
157587528
126020210
92745232
159622632
166695952
171144581
187625719
58209355
150337142
166224808
157965985
173540452
142756858
119513544
166304692
166388034
183279618
171634770
44262967
186097885
185818013
185263846
193673546
151310010
179468511
195733055
194304514
193508177
202998952
175717207
196717924
190085410
195031640
187145087
74758349
67337096
151462128
147604258
161533643
130212490
44523152
162115074
187444710
188861281
176915067
152193058
193737746
180298318
190147424
198518265
191752159
141624043
175601007
170572983
157959417
172418633
39360371
173769249
182296179
168033569
180138341
112574012
185471162
194805744
181812287
176956442
185151727
151088545
165398352
166040275
163439537
91121602
133918372
135006157
127768737
90377728
83696242
39134217
105246978
184166664
164715934
179444141
152276647
50244251
147721280
174596379
178837595
171758614
151286930
39052071
172726792
183510568
186004801
190305079
114884900
195954638
190505290
201614693
199043139
182306649
187031104
205498468
193976154
201030256
165488435
175382646
178659841
183080969
183996598
202951706
175646855
171532408
163066403
182367479
112010901
172328794
187858996
170455076
180815886
176688886
128767150
170950386
166981574
171979647
160601169
39291114
162025229
189998565
170366589
172378895
141178536
101020766
144519509
153272886
155010176
156533475
53910096
126702166
163113234
156859991
162249927
136033956
40262213
149305397
167039619
175360032
160542477
135394925
143257340
177161487
169567391
178606608
144879129
172926810
172657082
169299065
169486997
138172464
56792865
89523048
162965622
155206232
176276096
132509228
76835306
154212114
175042020
188254433
165008901
149194513
68289004
160955733
164427388
169551115
185148886
86285845
157312275
170941395
183854326
158147206
159493157
167773411
179194044
171405658
172499645
179813005
139205980
154225257
179228104
166211600
174647765
39731442
106367675
155641727
157308282
170379430
115562344
49093793
106097800
135161197
127517863
83762575
63687526
153261284
164227263
153109494
154791768
137505274
106725250
169071270
149335812
169510151
148258164
50320617
171718062
182360550
167239443
148859480
180324708
186559859
193673363
171745292
183559418
185307191
145129350
147380045
149616630
156736872
40211299
163779010
173252189
173764015
183087785
131852984
84041985
177639309
178925685
178808779
171821604
70373209
133920857
141570818
145088316
96005247
108118404
40891648
163064988
176433863
185127366
173334970
127732678
164842858
178227730
175047135
191518231
163906067
59192540
165920710
167843868
177525035
173387411
86633579
166255610
165914077
184753540
169082279
166735824
175703714
195041829
195653264
192683083
192979943
183837574
178860995
170062533
175972281
202400426
175780923
193467412
161932104
196475790
185258830
39887342
71339481
63892749
57523921
58580592
48749198
140846086
165822059
170938736
162387348
135002667
38964939
102283087
167612996
179301067
178947755
146574244
58032307
153706017
174899038
171126495
176681429
144270815
62185696
149945409
153796105
171714477
166100588
59200647
188929524
172374805
189026328
162144134
185874275
189117944
176635797
190877857
183909354
184782562
181577663
171090825
183852924
194315869
127385422
39248709
171474505
181578187
169873107
173062769
139251211
42550531
153936923
175399169
169830285
164563061
118547276
177314562
181945630
174221386
164383214
181937675
184893694
173931391
198699086
197572277
178383276
183653810
176059433
166701985
192984535
172354613
174647274
177170183
191853994
193437643
174391570
81817373
164912730
161314438
159011431
157715650
50972060
146176515
162787934
153021419
154522100
46782383
42037469
166994789
172602992
166388704
192423243
130246031
174564103
186364024
195372839
170268207
159978628
181600600
176644341
177615249
178780412
197628181
184606860
193761889
186437341
186640752
187859885
180004549
165657416
177245924
183088180
189873708
91434806
167213303
160999646
180386704
197917746
71938019
185943341
189094728
201327278
198527515
136325247
39660496
180898589
184849842
175855904
171265230
151183595
194757283
181884213
178934787
192831013
191176188
177671946
196987765
197871602
198553487
188735010
187832096
188428497
181724586
187421682
185866066
181078470
172301655
186327447
180140455
187594681
250187848
291492536
313391186
300701986
292968947
39293363
139153807
156236160
162236037
120628271
113556510
152622894
172436965
161554749
179868046
157455287
107576821
158866151
181535628
155099843
172166337
52593761
155694043
179437110
186765968
164365024
189244979
66759846
173354247
173843014
167484166
190093374
84047717
78884078
89686931
48017177
39052453
52898656
48109058
39895753
39081383
46023310
46136311
42290529
49907869
47680325
40330542
40334829
40172887
40370253
65124067
134950828
137993200
127512185
150542340
75865688
116985988
467962002
508605194
550037010
520687503
627923063
626897264
623899659
537497992
663344486
575892757
545610123
593859448
494109806
467662339
504790254
478459086
558248202
482391126
487721064
558958666
508101107
445661358
394679390
336286450
247155557
198174183
140351942
118977119
144279223
183976029
168942278
172924799
155446328
109013198
88646161
153244714
140234573
152295828
137712148
59074704
142387045
160595360
161009876
164101141
148597366
54864304
62133135
152801266
157646106
171999565
152549033
91208465
174460891
197420248
263961805
205748803
205599030
70453631
79320336
149558388
153244819
146099394
131698415
96118849
70937199
175430876
187034942
200222643
139892135
135179278
71309555
55822832
89094195
120771101
137426694
127838064
111358864
89425362
90509017
145161080
153464129
143256054
127606236
85012487
149435898
157461216
169967440
159883585
147082303
77708907
59146250
142183307
144760181
150812743
126106415
61646217
91201642
172175992
168499479
156644872
177228134
63852458
170654779
170723508
164802267
175187785
118677501
107719185
145392801
159951325
142335109
91104283
42371342
129028874
161457466
162265303
141025863
114676891
120029607
128312978
124960174
107220255
57158959
95191208
160685750
134257163
146317146
103789838
54555673
115080214
140868571
151039792
118383880
88321856
87718307
156043326
164317497
151869923
126678728
62093280
122678168
166497245
152375765
149231994
93197398
142035859
167201762
164174752
152316158
114861184
38359112
135728433
150698583
143289696
132057444
112331649
47209560
84487186
168049027
156986562
150734391
143525518
78408910
59102903
54496575
54076259
66421000
71916690
124917994
127060192
131766216
121102177
91195529
53599504
108942285
132662274
135563556
133587288
55287260
41657014
192930371
202264690
223021521
249736006
220344388
95712399
228617541
257125919
199219860
252147814
76239447
68776466
89573750
108706200
181070571
153421983
163613768
117410761
86673045
71998416
127023581
162747328
146151050
129280568
95422559
44228966
57993926
82742284
132597659
121552867
146306196
132275996
118551089
90774881
98492701
130628591
130260180
141596538
94482322
134135524
123514572
129718460
142618924
140847863
127665330
65909172
72715635
131782910
157045294
138113004
137414892
110064177
174689380
170129403
172942208
148699228
137453642
89914704
122732513
131666510
119310370
107661427
87379462
110574746
121320223
135204087
114093271
96652506
68798035
89904808
140692452
135521341
125206791
95527061
105428765
109017173
123558229
98115304
97321960
97164081
140768012
139481978
139158448
123616769
75576059
126289739
138351528
142842437
136042741
110877630
114821444
122573698
141508258
160540452
160641761
92764560
63154788
160242272
168037571
174731505
157091348
129749591
148327131
158281849
171763746
147923424
153227588
46835818
96102129
121621936
134128574
108235476
106903448
66776857
46160936
114099558
122130389
131714446
99153246
43076201
79149403
68926388
81746567
120467462
109053690
79522626
106541899
115563460
105032990
91873505
45586225
40355447
127561588
128140894
131178912
132593024
67167698
75529729
159463597
173738123
159411513
138186997
78074952
39633372
167248429
164921703
175632666
166620597
113267215
163877775
172862497
162604959
180353438
173457471
71084957
121637694
127260803
116638712
98242042
127353405
269672946
268164857
249949446
249856288
127376716
117038805
131353184
129445311
140889203
163411538
141575616
160109531
135760590
159396008
137509738
168428685
158976485
167759133
134565352
122259441
133503975
131842751
123398303
136592567
117796615
90095135
99497772
148159824
140854352
141765168
131915441
87643389
61712449
112040906
131951883
129491603
115484251
74745070
56589488
99497583
125561786
130439011
91244740
73708496
64207490
47483699
113865160
134507413
137436790
112521605
88214334
122996362
138039380
144003439
124093870
73913245
75918315
119187772
163297775
157860878
148521888
113744460
74725542
177595964
173465607
196064723
159008580
173197802
95196003
129507690
136331191
139339035
119871486
143912032
95450242
129360629
157771761
150387986
144843334
94736759
41488321
77192327
153733213
165921818
148758407
131576161
74856723
108839828
134910101
123982444
112633169
39187461
98595142
102341477
106559543
114742389
83146105
50882032
38983712
164720245
164229576
172462896
143145607
102367229
112017678
145532523
150575107
140440455
64635969
40455117
102166667
161343411
165247092
169126408
127059296
61921572
172207115
157315533
175289029
176464540
88586795
172088585
188778561
190774719
176851681
156782597
133537371
161420815
174680292
179084286
179811167
39921045
98097927
107606088
119771870
57150497
78263560
80992823
44706996
131007028
142656305
148160420
135781299
91984807
76030981
146380202
166237814
145699822
136952399
73910192
85794310
138071522
124313216
142486416
93087611
46270436
121022939
157078614
150975276
143242834
120292623
39327815
158655915
173421305
166921788
151426214
126165188
171653132
187341779
190371600
179368380
181091278
182666499
190504889
178486690
199365576
191542108
103087436
145766647
142986636
113884971
93021784
153016083
160508332
179879461
135055976
129752939
59512405
51845362
166134792
172118613
172767264
148154443
97402893
174700680
178787546
207205820
174484303
168483307
40054076
171177147
174833334
167941554
169364457
98657237
178049071
180412947
183826622
183975152
167793356
174100762
165963122
183167703
166998099
166815503
153039529
170590084
180711358
165062073
168881865
42993437
41775218
179548144
187210950
195603626
196470057
203545190
156541851
154627687
160601177
161248020
41550612
191360389
193231585
193820714
195345429
195377512
189564092
194384206
196159470
197003715
197128724
183760233
178197310
195812109
199002974
190342060
155068831
162792057
169684425
177340474
71674621
39724908
182866068
193052636
194036684
195564423
202455622
146952625
155602057
156874303
141696568
43285009
188012516
185837624
183721622
189599794
193575663
194686399
185477255
181957271
185574378
200667028
174228723
182463302
183806457
184316517
185215991
177667198
190029480
180538066
197291728
182525207
158738623
178475495
166627215
159101057
141284090
40384458
50669122
115670633
141380136
163425018
163566783
102856823
39149208
169087920
180906558
182162955
158535770
117222102
188483483
188699980
177314089
152676917
165798441
141624977
167068412
177524819
167002709
181104666
41385570
168107307
176801204
181603120
178917476
114652640
178712974
177053650
191732785
208806278
181803969
162432021
158181504
159444315
172897971
90753389
57099289
50342855
139968751
149061653
156458802
129957960
68780918
113543234
152667248
142083711
138644769
78655828
41024241
134896809
161236680
163926847
147567487
118773413
42106400
188631413
210546300
194553911
214007621
178812534
158319602
165675008
156518804
159751830
116367323
100142069
179866397
170068169
157972264
180827534
55350117
182641504
177185427
186054232
187155540
161509885
157224311
171366889
186836904
178940452
100141217
40328041
143156858
141711636
147342508
125465275
39095028
147333311
166553630
157386641
145432307
141803391
171416709
182864211
180759986
168130821
168855554
183102688
184104694
167741876
176814679
177916248
192336966
192266355
190247410
209160789
186361705
146853005
167420962
174643800
171687153
180895649
42082957
138891865
139172065
133681521
117915342
39106010
162930909
181280095
172931034
165475848
137976808
38908208
147381869
177391984
166476126
174188715
137635556
198663910
175711238
180520612
187358187
158413405
176326025
174509211
169070494
175072404
169523661
147320657
167946844
176601664
175281396
182586850
48419358
141307139
151880780
153872758
162707892
112467968
38985485
121078893
146328798
160903947
171020116
121627046
39805424
125188027
137126349
154990741
98850405
132878621
67374450
122992151
109623554
91537051
38647463
39012854
89587358
150567834
161254239
151068266
127541599
52707296
140613099
173427056
169534898
159281661
129382018
42004646
177883119
177427103
186918082
186331125
120202941
160837262
169536143
163357898
172149247
128623841
137030202
164719987
194215001
182019395
185006182
52351256
133750194
151239888
156249037
153497357
120093181
39278203
79537430
129108576
120104502
129204782
119390648
76976104
42021015
39873902
86535927
93416081
61604010
41317998
69816236
124922986
121379396
120867120
132964469
78121207
89255631
117046192
144254081
141384544
117018785
97151267
57507715
113845717
141881493
137770950
112401865
122044876
39584909
111534653
147517515
146018966
157377098
119365256
39019267
111126053
162428192
146451891
164887760
147177851
49066737
177355141
168369757
173755407
154418388
136613825
145036587
155001213
160120330
142157140
39909472
47182983
108804376
105670166
96245138
69417331
39812527
39764407
135202539
142045051
130317193
144292460
39272047
113182766
158777269
171553207
155140849
144868691
46349556
100680344
163824586
155208334
147778931
125136476
52577026
162294257
165342168
184475260
162003796
121887749
160846774
175790040
159003922
157227237
108704458
164663129
173227318
175456108
187347712
133566178
183027681
183547487
175029714
168358006
164235394
70735406
106561088
111883527
112018899
87525303
52251566
124879650
148092159
155552321
165162447
104551341
42866070
169177398
180991244
181259467
162052673
131421784
149471296
170899255
174336023
171893786
179764459
40445942
167009609
173569087
174337121
183306773
122313836
162178079
180347181
175345108
197091569
171179087
60096097
162084061
167454043
178934344
171797197
89027329
153573441
172097849
168728726
195990887
102663729
39029326
165191657
172307190
160798991
166497019
99536228
129833840
176015392
161035030
164274559
138529143
38852406
185519505
180675678
172920381
188981710
140747407
138016473
172577520
183897575
180884102
177864058
166665013
177000108
173576780
174641071
183214146
109322928
165496397
155431626
161175830
180550854
54871624
186629474
173277286
182003234
184040112
147852122
39893619
147312373
157456230
154970413
156433722
39770776
70681644
168955071
170958479
159574445
159986854
77184969
132420431
170212498
181027052
143801081
172042612
41446191
171874802
195692080
203367852
196812044
144181451
191230301
176568749
190031636
192065751
168210533
174675662
185177771
186626281
197964646
195911879
173474366
189226791
194446333
181613285
183457072
164925475
167693995
170576111
176609916
100107949
40395957
134578712
151572876
158528006
163297325
98020299
53483504
77403504
99208406
114228200
127621772
118993531
94979107
64009873
113748533
152369019
151039465
140646491
127553180
137282912
159525024
162809828
157332868
162220017
38581075
124241010
154540716
167030661
159931033
124510949
38709856
178970735
191844948
193073577
196843996
158714890
122718985
158076743
170750910
164677707
145852382
39081118
126791112
122718558
118273274
69208821
50347945
86914331
139254254
143884138
145039765
145788961
74491962
53471573
109921655
121643400
130875235
87475272
41878497
54265414
97315245
125963415
126790186
123000899
92683597
51797886
69323892
122596227
134208647
136904274
127199392
77679064
49537055
106370357
139570695
140669343
130283072
117794433
66888314
87876848
114164600
114572088
114884559
112586096
73124453
66302511
98361761
122247382
134381772
115815280
93997215
46046937
87678063
104973712
93431148
64600302
45929627
38374032
95115508
140349337
161065025
135059740
145040861
66433887
146192466
152782445
159484909
149046961
127288194
117884505
146176442
146176516
144017683
142178435
42600134
72547652
150896816
160544087
150895665
135916446
77848104
185036975
171662036
194011593
178680746
163653450
181016042
191785215
203413244
176282678
193349498
127931760
151507063
172228527
161419203
112609020
39395577
118820842
121034188
150395863
100727873
56823076
171951754
185801422
176766715
160577507
131752496
151875948
174618848
178163091
191357767
168079033
88736646
137250999
183338955
186380507
143823723
171422637
44966688
154421096
174389556
173890036
174260819
141749909
190998628
187023125
187196658
195632099
179730251
172157563
183995805
180834470
190403900
203502774
41953854
141969792
149181527
153898034
119196255
86452005
108057513
122691304
120324334
94356310
69748471
109550983
161704066
178273192
148023672
143116177
38950613
175081127
188745292
191748008
193475237
154878309
175268443
173577990
172988918
178448328
187281663
131785495
170605486
178126049
166275291
170747202
42588358
183979635
180643879
174736796
175905073
131147641
178033473
190116027
188689491
163020596
172807871
173151800
167000191
168452324
165452438
96614508
66891274
61295816
122677942
126113606
138652587
71236901
38780209
135157881
162487525
172558238
145534617
118072680
103473107
171039786
167397101
170603115
200488639
65522199
182413031
185316041
171372209
184920489
156049057
181783576
186519857
191429432
169542736
180652354
175516912
187230005
189168044
200246925
205213943
176981130
194596853
182197448
186023149
184774346
157288776
165558353
173069052
169901995
103098086
55621346
83679103
161833282
170010627
179908871
134060567
83407044
175973526
177548512
179592785
166844794
140912847
177314891
193880614
194052575
197803820
171244206
176241825
176060019
181467655
181826890
174424565
162405553
175228070
174477990
177340819
170321200
110879140
167387427
155110962
164271597
164907241
39551443
151924526
179521155
152034147
169691741
182549168
39944042
38934772
126638528
132375311
129767748
86921520
61597406
165968486
162674165
172825799
125146820
134279598
175548665
178868746
185884926
154816994
163471956
183360236
185021445
179810361
176924310
177964384
166894689
181394165
180717137
183235017
184841711
168954704
195559923
192611569
190202625
182197400
261191266
274927624
265081473
253311733
257476211
98804715
114810888
121215525
63749685
46899841
48468184
55674282
134891197
140477841
128456758
154183585
98759789
134633057
134475015
138950096
144342333
149531077
82200350
137610564
148202003
147355421
136099985
55060897
39724797
171354838
182434579
187491953
167872932
127794173
161568273
171001480
162598903
156753065
182392162
125309875
159922453
173211472
158653408
150011100
40145738
149657540
164404090
176710955
182128496
128793119
39185101
81803206
77877601
62510626
57093573
59732029
91816062
124396925
126179954
122292287
146543430
78458295
51850722
75256002
144368355
147156612
142901895
117428255
79045333
181371693
180193620
194009904
156268058
168758716
181632010
176406279
187659046
188025353
161725144
183425818
188556458
177730101
172073529
171988887
183611622
171318036
177545373
191367563
175880148
177490327
179067428
180115320
185284255
192568153
150834012
162071480
179909631
171082028
172266798
40270596
174685580
165949382
167292817
172533412
110243337
181818112
182968159
201602157
202624114
203900566
169483931
181870262
194595093
195576295
181408199
188725865
196059082
181173271
189313180
182160002
174648275
192680562
190754975
182690370
166257518
133493040
169156433
178264020
167187141
176648205
39014066
188867020
177074236
178753816
194183531
139006641
184479319
189174774
185997124
172035885
173575241
157233685
172096390
183116367
183846525
181122927
187760485
172488724
189525646
191216514
188771385
147884102
166505321
175310510
188292806
188590627
40146821
181897639
173775345
184355406
179152848
120948052
184493820
162733107
193493746
190963185
191626561
42003371
115788370
142295810
157318507
138791607
59865040
113063466
159946968
161394990
154141557
171185397
51697015
187211723
180842577
184770237
174730376
147715909
182793904
191551038
185073082
182329368
177640509
190287138
180952419
186702858
183436320
192756880
189861775
183494608
184489028
195599132
201236142
167075324
182975967
186596577
181886283
184633960
41414340
38859892
123554902
123896132
128808764
86803317
56772565
39691113
157375311
159852116
149157637
136598203
39379308
177673838
185638829
175532063
175648885
130718666
180682833
180697514
194271624
192717710
201273662
197639733
197836294
186189579
189930815
183620069
42089247
171212741
181036876
182397690
196678731
112332019
179285255
160814287
187294035
175666566
181195772
38516190
159955079
150295564
149995829
165772286
56941782
146529295
156340897
154353962
147545891
144714841
48898196
72860665
149023398
156705264
165338266
135356254
78765920
117811839
153133465
167294031
140514652
176768121
39604717
175222652
175363974
187157167
190527346
144278300
163825986
172220389
165531317
176729658
163928848
185974782
198532555
182428417
185134369
202805801
158769016
173838054
173287955
160457207
177543154
167871716
174445038
176728409
179172078
165896124
75325440
165035009
151024148
167593913
173255010
77375933
158601105
184640849
178801852
179062498
165649476
91588693
169694219
163511917
168871302
165288510
60166423
144985704
176252901
181519671
179695095
161205364
79672997
164875314
165774561
181231609
186673457
80217017
193357967
187434797
191933584
193558326
164474113
40392448
167543170
170937058
174078250
178816799
94562260
158691805
180375826
173619963
172019857
157367338
171611733
192198856
202502182
179541032
179528838
131277324
182994774
164410445
169977220
229807904
189329179
320015845
363857059
366489121
352515500
305519653
197823309
144265792
91446555
155426781
158757798
160362246
142344007
122957251
153824890
163078219
159725585
146166791
153429219
93571725
128301002
140202273
159904540
151354773
72225089
49517887
162255457
158092371
166286854
157837017
129523094
178889981
182906874
177723465
171012069
167552863
89722477
156005241
168409544
174545035
175771021
38489236
137410246
170305183
169771102
179549933
117500619
40076529
165962254
173786427
174244826
169711893
122088504
168658891
180568039
160844469
177432142
186949700
116831524
154192196
162706671
142475759
81427779
39234723
154515317
159919881
155411752
135770595
116918267
171223499
178713078
174196707
159343972
161921087
88711849
151898655
161727436
148557079
161693996
62881909
65650319
161162782
173669284
184683968
155739223
84489786
185023712
182859603
196094330
188236617
169389333
181466519
195046677
187572490
188518589
190588114
180755568
191018307
197966382
203836768
197269925
71713071
64788260
112827887
117342021
107868413
101263989
154910485
154802157
163197384
162094983
55877462
121470642
161899258
167025386
137125015
160414407
45629873
148838887
164058748
169139596
165299036
104382468
120060887
177472239
167237203
155479396
161941696
39223533
168649114
178748957
180970732
186475780
148548606
195137542
192756643
188315996
180607824
190296649
176272128
177891658
184838834
189557891
187348428
42713967
74831586
119850588
129026563
119636536
39977018
93187566
155181332
144338332
154023129
96506182
46043047
164749338
171406164
163622397
149361775
114665904
166925188
164825594
184206802
186055483
161088861
113673535
168977151
167457898
179784613
176844367
42741902
182182028
189289349
198471384
199634302
201001594
177347737
169331209
170599833
188887406
197364084
115062667
160053953
169385862
158898358
168010336
40785116
38436076
156602580
153803417
158576998
140333419
108913668
174591257
179504726
165821714
160168570
165485998
182672545
182914410
186036196
199540204
196894247
178069414
172038550
187914873
185782878
182859409
167771637
182939547
176412946
178787631
178552247
151660709
169877929
175683688
181042902
174255366
71882693
171791871
164878538
165083640
162553397
71105084
61436891
53361275
80650800
95730011
87150766
144375000
181328046
168925148
154232194
155288585
149759365
195026649
192348176
192938626
186536177
122831601
139821870
151171708
174613223
143941258
158000809
134039363
138641228
150157622
150465553
150171999
84741616
109818254
141089679
134862529
155296320
109047159
75384361
166039211
161636931
181297675
148929953
135773444
73874897
170809971
168480895
156160052
155408798
75981700
80839910
73697900
99655542
99091863
92136127
138756505
151468087
151804088
169652660
141671113
84710359
151902602
153654165
166990067
170920737
65329796
94688784
155900744
169594634
159032022
145884993
51334003
191608239
226044253
244557529
141198849
245572618
128827481
153626384
146971627
135955972
119164105
39046624
118527864
148582312
137490893
151241377
108494962
57866062
137053177
161773681
151084259
158983147
90802429
38948228
39367356
78227223
108978425
107285299
85815833
65198870
108860437
134340284
134022266
119359350
75988109
63702335
106285777
153839606
148457903
112761604
139334841
43911094
162621535
171217029
153331425
155361223
130277897
175985155
172915922
178904509
201214755
169024929
39436776
154278613
169154231
170862290
184734723
119358813
69130850
167801314
168954879
171310267
158760234
49221790
184140803
182943080
173326552
197657435
199295358
143588156
169093627
175492635
168706158
170650009
55738078
163588742
184452149
171059853
172235921
102268494
185321248
195698340
192007520
191903868
168137386
173458425
193347685
193627364
185169669
197091349
196106608
189993420
196451622
202019421
186441248
172194224
177160330
186240700
183364164
184822253
91956780
169175471
177101492
182294008
187959475
63415465
170171442
181740353
175458701
174910390
161255412
104412035
163380878
176308422
169554726
170684886
41600609
185316901
180186539
198362989
176567756
160229394
174622874
183226648
176789250
170437659
177858480
81087940
162187600
173120565
161516322
172680304
63164455
140784125
161270602
153772479
172520580
139589840
41895860
148636640
161514259
169198843
163184598
111776443
42692776
77903953
82743192
80310994
94265138
39931924
163317631
172345410
165439964
175366656
117204875
142058905
147592368
174948035
180805667
161662408
38801691
155590837
166249966
175592784
175229011
130741957
83268656
160967119
168106270
164281970
174606576
68404751
171934364
187760126
175389713
167410633
165578191
178675936
183552962
172110273
169436284
179546978
38177409
181469252
180313554
187953199
188288041
138000973
193137544
178568134
183076179
201567958
198377258
175929232
187206089
169692616
174200515
175803856
162197613
166891221
180755021
185151766
171869131
40098109
208218932
213043460
215220379
216907326
160028598
110075392
109429952
108613974
103305822
140066910
137814222
170932975
133567870
69066703
79061857
146334265
140502083
146897625
127554129
76273265
124022182
124031834
137904637
126271011
51266620
85866188
118547979
134587188
137237213
138943467
39241373
73117362
159167288
161246515
158009290
135445338
72272097
139184551
177950322
160309988
175911745
139988639
96060651
156975426
161288772
167579370
172511435
74781276
101568948
160100844
162317645
149659978
180895682
52362537
157879296
173615813
162616444
167026703
142646294
95699210
154970683
175899302
184154774
190417325
65370528
154432861
180249341
163873988
169355834
107802668
145072695
177229703
185592835
165275792
157788354
41070372
134940147
163890317
157794555
161670670
111269916
39532253
165964693
191160713
171176891
171864537
124231218
168117626
168970380
178820817
170320159
184813082
112706288
156791989
170562378
167223345
183663234
40309719
166017223
183732222
196083619
188537053
152163172
167703306
173440958
185398611
178601736
183074841
131695550
132124539
132420901
110557375
81488850
63228864
151346114
150302184
148970932
152324412
90554752
94974615
148084800
147284158
150509173
149188932
60852005
71461569
153272857
155699009
153966360
127602343
78516100
146986079
178676305
173130176
158892582
147285403
63095309
148740932
156066241
165480032
165468110
40032670
188867195
194345321
189805854
192912404
156911931
174268905
195817748
171504625
184441461
189082348
128919088
154053428
169602942
154709518
93705220
134564514
140651995
144413693
144240999
130387127
99799805
147118680
146732781
155133785
144484986
55533682
55375989
162549096
167883088
185750511
153622500
98048305
164933361
187066234
174556249
170114827
155218826
66462112
148304655
184175012
166931897
174603290
85180818
177358503
182295835
182150964
186689796
163944874
164096654
174737729
167699671
173481753
174829404
39806664
134184780
138771449
139817144
95762181
43000689
46738131
132235490
139894433
128165777
134560143
56393202
52838564
61364869
89738940
95825307
92471207
47550354
39363274
48584293
41285321
38779719
38481593
59093059
65818707
87332510
95161055
90463947
78538487
57774204
53521961
79429774
92714757
86097653
85023405
61415119
51894496
57737595
91161797
107286079
100960991
71076259
38315895
38800488
40255145
77261336
119639130
124159735
95570435
67596896
54324260
61159434
87429878
135748271
135438875
141129332
127193704
67066068
131828666
136827800
152156604
128490935
119057138
96504151
151397479
162192524
147049858
147988001
94520011
67600313
54310141
114935646
133925203
156788200
124704678
110159750
40089887
101824193
155556905
162243111
158935532
134470633
44175795
106161974
163725233
154360421
148915565
176708637
39829712
141539262
155858600
175249369
124493487
110675932
39992844
40342623
63998420
107906282
119312347
131789492
137983318
123917599
99464193
93182216
41332626
174481977
168262646
192670733
183379862
140566148
106663072
169912703
163329111
159787719
149394799
40504573
190245249
197916617
193756773
187200953
165103476
181728032
191934103
197717529
212053580
202180121
171430757
185523020
185136189
187200870
189075686
97839482
152846266
160571876
144347583
103111130
80010671
106707916
128283617
129812724
145794598
104931298
95533641
56558349
94199744
100208711
134101163
139106697
119246689
60478251
58191292
124674995
146915127
141705882
119226766
97805870
40094337
171651074
161738154
155370166
152348996
85808934
143961840
166235160
176853333
183792109
151638763
38591752
173605894
171718306
169933604
176712205
112209951
183040927
192687864
186913410
201900082
172607511
135882179
135034579
135739659
105266423
94776803
235319799
351690117
412526716
391360568
406598604
289893160
43355482
154944172
159406152
163798729
141494937
132732435
89745399
122818586
151114638
164675392
156265294
68418819
38778086
166206147
166073495
173716651
150480476
83964334
178127567
190933219
183344382
190555041
168506898
106110078
151014023
155051025
173479334
166740771
49832592
80720994
70129553
116518778
115928037
130789192
58034461
73671328
146675913
148020757
143679161
113034179
88701952
51654363
146680046
145327580
148872291
149506166
96473092
100482950
168519067
153522302
165991067
148149212
38600489
177725234
169656722
176141380
173053948
139206947
174499426
178517099
172658065
188300547
182835280
193255114
187241272
185610690
179454777
170105502
131180669
163288998
172415747
180981411
173766948
39955722
148530119
162695945
195173929
192643260
138744335
73667234
155428928
162232048
146845664
155055493
73479206
188274599
185488106
161623558
179575324
176841399
165176215
198560010
183441433
193940075
203153190
134838929
174650161
163032159
180669617
166374887
41828345
183227672
189622262
167819979
175514786
134989475
175367617
170041017
176414852
182981969
188982132
117370560
118105582
139858921
87107025
97956278
165811576
162436649
165277379
143025907
144438016
183849529
207680220
155298192
231867604
157727372
143581892
159745432
161344547
130064489
127802903
61482029
161342977
169285911
152968352
147217545
84848161
139202819
178852597
174783366
168184828
163301418
130601823
170220800
173860214
175371987
178823304
39032405
174392472
191830022
192967560
182049704
140384571
139521626
141873029
147021714
109341185
110925303
101176553
146954378
148104196
133950541
114231416
42373257
114280966
164648091
159601825
153078768
118421113
39279234
185613429
197888760
197936111
183383790
150822068
153452412
170443909
165291183
159236323
186505194
62969267
149564133
162969591
167298159
185143755
94111266
174437060
179949152
188696019
190135323
161010341
143218788
165809482
177843778
154220388
162783737
40006514
149935890
152060285
151602147
115518958
106710713
75841642
145305615
153411730
148535522
135905042
116078364
105399931
127708673
138678587
141084228
132436461
83799912
44599857
122814435
132332716
122265886
110579339
50048353
97666782
134057480
133223565
128005291
115090849
70024134
63408973
119734857
150371749
164778985
138872089
99037939
39055290
117419963
157107407
154831878
151896916
119280752
40600238
134817560
157342817
164879679
158468466
129677497
158223971
165976267
163285755
144486969
117675083
111170780
128909752
146758607
128960891
144005555
55521116
46577568
154464261
160789241
167870755
139765862
80785030
177454101
181716764
170722819
189527375
150600246
197802925
190144390
191782543
174300180
171755176
115362048
162553553
161889176
165361536
172400072
39483402
173970107
171492203
184382990
183313818
140065319
132036669
176271151
180664223
180505680
166664894
39801334
78274358
74308646
86254884
82432104
53462369
152306303
151184651
148479049
168001043
155467773
159465624
166591793
169977091
153190762
157609456
88770354
156583441
155708668
169770884
180125465
58616217
187464189
175416324
184588131
183029328
156468934
189682301
186110013
185568054
184931802
189449836
178841038
191036926
189154461
192591618
200156738
181840757
185611958
190803218
171945011
181792759
73105997
67553377
118000172
129026204
116499978
92128036
111492550
148803395
158656764
163608974
113193407
70748124
166796721
173358313
172011261
155373130
134181549
45942828
87128879
139137921
138590722
147154672
105073160
133472044
165920216
159700273
181158675
179717235
75075922
39942196
154077614
149406327
139439874
171682090
88659263
167219692
175421143
172741026
152210123
174047715
153280837
165747986
161879074
167290990
157821671
38497727
39461441
115429527
141730039
141758863
112360148
83954612
155294980
161732194
146728083
163093495
164858848
126143245
167679886
160493328
162325891
154151516
41494189
99400453
149319776
158464459
171552178
128764812
51429695
133253967
172069069
161232355
151578299
145455002
105240711
163498487
179598132
169682621
182170241
54911401
188101031
199626274
196737113
193145159
164477767
172999486
184011459
196437956
194040370
190355029
183059431
162318082
186289065
179736851
177278448
164446381
180852846
193456604
200275274
196572168
185051466
188225687
174762327
199240597
194879966
177722792
178417617
184122800
181962262
182337423
147908970
169679580
186929048
175984219
194559954
39847035
171543669
173415117
163570167
171714736
127313170
180404556
186913192
182179104
174388334
171089240
176274429
184481963
173501226
170745053
172780696
184068798
197836838
191972794
186703246
182729359
183997100
176604274
201057295
194140402
191560028
163719876
177810177
176952814
181520800
182923755
102952794
168373978
177296588
163003271
175217612
54634334
168957583
172492952
185465616
178318953
158414682
125422698
172762250
166136142
169505265
175093172
39720031
168256643
156460892
168958382
166008655
57381939
114493714
118891241
130373560
147510405
124223975
104326316
82599272
41245940
41361376
152072825
156519430
167710511
127559193
114911185
184196878
176152538
187060050
171784743
150101282
99600075
154958979
160511546
162798832
153004594
52657520
129337325
173069018
176572835
173424380
145599186
39884930
169325458
174472941
187797924
183488038
131845409
38882007
112697242
133147152
140083478
137790024
150187998
157835178
158588387
130926596
145325324
163495071
185138950
172480743
159314320
148915378
38466565
124248405
156091532
158314340
185447178
114119937
46592013
194808945
184524904
197181181
203292650
137186024
110136680
167236004
148740182
165009336
172810751
46380936
165914840
193153528
182326916
197813660
155503584
170483313
183901555
173569990
178901939
166798378
39830756
113143888
141805956
145680002
137604758
61033634
43390509
132021074
151466871
151269221
140640216
98593125
41645295
152601471
168306488
168938755
170985913
116994694
104770067
148404974
169250148
150100906
150084517
40701830
101883206
168689790
170411998
150419494
171783241
41036211
170138411
182241853
187834441
178407401
141885679
184824422
186489703
181605348
176217806
167475023
42856966
146466938
159556681
160032306
159936518
55670864
86821033
107653393
137810812
139806788
150413264
93242205
65690808
129599483
149570527
143575135
115295824
125748219
95993302
144668583
169466688
149746779
153678134
58505845
243125690
287199002
319183619
367531400
407879342
381973929
360605108
372152241
366691915
330399309
309854622
304898504
222008499
193027408
166599126
188128476
166077992
180114124
148903650
165295829
134971263
153414484
126882310
94264615
48310875
59289863
68696711
142465660
138707137
154355702
135277289
102712355
81229186
140267770
149669651
151638208
148397840
112889035
53138103
129489564
162017705
167856700
154418651
128454665
38725750
174477211
173343548
183448819
196182337
140054683
165310301
176112175
190070048
177523440
188087894
148318466
174855210
166752965
159651970
184617146
40427963
157003153
171267632
168051185
179752862
111541009
52389003
45115730
39488215
122155255
124943265
163156167
135261653
138955863
109409691
76664048
106294142
130464317
136667527
125291895
133307026
59724566
63577187
132432831
135976335
149918707
136383309
95978159
39443401
144724102
156146124
156541210
152214476
118249680
143158577
174571768
161004090
168495298
174182476
46127832
173936009
178506460
171557054
167590847
107999803
159876116
170285719
179911743
182704839
105537078
70235287
67034953
120513789
114015262
122533802
48351435
107180413
140427248
158196262
152063329
98162760
200875608
183321450
184503818
187116468
184807354
49280564
127959067
160819246
151528670
148643030
101581727
102720023
154613326
153159197
158146034
159053997
45343475
164012051
184612022
176637185
151968263
184051669
91820972
155367448
179620379
165507511
186394610
66619525
165705524
159435097
174417036
149437728
98738641
184451635
183810535
181150211
182095096
169661416
138959609
169060131
176908179
194611955
187093813
39429051
193876909
193911693
186004120
187238143
147805162
178173024
186273308
196172735
180680788
191125143
170237370
193721280
186594183
198605534
177938485
165485827
180961827
161826701
164758726
176242062
49769031
175836416
169233835
169678860
175489431
103260985
46161771
44393661
130304818
135374231
138993724
112406813
95409365
117324001
150971478
147310018
136507962
131610268
41706410
112545747
146229176
142221253
153173537
108200410
38959325
124400560
156697054
149335172
165371800
121172324
41688744
168666629
176542378
168937141
163615329
108881936
185198339
186644292
191984757
178696489
168189392
135764693
169105379
156426191
159201302
165272657
41986728
147574247
158295465
152244067
161856137
94706493
147486166
167033960
165087995
153131959
161337762
40120104
106023979
166748174
168009821
159690834
132179179
45210701
169941123
194554974
187670416
184483477
156874031
186444961
189720703
195235686
186763067
196315219
187394832
182593322
196464311
196455189
197610977
189890544
194092465
183089145
185540565
177042827
182616692
183414416
198943396
189982580
196267896
39829725
183219501
183458128
188474100
187226388
134142268
167127752
196124008
184438866
198328318
171716926
192609674
194197746
199814586
178855567
181543676
190745093
180542772
185023766
190788997
172326067
181096227
185377136
186194635
187707511
189647288
147905287
172264518
190036460
189309164
186054920
39137530
153054475
166381786
166179397
166796839
96279076
39124173
179325562
190717177
187428590
168255276
125808311
194243035
200610685
189791882
182394444
193437252
181573079
187556922
191827240
198126918
199240022
136193601
180763608
182434381
183869221
194066521
51446178
173807254
175310840
163585466
153703308
94012494
190621183
189700162
164927015
185184439
192080727
173120593
173021891
193361199
190046163
180690531
40381662
165915677
173114791
174058689
180550194
124368158
134396111
166241231
170234432
158671394
176170852
43226060
131055951
172953761
169921240
166357041
120298042
40475834
165102592
186346459
175528811
177569553
124873200
184507216
185159323
178099168
182946795
176545063
187993897
194251707
195902331
179386829
179546777
130426541
164674165
171004491
176137725
172058384
43163940
71682252
67972638
95275312
92819462
76036169
135379860
149124427
153307182
150065019
133767044
147885671
152872639
147707873
160215548
161507966
117716351
180124398
174668277
190119453
191076386
117873025
176148512
176535272
181917789
156788773
146342621
105293524
170026290
164776774
173525324
197016358
77216061
135896367
178317521
170496882
161981162
141919595
39729720
175838905
184026286
173584257
178004632
128793357
57301383
57539515
109621278
103558318
109505702
140098171
165564470
166882589
176850095
163680129
42430006
177580485
175103419
177090213
173698082
112609422
193731209
180864909
191475280
189377677
178165206
188416782
188472081
173413942
185256880
192238002
192038673
184849432
186320274
193679579
191511556
143654609
182748269
175930106
178972280
180377329
42729016
143368042
142386324
136079777
158478042
41535304
125785572
165996561
156164017
150840191
152367800
48889557
135268033
150455847
164160285
154377801
106722080
39905721
157182940
173833513
171323410
164307732
116010248
142406519
169151356
182540102
176036439
167013301
38973131
176749714
178333030
187298983
189695089
138270081
158054569
181691571
182209740
171444178
172025405
39360392
186021237
186056398
189999486
194806980
118881945
75293989
80795034
79912423
87443141
83841328
115175700
163559246
150046597
142745711
166236208
43579791
165139794
170781379
168189089
176985592
78283369
84613809
149419346
157001645
168452067
132084448
71868467
155625379
161376256
170672884
160331945
146952038
106207032
165102083
188675601
178461946
173235610
55199210
190365526
184653902
191282518
193526645
163718124
183881241
196409195
200093940
194594988
203514813
162893591
172024355
175546361
177793004
178511393
67935453
155749053
168307156
167841190
172829206
146720952
108306585
120593052
150167505
145597567
160741244
123016774
47610502
89286768
154801440
150667795
138672857
114060801
86196078
176565670
156646898
168193941
167793678
75980572
152250378
171855568
179505587
160599491
141526128
53625549
80847917
137169906
152122553
162167498
100329266
39139127
81502837
69287429
62899818
71689129
55508335
166550317
180242073
191874278
173097848
148655930
166220473
181440650
153962036
182666038
163203034
154251023
176333978
171728711
181596307
192626718
67410514
167093518
171877639
202333308
166580760
140603648
197691300
197737061
178828152
185537541
203910546
176184846
194846778
184154879
190701183
185037555
194432700
183123031
184575684
193360393
191013985
183032661
180899338
189406123
196484180
192676690
147971077
169624442
174140656
175803629
184502779
61290405
165265383
162130385
176916726
173063234
86902715
177280281
172860226
197926680
188746641
170678088
180011274
196282168
175558874
176320411
192216693
167565495
191798015
187911523
181938133
191523046
194181180
190687950
173083079
182685315
191931327
40210405
178594407
170663319
181472011
177405660
114268257
174275848
181372217
166438669
188856004
184170715
172659286
191287591
188961012
178066185
193950630
121267858
161586745
182068783
170631718
180361336
38261106
179659098
179193127
193249362
182547501
152654293
168702955
186738141
178966416
179928841
185212946
153780859
172656935
164571832
183108293
171959690
61433060
55363786
114863206
120058606
117410475
78602244
68300264
67256155
123073040
132782219
119897186
126843574
62217620
56608315
142550647
153200463
161374672
125409162
119040418
113697016
158503624
173809391
148474876
148786719
39079868
151040682
166234675
171899604
172196126
114153524
150241953
171607825
178160938
167330012
160241625
40268719
151455975
149868308
162196640
162836472
110086900
107206399
160140472
166429115
167467105
157665770
39696263
164586406
176925138
180343971
193599554
146204692
181554447
179367115
177204191
186024606
173863350
189949538
175275524
181346204
187829522
190958632
67449035
174406757
171369268
181425217
173713972
83279992
174295482
173388585
193811038
195352457
176035154
186768959
186809616
187847833
184999605
200427211
188646026
186114504
187345144
187437147
188538415
177216513
179562643
179140467
189594617
184389538
149710971
181920665
179200472
179462473
187079531
80008144
153337379
175777066
176086583
154521922
77126434
188559601
188348125
200049312
163710189
177922668
180849697
191901987
178488239
182365413
198761319
188094865
176528543
187103921
192804927
181885222
193330228
180463301
185287188
186344976
193871322
190837058
194860070
197040197
198754664
256989568
71275605
84377898
144710425
145719595
160233460
120453847
83941897
145811776
138619886
144468057
142224815
132341474
57491087
87863381
145774106
132748577
144802192
104137387
41597039
169842590
157077655
180472993
183917564
143669780
141342887
166899274
157815633
167329591
139534751
146573079
140859116
137767528
134871648
42780061
121409205
132117789
144042371
106529242
73274114
117468443
117092615
113065877
38584619
135733225
146676072
142318285
111531515
101669977
108916299
84506770
113598380
126535311
125352398
113878523
78368970
102694325
89699067
76549250
75458523
39862940
40133244
38778021
75340167
74587130
39866143
38891809
39464847
42371183
39490822
40143985
