26840725
40145024
36658216
25880441
43837547
39753403
33216211
33289146
63014511
88507156
80689490
71305016
81777582
67354738
63155322
99379383
103805165
130419577
144757866
145788678
122197205
142588383
176627410
149682603
156790587
178393571
196341986
201969558
176129442
158172308
159496842
169701693
126590094
126391780
131872037
169725299
164678845
211709907
201963592
159443919
173335238
188424228
151583760
120417212
101077816
159849861
155143011
180048951
198993123
173965104
204509166
176362878
210618039
133669213
116803855
62618013
63163689
165027294
174121987
188825014
202052667
202805337
153523187
207692927
172123851
89726435
71147891
108391900
181399084
169197358
183113837
204965133
216010050
208508578
176539598
173060440
106439186
86625147
41608639
69325949
119529788
176287981
178725936
158858299
176775738
190407208
134188346
155100130
177632296
75298128
170421809
184691233
192119011
176499656
178604967
211971193
168470667
166094525
73344452
72275314
53881195
163898563
184646657
194832367
214052668
194570044
171574884
176589339
154714498
117894893
107024458
106121835
122606845
174141712
198959054
194568293
195586217
208648942
231676953
178843893
144906819
81340084
135863948
213090530
222242893
230718378
180243757
200612417
201041596
236060215
255911003
49879182
61572884
197544975
180456622
197395166
198332087
190369469
202593998
202693481
208058310
57802487
51681482
171921575
199450006
196577530
208245573
212480357
215313197
231412516
185554222
77667873
75794567
33992098
71334401
87629843
92994374
188943019
191863349
183995296
196134716
188506447
192160599
187840799
161159508
85570856
88918989
139139786
140990694
199186151
190390718
170707546
218176226
169148203
174933678
122936638
151903494
97543975
100268087
139041115
147944021
160677138
176738847
174062619
170607536
187902588
183475003
187394106
181046638
158503325
155981624
160630332
163820739
182460084
171078904
173802800
194857431
169690211
171462185
171946862
172339029
166802932
185765980
175656717
191721681
199325102
186996491
182850637
176076188
149123571
153643658
134023766
146107159
154693232
141023290
170336739
204002702
199790546
168834394
198612340
192514847
170484860
143224861
124026823
111138487
124799253
164973510
169578214
170579997
161076073
172759043
139079065
210121863
165760543
114620345
112874649
34589210
73377936
178294587
194004046
190360624
187544326
172319786
183688326
188755835
171441107
80889501
36561050
121735778
170845780
168607377
177305313
171118060
192356513
171398913
181817569
151520603
114321052
111362153
130544635
145661373
168142249
177872939
190486945
179047788
172010248
172898806
171876811
183687193
123171817
150624170
160083506
170589002
176122447
198898127
200196607
217044682
183990974
186623948
190034703
143774296
141507580
151816727
157312689
182517755
180404724
159199487
196694959
201393854
197225301
166909160
177442917
110049214
126564484
124637616
188839407
192970955
193133987
195979969
209226671
172785257
175200399
158997502
71122403
79916638
187785460
163598446
196285802
199961159
179967164
174687414
170913088
152483352
71794617
53085897
166993559
171170715
186538948
167781291
194950551
156102411
180032392
157461494
91055719
94167607
51586090
48944125
168644379
184915660
180067933
180009366
183387777
183171502
169486826
122452806
86715784
80307092
146360844
187934049
191628951
173948462
172962998
191191904
196064954
156450393
115079683
84001276
56073754
191925095
184367847
202203497
199862039
182119221
172582556
190567466
157898687
65322952
60450921
195375397
206255427
192454795
212869551
192160383
215899815
210212973
242425329
69677538
63324401
197571307
199891939
205118967
187036678
195821591
178735468
213192902
220886499
68615765
68909975
184957517
192907184
165433266
198324792
190714393
179172244
204294836
160641610
73247481
67428490
82034862
155452112
175826466
165071033
192509805
160622352
170136557
140138374
140611372
91312725
29413673
27089670
153946892
190851501
183836615
168315750
193292659
195391931
200533046
184215221
119464237
81727468
56993720
176874306
186514475
170937827
182899027
176436569
233676445
245339320
179526901
135196854
127142470
169277392
193732455
181347440
200660329
198952811
169021215
179740896
183748439
85843585
82652682
165901497
185939552
184408135
187857614
164096539
164389464
167744028
206506990
109486217
82582137
129202376
152414276
197095119
196876959
184483210
184652369
209583689
178459548
127379738
80599611
72065915
91608792
184134900
191263447
189689181
184524008
224719315
195034379
174091983
180209344
98980823
99404856
29129267
192599076
189469854
199806226
189033538
180611614
178031747
182016542
185051638
73590240
76466055
58685412
159885001
168460645
166460098
175903114
179820235
167990349
158714139
167665342
159260235
154420797
167168920
189809899
174687589
173130246
127523255
160250131
169206164
175023499
111176905
77942355
128618906
160351525
176164860
171550116
190377510
160064084
205577724
222055246
179845104
155736884
148751367
154351213
199500107
189457016
200408573
192061952
180725372
187663775
223235217
156560156
108704350
93824891
141806992
193350621
166721289
200605602
201849038
179959670
175294117
215626068
146699482
88481445
107292303
166583312
177213092
198889085
182631289
152115730
192104460
200392453
173322342
83434377
62713071
41537546
148468305
146969928
135205650
167153170
172024696
161492109
152169763
155649502
144025390
168719071
190325118
189795523
214385220
177906950
181976809
166489218
168567505
125919779
101844376
105934261
48436935
61150240
199473615
203318559
216091347
199253737
199614788
189018011
201504764
194098853
75717260
79259010
83576784
113772911
186122993
187926487
197430048
195949088
197567041
198840664
177873020
114681435
62486184
71537159
170529473
208444392
191894906
218094299
216216435
216613421
205135873
191888999
72283838
60762739
108506919
197397179
192520168
193549333
198533948
193717004
194395799
178178390
149581928
67425559
55832457
183987915
191821446
195372682
198153890
202468170
198477930
164482295
194024309
60789694
84412920
54865062
127353614
137866755
136299836
161319712
181980243
187256534
181445899
169678426
214934817
179801595
163450999
191558238
164079066
150953344
149373436
165471375
168535674
141708884
151943852
102978038
93958425
125820744
123803591
172802209
188908166
171413801
198730691
195932913
157198471
182743538
122376971
140356692
142439043
170221786
163708080
196097916
193443041
200982331
165398372
165869095
142159352
150199679
179857351
179650251
192975313
155248422
204105584
208847641
179588952
179574751
155524172
134478953
108273277
130242156
148022537
170120530
165745531
195675132
202824956
218772511
226163822
145964425
157699233
149175377
167974377
175630733
175934767
172888536
172031826
164670637
165577510
148154135
152311831
118197356
115916949
129467791
131876557
160467602
153636009
161385399
147613731
155351261
165330037
164820424
169995021
163833296
186051104
167374173
174689007
176127466
221434423
170862491
173992664
156428275
138313195
117672811
102800776
97176362
147608675
163496724
167235366
171346038
212208039
170102633
174367142
139948074
147443740
143367031
189966252
173032653
169000991
199992637
166775769
188662755
178221396
169548166
127717178
130537595
74711534
158755843
177192128
177518925
179172952
183549774
180068077
200062625
158135980
96122461
117684613
149039788
156069030
198219609
184894667
187855859
188193892
199440810
200928713
163301865
147187568
90442890
103802816
186209274
187407201
184621333
186603563
213904640
160014039
221229077
172637161
88658782
73925766
155589471
191979149
188950447
208513776
189211685
185784300
169838804
167204971
71688091
63092581
89537901
178958856
191893968
189018622
188586115
188870099
210031517
168722049
168282393
80438479
60908305
107978122
163445750
190037299
180261650
200382047
196314163
171208602
168777760
159721902
121464316
69158396
122868174
162440744
188848626
192479848
197587090
185950135
213743901
180991962
168344857
132253890
114898940
123488138
146426648
172318932
197850569
193739941
204323747
195661306
153443709
166932593
120092915
115093541
105878283
196171824
194837384
206683476
198805552
199173292
181460981
180826394
167450666
83579196
65340854
87300593
195044859
195722686
209335198
190878614
191570715
180216207
213692507
173625320
65763396
66241919
160788481
192520922
186304918
201040895
186571118
186584534
157821116
129826274
71540853
66457529
131703506
191463797
189104581
189459935
202443000
196720834
180749204
167757064
139785826
76710589
67775266
120482713
124123224
181078569
208177883
203832336
182951796
193571070
196297229
164224586
161806432
78383812
89225586
95912313
179771387
174124162
175343902
183148056
174944549
205158996
183944180
126987602
76211342
74216315
172585099
171798153
169382017
192179128
208053621
180750695
160435361
157183729
89590283
102420870
179928325
175988446
186745756
171915484
189057972
180854166
170417950
174140169
81356880
73990172
134133917
136945862
172667282
176184316
168861627
158935291
163700338
175534115
160085526
150435784
159901419
172783044
172585437
161402832
207608822
146809017
138579472
174730708
114532214
108687631
140423964
165717562
185477443
180028133
197884208
196259268
186168483
159265757
157852939
134790340
93987489
59925937
131889316
156211398
164473951
166323309
183554599
191517627
184190532
177216727
150765115
142857157
105921684
134675446
122126354
156481677
176970711
176414266
182988596
170160859
164714432
165553797
126267184
93001568
99868048
151325225
171862252
195161942
194472036
183979050
190484047
180748618
236639357
156472304
143434360
162750701
177025084
170242113
178012746
174529155
179463097
172047482
172901432
168193906
153484327
134645303
151603429
161531262
220950833
196763856
162183532
180098734
193314994
189981796
155330128
155225004
170120615
168952025
191565410
173584461
195412027
178689628
184080094
200792035
134296960
171974392
134734477
125965151
161912394
148151845
162534620
160103945
178753560
153628329
175399471
145276061
166577313
156317717
95995969
163884780
169408113
218388152
224289487
211542774
211921108
198473938
176440412
103095686
124540133
78399523
61514287
171804771
184845071
190407585
186978225
188804442
179809055
176209792
144777198
84407821
92326549
127617520
146591625
180727948
186578053
188670339
181348292
200599853
175939807
158650618
157846435
101734247
135226809
166137506
182173343
202130781
193911060
180271246
170493984
152209427
233756418
128170484
79366865
61668906
138524245
180925754
202512508
208243232
191696752
206091334
179268496
172623863
124366102
61479427
76883479
164735235
198846027
184485242
204382878
197061430
198243603
210602974
161840746
92438349
57000640
29198015
178667448
188658600
162166916
186640670
194501122
196702496
161853172
147522233
59573131
69390122
156300284
164307168
177555843
181828292
166809503
204842320
169806562
165569384
117300564
105816665
40870855
154800864
163053316
192199444
188168498
196747096
167999589
211003921
177574065
137078208
99107115
35403390
185136540
175207132
186949778
202923913
187439587
212268013
200410199
159839081
78328014
56138882
149111698
197062166
185306951
188039064
192440647
202969156
210194306
214695665
127368597
80716390
54031780
157915023
181633181
186749344
198213243
190893076
209263995
214019046
162043537
123454171
82709938
124063941
193520376
213458405
202052679
195186122
195034046
197520323
213430484
156819718
65936922
57234895
168820908
177949883
174491518
193092526
210246248
183304328
183861682
165452683
117045501
112865926
90404197
92285869
143228551
177965469
179572153
165736613
183264050
159439051
174710171
130388836
127049569
38003462
93603062
182152047
194812971
193714750
194418697
208001148
180350038
189005496
166573337
99835339
80730181
80626036
178811066
194397930
195729356
200879525
181489797
207735971
166043096
178894251
106303228
93366447
130881807
154146716
186254208
174277479
199976537
189987798
179253249
231587608
179067693
138669043
125422415
150916437
168712331
189791578
191140775
206648497
191370514
170414962
162281495
162893283
61413015
80698123
185983077
181711579
161732663
190246709
190646223
202416418
167143978
171886149
65375730
72762010
131889964
138292442
163837171
177076964
177564282
168085673
184179961
185172655
147964486
169891050
108827499
119440869
96800763
87091941
103766373
120826045
174337157
166703880
175023461
168173812
162829438
198260567
152510093
156301637
149052916
176770728
186422166
184318827
178384626
172690183
165823487
139855940
146762438
129742805
199895504
188202685
206340389
189961761
178825349
232206943
161958156
172380682
123501857
124044273
123806131
178235761
177585980
188706201
189307234
177154981
180591812
172595667
156594861
90297788
78241837
123078269
152262983
194119507
184153728
203968824
170802395
189535835
179989024
131820645
140323533
116747973
108147118
200324773
198473602
201673464
207037875
200656823
209548548
161430544
166841469
65617390
72523605
157126919
192293416
192458654
192020698
193277474
176558281
159808898
150877253
116476897
79172150
43913294
189570829
198053809
205761160
188828319
196386240
182486174
165725158
164345589
70995688
68413372
143571795
164693833
171790482
162096697
168745144
164597052
165189706
145757637
120561474
96029214
146570283
180227532
173797672
184208707
174346413
177680713
177940282
166269016
112702737
77521742
108217622
175620587
208434951
190698079
194843039
192681615
206808359
196760566
154760213
100244838
75383156
45190720
152998709
184018454
195211064
182211199
204819967
211167466
208484858
159131765
112316591
70687391
64854717
154715113
185051718
178944520
176367341
194486866
197786999
205388844
180260406
127600880
100330001
117324225
158374504
167805608
164148695
135947830
152796331
162184052
88473026
106744668
127414903
125657878
183879178
196807544
200313209
193408313
157496955
220128668
155743697
168408682
109902643
138352736
142144234
158468394
194632898
153912053
175214202
182645068
149115679
151491719
147627416
129130703
49937817
87388619
185290683
197885094
193179329
204443403
181994122
182947623
201100384
174620799
81693294
78132951
86880404
154570621
196625372
194539111
187153181
201041150
228763710
220350400
187457353
121738774
98201055
86834840
179719790
185100150
184809752
193653995
175158281
179628929
188741037
167132790
81150706
66628918
78543751
185941808
192410964
196016475
186337875
186821897
210791884
236158483
180608300
80226963
96273348
92137085
100321796
143093374
169551080
176796448
188669544
159718134
170675227
145899843
146722766
130722799
142831135
170498328
153529064
169044991
176803548
180906442
163997446
175710893
164101052
148199233
103855593
83709389
108668207
149323240
163437069
178418531
184937469
177717725
179111272
158023319
162638514
126016394
132062647
125489004
126689735
171617044
168729862
145574659
149162233
171085203
177669584
151200188
182249710
199799451
185147354
179940050
168913721
167123789
146280777
131970775
195504053
152588696
180845221
195284797
181829459
185685080
180408347
166628641
147655470
190015796
133313330
165563290
152392906
167956144
185558599
177573171
155869289
183897243
172717560
168417075
164336588
162448417
173212895
182272864
166925359
175161972
176202557
170504565
146729929
149880363
112019138
108043013
32292272
125077339
144940347
172595269
200720656
183200082
174445376
208033517
198717236
152704131
134625765
53386288
62622079
138533070
190090185
198833897
194326035
200369623
207781712
176335812
185114446
134591838
60412929
68300980
188369365
193926389
193075821
210568317
220696750
161457680
185594650
237644951
75676682
70695847
114546829
183984135
181842941
188187580
190596625
162873075
182733852
183902517
156779554
96117639
97356983
118996529
147857423
160246080
184210094
181428305
181828993
182919324
167541760
150186047
168180675
165567950
162596869
162825557
191529070
208505410
179738764
176931280
201138697
162279576
169643444
128050560
85043231
111668273
191772765
189098061
186942058
197853875
202065356
180720331
176423035
159505449
68956843
67951716
182671589
183910965
184210976
173247419
200371908
216542373
157625244
120593381
86295057
91991904
175666686
183708250
192486530
171179502
188416146
174854725
153438339
162721855
82857129
79607051
113266438
168523413
164667495
179841503
171589056
178788761
187837559
181908874
158864894
108500816
80576120
168371257
211599029
193541887
179809196
208417247
182619868
182824890
183670488
87405355
57621231
28668305
167054069
190061684
184655998
201994409
192743150
207934021
171091232
166254191
75186382
72895771
189913321
194170183
193979912
208274214
215104781
220618474
198093610
198155860
80243123
81908666
135912761
140972161
182810407
179506260
185519286
197747869
195648319
198868721
154713704
157934983
152031239
139645942
190874185
182030869
176051351
177107844
185439154
206845143
130584411
76799064
55335492
25105352
151624718
155400430
186444426
175563778
170243592
170661062
151411194
155780092
123821428
132128496
114472673
138225186
175185163
163335117
199264756
190957398
188509015
173587337
172826284
162869640
75147641
70631827
164401648
180274224
174346519
196301124
164428831
171023557
175716967
142172120
77858597
83970749
68425400
167218033
173443514
211339643
211383740
218422081
197217537
180182160
180074699
111584085
125440033
98943278
109032014
182999698
188264352
199800555
208975835
200504215
201859690
167244488
156916882
63341794
60638274
139528441
196699054
198217977
198437038
176146402
180627232
202055262
202275244
115509667
76255639
60718312
24663649
194025618
200789601
180522279
202512782
210493293
172899650
188684234
167922621
58295320
66736817
140056141
154069267
150339901
188684322
154668365
167938967
137344886
155283642
162686639
139115492
143344928
143823297
153984972
162812185
169001439
176192716
170348903
191806569
178012373
176772094
147434144
154183458
188067858
140187225
144553460
153855786
131445276
131764980
139675782
137214566
109919235
114197261
178506141
197974186
197677203
174865023
193427148
173504172
172384121
150783517
84491467
91125670
140568276
162208454
168858565
154877081
179484167
189781370
189906102
174775787
148361039
159928500
157840138
166737458
177991200
200026150
192024441
193770117
209582057
188681126
159352865
211636993
126544187
137029247
126658559
177573640
188365536
172517290
191717836
192094200
156622181
162038135
111716228
109751409
121357606
167941813
173412802
177577712
186047194
181304985
160768337
152788373
129479641
87185506
78459897
105521174
152728361
204124778
184214979
191263448
175888104
161479627
158286439
168274788
122862926
108539594
152713938
174976851
188566323
175594126
205175976
179716491
188543146
175537531
124778855
57889761
37191988
25532998
149292858
158770485
192916158
189262440
181218027
166114701
170534932
181175078
120415280
93510895
113588365
127860329
188545127
206882373
184340134
187626969
192865313
197277334
159341328
136964112
90030466
80622392
156632379
192596396
197866881
192082725
197341346
194925533
160076836
178816536
111823055
72550586
40614558
194209926
198186519
210311049
188695878
189141715
208253044
204919086
168464144
49314061
57724220
202372478
203346048
194105284
201580601
202954249
212438843
210354024
191065870
71592450
72222969
144252822
177341353
170930060
181538750
174122471
156428612
156581059
142920701
106088653
114665440
147783851
168821575
179548732
172770437
160871904
174402440
178565056
151814154
114809091
103062357
59359085
120919609
167787994
200317098
200213023
171724402
186006948
188507890
189784498
136758383
85576591
92751639
122711142
186684604
184997043
184207053
192233922
185096435
204782136
175503185
149274524
73725541
63237222
104631657
175006209
189489740
190558853
190942464
193054761
186093071
183167979
158389148
79597494
74781640
81552450
164618253
182644038
195662640
185930509
185724344
212471139
173284928
157851824
90593877
85633629
102193349
138636268
172122464
180043320
169023802
192248068
149491193
174046384
149452233
139005673
125527765
105977536
150467662
158409339
160294961
165091641
162178273
162633066
156088436
146558934
152276763
107900100
139934961
112867225
175784040
177218805
184639169
190415860
205537474
179876046
175737362
145801454
111304574
94245171
78978849
118502779
134046917
149084985
170084110
169936380
165933565
156107259
178106822
188841303
172111608
168552958
161014582
166632657
139091210
158826055
172012969
168767635
177475496
181794129
209537781
192377522
175451047
162789896
229318775
149881639
204666881
182044307
150622911
171018459
179186597
169228479
181504082
172260710
165905704
165119671
150151139
156418409
193167277
181983271
172766635
164562208
165018242
162056231
152162777
151507349
124367650
99821019
133643187
178311957
180725924
162437562
191145789
161678729
226646677
163945061
163253289
125912222
131715913
115289944
116729620
106923252
140828496
174568640
179339007
169950870
186550911
193023995
168852056
136022011
150724336
106506436
125827929
124028641
172070118
187509033
184841143
189990343
191904461
171358132
157159868
115416860
76610294
82189155
131109586
148029954
154253580
164853322
194913790
170001520
180899889
171819984
156441120
155719283
168206156
152710920
152149946
177937493
164881856
187752057
185521842
184141764
151807750
168325609
155567060
175474230
161401137
179908730
190639564
192959682
193700815
194589620
183465791
204366441
137902308
129198419
117523988
109414766
177543905
157904528
168993382
192120180
173935209
174919261
162329844
134633047
103536102
144264304
156023948
152427525
183149728
155039967
164801330
152897586
154549462
132719731
142942671
123094715
132802200
141342586
143940161
143178418
139423100
143358168
162476739
174049482
177203579
175204175
184191919
167157726
177798618
178691154
176262951
149087661
157707935
146108839
163814218
148797401
156038478
174780786
167200381
165897057
164594621
148221470
148557779
149787008
103495728
109531242
69893181
110545443
111508763
168118927
156113442
195283919
196373225
207428802
216631674
151498172
176898430
58173423
67408000
155384741
169334436
194790054
189220858
195772482
192889976
174557505
182207887
101607959
103963185
92083987
94596894
176956865
187701045
187437828
205403686
206526335
209960074
155907531
167985497
54815700
63442457
134482695
163848230
194198674
181670061
196250679
187168175
167714940
164522817
128376043
123715492
72713596
68981769
142924883
143739343
168410999
169536954
158777078
149242261
174274756
164497783
126948823
130164333
56436700
29977111
180681822
176000813
191341998
186895002
195745414
171874582
164177297
198815731
61798041
79959421
155891521
198354338
198218214
199268701
189670193
165821186
195970094
195968057
115418754
72891447
44160575
171728551
176962311
191206001
180796160
202202049
148848421
165671724
146839482
79334630
82069163
174426548
180823180
189525978
204980200
187950979
178462631
168022509
167862251
68610432
65662147
193873530
194581902
196913279
184935441
197480626
221331409
184133846
185338545
68247308
59692805
166416479
176687342
181784025
196913204
193365248
202787796
163935099
171494746
86787484
102832488
31165997
143079803
190510944
196507223
191163588
197799875
171042174
213654796
168843292
129182854
67422251
54034536
147949267
181808370
190379859
192674482
208923293
168538835
178574287
176319457
136107670
106828280
172133595
204204815
225967068
208663531
231155150
191999298
222676217
197482430
149850426
63066797
71229630
146674473
179950108
190285620
192033523
187710179
171681565
180032681
163138177
138816926
110556330
124838424
152777481
162917484
180061996
157881715
188911944
192642642
182735085
222039872
153620576
138623557
154009392
169364874
188337566
203219117
224042848
212498867
198465196
195354159
212994242
161962968
126284114
91834968
81024547
141599730
177252079
186779626
191210511
227671204
189837879
194284971
188968315
164416967
130982013
122273699
138136793
132447927
136596398
129797971
152876814
176558286
174961110
196470697
192225261
185254299
150697630
164100006
157836864
115598762
83639037
102911031
153282154
175838895
196964927
200825525
187893055
188862284
175985863
172442517
122927540
148086543
115904994
118401052
184786630
190577716
207214961
207533055
187494261
161044090
153063488
167662023
84378651
68236097
34902076
52833216
166371141
177309778
188322949
186485136
195746000
174513113
196255279
171982997
82439858
89387212
154188257
155067477
156092873
174805190
187273789
179060235
186813490
213529169
155536621
152083362
153457628
164030377
158266817
156262823
156691491
162195401
166706267
149951601
133181258
110357306
126040232
134493547
193232050
199537255
178222770
224165401
221368922
243426337
193988486
140002940
93308612
97087810
79989639
149418067
153035621
180208615
187656747
153010592
170679845
175231579
209597857
153195457
142839563
122232862
129760594
121196324
139514909
172648563
170226251
155969014
183888443
170120766
196340184
154253693
147699784
172696521
148689342
141711793
191313838
192231875
192815851
207946524
184164037
188286016
152634439
133790438
109088905
86724161
120740387
153544475
144357722
175761011
184322136
158462967
156709219
162289953
204056709
179757835
192256762
190961902
181402644
174499293
194633154
166596746
178375397
155558448
147342162
148917468
142317935
149583690
158461794
169910502
171298754
160790307
150342835
137553556
155956011
164492211
161989616
168622056
177057527
210186617
180623682
184303483
176171659
172841519
152934834
144712795
160375992
109771652
129580437
100132667
139326388
143699811
164976479
184762245
189959269
208146076
182295831
173698340
171108285
161446570
118441207
127843938
110407420
139350713
150992345
145011311
168530400
188895393
180305608
171133667
176171963
175985304
168654613
137860644
133527103
118258908
124048096
164208034
183813269
196165676
176495801
186891073
200824160
178673910
159746568
121186570
84229778
157930344
166004292
189517689
173046872
191728273
172413905
196404920
161862891
116275103
107780916
133846604
149883987
184084344
186422917
187842883
202225570
195490543
198082185
158812126
151792010
111442493
92359090
106479812
166929857
168960285
182188744
183217676
174889610
172407268
165879482
166591839
104088369
91888808
127644201
157441820
192275465
188612965
174365158
200548275
178797029
184358303
164047261
117101798
96827934
62255382
151475143
160158900
175912014
180332517
162143307
157801091
162164050
163529820
163209357
179395669
212883265
202883566
244131887
184151520
190012105
194194926
172543101
158143614
150786756
131841148
157717545
161471502
166205709
138352429
160436699
173100233
185391027
174413514
142580212
161894246
162338367
152716334
179333721
165735734
184897696
196484341
158714741
156319196
147277576
86192905
83519639
162826855
175678771
192804130
179795540
180905945
178618954
161635076
164995241
90208130
91815803
139431685
178390655
185379925
190891628
204754268
179015310
183024489
182323245
135331028
104216695
95820783
172200881
176211007
188776675
184471764
184886540
191612907
157431998
152617997
127109992
109125262
70262734
109138857
161982468
157064975
187766965
165193949
182785925
212349555
161829422
165048883
123957794
124301503
117370177
145998564
138107966
156218157
153717851
178781707
167116622
150381834
150425714
161518684
155737263
170638706
211856234
158897605
154838124
176245277
177134241
110124923
111847921
117763372
149763758
156345605
184991227
189828358
192577985
193103247
192904273
171708409
148421185
85715658
41669759
187226596
185986976
201372701
201643083
199099302
180036286
140005479
174666300
71866847
53845287
108848581
182470071
194694789
196158544
190616974
200937060
186364227
208804844
153206875
67222010
65560107
158008938
173453297
184377548
184887949
207339449
175960887
157822483
164826523
118730849
105719360
60207350
148039559
150373469
178642361
179097791
199865376
176614028
173609775
175870502
131597396
131518045
49202991
118704495
180735049
185171055
198432141
204057656
185162199
201897139
168007604
138690763
89465768
79081197
32532372
193802568
195333900
187973747
188273575
200797943
204292806
162165354
162231447
62514800
61552910
192491110
197580505
186962279
201671494
207052581
180662332
182110273
158720630
58940214
50894233
164554077
177828318
158238555
169587507
188323431
184421268
151174953
135558687
68641430
58446817
186564233
177556922
179606712
194699650
204539434
190091947
170817769
170069309
60745382
66684631
132126192
153356691
185152834
187500776
195914212
178420406
164803711
168253893
135320403
103959764
100224459
162053084
172035636
169570131
217257987
183958666
182089402
162303678
135139516
100297170
98229230
63623287
127894875
143080302
182698633
201624211
197563714
176562324
213092826
175659891
152137082
98263248
87320322
76556069
180583447
187630061
195328660
205303536
176380693
211725331
211103763
170173346
59903516
61749355
159599667
174485918
196009000
200663218
185847560
182449836
188128022
190262647
87398868
55485543
33332749
142506781
162672202
178513612
184128515
165082320
165331213
159735995
148480728
143792062
145593591
163236028
201406253
186624307
181658809
191250898
171243286
167373900
176189457
103843372
83004563
115118551
126535239
173114839
161849209
194373688
214991483
194928358
180491097
151553165
143575079
102593471
90123084
159045796
186981696
189493114
188536549
183301362
196070381
168463312
167000178
115836783
68153088
75858480
150058005
172068832
200286671
200605125
194397317
186585210
210419825
172639541
116613275
65033213
74791086
162236863
178503635
186808865
186552640
169840589
176507819
146908175
151831851
89341696
76904526
75952540
167770218
185238810
202578661
202057149
206664467
166360151
173038380
160025820
57119326
62809879
143494658
163918999
149535672
174939792
166584343
158077502
142134663
143267712
139592427
138683735
163682403
184533260
194514017
198512706
231540897
157989288
187359391
183893752
132405081
75191233
60932943
152468020
171774918
182982166
214137454
190762219
216854410
174206851
178426447
147712855
114544062
108765119
137340626
150934001
181274372
178623951
180904236
187268844
160577487
148623829
136223357
82806848
90406828
165164540
193573312
192604195
190028154
216412235
180551765
181620608
164606665
114600208
75559077
48383354
186345548
194153788
199157597
197169966
198430153
204396930
165530685
156296519
50053919
62693195
177361705
191787319
196091253
203314812
184188866
186788375
214762831
207790410
58004431
61259148
142234375
163726762
184272261
180159226
193095290
153398997
166821403
142277446
143879795
129217093
122645445
164994389
183092615
207604701
180672992
190273106
161392308
186072550
162876367
140947806
134845705
129084428
133424659
179928885
180077016
197225441
190490302
191558841
192561771
168885086
107906627
94261156
110473905
162857713
161659030
221620524
198020724
186511971
201428254
172498146
202437269
102953126
85461035
59126093
64213570
193823993
199589907
193595660
204610362
212080690
150618446
168976895
186916429
58130459
66528357
192307963
193622395
207746104
185346841
200613428
182226990
208209590
162717935
59729170
60515920
183267672
193070697
212658246
209018023
209870858
193722739
197042798
213228120
53303449
56213951
150965379
158870262
179999797
181441422
162508173
208151985
184965729
143372181
130680968
128030277
132432438
166597091
210074664
198122047
181984103
172493002
174282631
142677354
177411823
164278842
158491654
151159413
170186419
186163531
188599342
186579973
220964414
171128294
175769720
155548754
108304997
133513121
171524819
178728853
180226211
192531589
176902972
193673407
180743993
146402762
72286251
88535458
30468146
156092177
164516371
183762347
184750594
173025207
188361189
158252529
173083806
115996358
108332720
172457859
172898508
172236056
192704331
176993362
166354535
156355806
186921442
86953911
100565504
148315170
177631074
199332432
192899699
189960744
186404307
196660030
175277695
140305074
67515479
80449011
142925211
150118114
184295438
187071082
186052882
188395540
166919039
165790449
143289103
109438179
60147670
173632334
188230376
194700533
187955985
184478644
214990603
206326022
176431516
84721470
80041051
161311156
180605808
180101982
171748081
179562801
196403919
184936226
168002788
109745399
94379148
108250805
132868586
157593292
181882652
182087275
196302358
188665079
164287282
150165964
184739103
90520517
135779258
174681794
181732987
177747613
178510813
167096581
209987761
159379222
148914967
76996932
82254361
130473260
168161803
216527973
187536683
190903127
198601118
182587542
186985608
148638234
90030871
168388158
384156126
396022250
432309691
388171503
447105944
403648633
423884822
321357750
227846078
204198963
360002626
375988120
392034380
431837161
376100628
363973997
355886067
363933937
275960399
254004933
315500814
375368081
399956972
407983784
427921060
345947986
379979250
519556934
332068532
348193182
333037583
292730477
327832496
296377003
247058523
248457513
167741877
115313348
119455228
44626252
159885546
168390312
172089121
161332033
157632733
176114092
175824416
148848395
120743433
115395052
160619080
160489587
182471399
183563999
163780555
178634900
174400917
164094903
130039849
133370381
99880268
132992295
174146863
175761058
175871727
182755434
189213615
171891981
150273089
191980929
144330344
136736906
145244510
190888772
203265097
191956229
173285054
178598527
184014357
177150661
157544908
90179274
97048333
176421323
202830832
174005470
208341907
197913405
198611279
211359437
148750276
60285426
55896653
55235688
193823805
181100614
182934257
205456242
211265549
215589144
170102786
172083603
60365446
63087798
168865031
199787869
198586911
200761383
183561899
197676475
202309070
151901735
59269060
53251375
107221735
148831513
151857920
166166228
182938247
192852427
174247018
231861972
193220431
179371855
160382346
124072315
146340781
119293645
176955246
182199006
184349979
197493887
184382517
176508989
160762968
149075823
103232675
95486779
69368389
135596623
176315437
177484374
166522653
176517099
194564649
165907689
162073770
144815347
116220894
93983310
126902675
150288656
179713368
208176146
187219441
192853004
189840233
176805820
170628402
162098803
85290990
96016983
130056548
151261614
158426904
184486282
174002660
190210661
198210335
180601551
162975279
131575617
81288405
56267109
174211597
178267251
198328571
200015922
200312386
188156816
151509598
153430919
56954377
52292459
162668156
190211233
190593339
195831189
199926200
193019421
200579552
156735541
95523240
68585948
32608611
63968383
124290077
136231284
160378844
197082609
190932003
186248567
189548874
189792047
178211146
168789732
128797421
132332286
123136089
169691490
197025058
183818150
185995401
186434297
162449669
162719342
140646392
79134551
94061167
92748825
194721562
186385350
196696178
190928900
194896572
202747118
181795084
153765060
60991893
78665636
130045771
195595414
196369021
205650611
188968972
207138445
190626902
172785260
137190135
72784574
82623569
147746463
164909482
177726138
174606880
195956180
199431884
167055969
166326379
111575085
109622360
127555432
156260493
161903693
184682127
188005760
165067465
208663385
159354602
167269243
148037601
109225441
112275545
126313344
165685895
176485066
183760705
177866559
178198738
187633196
163561986
191700960
153754184
162728447
159032046
160359544
138482159
136093015
127439478
117775658
118610269
30455890
166687330
151843570
188486888
190177050
179031415
207731344
161652965
170845814
88094209
56451471
149859036
199266969
198171291
186893289
186012729
186783795
174905711
164444602
123678881
81593239
52155531
99378813
184132528
185268879
199613255
203263316
193819256
178298920
173409248
159889866
77769127
81176177
177965149
182578442
196133608
194931887
189936403
180395037
167575825
172593030
81130041
75862174
25328399
190238510
187253251
189734846
193001386
192967517
221297736
188961680
189372873
68405599
74904711
178105268
164219407
175637158
196412654
182352504
172237412
176675882
156004980
73093599
54791908
148955318
154435725
165869782
177785131
193141819
223222764
168775548
165781626
78042392
98614677
25350510
194891892
199095803
166911298
205739851
198629540
191109686
199325178
178042368
54536444
70751180
196821876
203953183
189901651
190934969
193357865
201724488
194177329
203566630
60058790
58012980
172631835
194161721
194266354
195197395
198951672
200405470
201108720
160064793
80061810
49188138
27653759
170407723
163739310
194509081
202832130
208476367
171617776
168582875
214799829
86867073
56185945
84144900
175100982
192509953
200814894
204552206
205333678
213459704
176398703
168677774
88932897
65142637
32275198
168888589
190446803
199649935
189309755
201022851
153821962
170805540
220590529
95496956
68501882
31602575
156939039
152574787
197232035
180671984
184547143
164459801
177628435
159063299
113713589
115003793
102750167
103379923
117663025
141674631
138732844
199151483
172291843
188032210
178336329
195897484
170428274
173458626
134090146
119533397
116906105
135175088
144768757
148144766
171058157
155729367
164819427
152898555
147684225
159878959
160293978
144933007
150635011
156986499
153907687
161707893
163649715
147881066
167283931
178988919
206871539
151913740
157280244
165599461
123665532
130189819
178145899
202910898
210051145
231539333
201538839
172672814
172365206
168778148
84563108
80373331
118646684
127787537
187428781
182796908
196839983
213840704
203376897
183798600
148971374
167923771
85232553
104362185
155047507
170633204
195719364
194616742
189976914
174726998
168102521
147698742
100685969
103877124
60108448
73295504
157662461
167233547
192577894
226158341
189075112
174261809
185664432
160874515
96077681
95226313
198011932
199870988
190808270
198771983
186101864
179054452
215530765
216517690
55095997
57297418
181517854
189997172
205799710
202162046
198171837
212828971
169926372
221795008
61559387
69351708
177923824
167763509
184603167
200485846
196607234
193399301
179818403
147087403
78383109
52508169
25636393
190719161
190436576
197427269
183852527
205417303
200391382
170678100
171875201
72363647
56520743
168360167
175561617
207507026
210300231
203620903
202681630
203157605
197721905
104718798
64983156
41333051
138707897
194065415
197425463
204002434
202316511
180546784
231676209
177149889
132347814
65828361
85485456
139259971
168213359
156001556
169427689
167534905
170484702
156410726
129796604
114684001
101819926
123449229
119128748
146235536
172733334
181912738
192145466
179955624
187664272
176304696
166014169
137089464
140706160
142691559
144238499
166190677
172903204
181459528
189978701
162737159
176219561
118079501
152078406
158823407
174355209
164538640
152740085
175856017
183271974
183201753
168573684
148601032
138254019
167792239
164602395
199516526
165922274
183175198
162121047
167151325
172641639
149915376
171843902
179610232
152553082
189205576
216398116
164750966
196192557
168862157
153025525
162851312
141026710
192259364
173157366
194624100
173668191
175117293
150909130
157410168
170285879
98454880
92349761
163392447
152086813
175902340
172977246
165733977
171112937
186175061
152767698
114676645
135506477
86330741
94660845
74243908
33084239
175816491
173558542
186394296
201071077
153165122
187764052
179667874
172489874
82863665
59891853
100017420
196491933
189223043
188863623
189013880
215882542
194025550
195073304
153509306
66180643
58424334
187408384
203073556
199021732
206487603
198739196
198963816
181956687
206213392
52327352
60326360
185407035
174639047
199906020
182410047
193467285
194561586
200601499
162743842
71797040
53997324
150852956
181215560
188916143
181471148
203128748
185822981
204393714
204728390
100374053
60383953
43646136
196065807
194608977
209373536
211209144
213338273
192359879
170839078
174111684
68857735
61569957
163917231
193652193
199416169
202499778
206124864
188250498
210694790
197904481
96845246
51297452
158683667
172662527
182033956
198477153
166365663
176735223
177732669
134538587
102734861
79528891
157157784
196420522
169668183
198598715
195169885
186072887
166845972
176522324
112454710
77144722
41382491
150290208
197994762
204264468
211350174
211598399
203144509
200958827
188359040
126313843
77253354
59403417
161215995
177053797
181891037
185945975
195709473
173805694
170022557
162457435
96976716
106671434
158795800
182638961
185985198
194360803
195524869
184641752
186936545
168932759
144609776
87500865
143945755
148845855
178063554
186016912
169130804
201926465
203551256
178900395
159330735
180835664
126194135
130500847
161195836
178823198
162953709
186785644
173468983
180783890
160148633
147566075
126996451
135722615
68201781
88961079
130540157
161672585
211689673
184967505
204382131
152128782
193004016
178921043
165369704
172124262
155860210
180131920
168261704
184638447
173421476
166371497
179569674
153783885
143558134
140989834
168032257
156258839
178166860
170135157
199112378
165006573
177197883
162498744
154536443
152481947
132151688
189916114
177416872
174012596
187630954
179182116
177244182
160999045
154255489
98490891
70748481
84068676
99484354
182156990
175992010
184015594
217140426
190250284
172329574
172063654
192290604
138548194
124129419
143128533
172099188
196443155
153511049
184215055
186961736
166587883
171457453
163699518
138815014
160848842
182447188
194047061
173259438
180629129
193758171
193471456
139894810
205828462
109508096
140607975
120533425
120929466
136083700
126622204
97566075
120365111
111935541
155884702
172274619
174683041
184195345
150828657
175566477
179185878
164006218
129239535
107472931
62892778
83264441
162620324
194362271
181317117
193899410
193972748
186994169
172752394
167378742
97392452
82799482
91291052
186705694
193505710
207852724
181505010
210116167
184069734
180027749
143417561
64788684
59015209
149182450
185115375
193405263
195611569
206560498
190999195
165194046
219295498
132513854
86554241
56602418
141505302
148722885
163311892
161443207
177176225
167065663
167393822
173658318
127763584
120047634
110664547
160521612
155218577
191056389
172003611
187437178
187814710
206206869
168878069
144687516
145159482
140562436
151640948
153763934
182290471
160946400
172959875
183684882
164187222
125944186
66187796
31870031
147789953
172720895
205232259
187461906
180320926
202952099
168588708
203777307
106116550
101358865
57161253
67005080
188444320
189285097
204170535
203618163
204822565
169000793
160944417
189865391
76476896
78359041
169420551
194359226
204069565
184112461
176439171
203444610
164628111
223621228
58466468
64736574
85807067
191859384
187409144
196334757
195278452
203581341
204314038
160872124
165569040
74814952
53275728
159917074
183981501
193011175
201830867
184135467
201197056
175918315
208362932
113096803
81400182
46916800
170385639
190269295
190827826
172183185
196174682
183897473
170355525
154915650
86832419
75983303
90282855
196193641
196647514
188411472
188684711
200781901
175053184
177938046
155392618
49806546
26742310
170252108
196362367
175454724
188899905
197219752
200240028
166117805
153482215
63324113
61191216
138804196
191477109
191621597
200882747
180181392
220156133
171539467
177529555
132546782
108052473
101249574
190303418
188795092
186552334
179900364
197268247
180206812
190512227
154218197
65345661
76172648
172469136
159620125
176213543
172898679
195826724
178689843
183749463
158208277
78673274
55036887
124894283
140101751
170670136
186217360
187336089
185828720
191510755
183743689
123241394
109154149
73005535
61596018
101116011
113742899
184943770
167049397
205792868
206550405
185716462
178438785
172268295
167086207
75881275
72534154
121640282
158607616
172459197
193729701
169112349
199120206
165405820
169920652
151261719
144730893
105280501
101670068
108811167
114113949
128572668
127774010
152422478
170937426
174824544
162204490
170724863
143810146
144413145
123069648
153065220
136485059
158854837
159946323
174081355
175874727
200253620
177663429
182102948
180614494
162973619
168228147
135320169
192265730
171996667
170910128
173580601
212959871
201980597
165938471
141291547
173851590
134772396
128142830
136127504
143230129
155552864
151338333
180608375
166819778
168875486
172259592
160705706
140335716
122625822
75382267
99267299
170316171
165404938
177578513
196307912
224548794
172602147
189668129
146952389
116183291
88487231
95704884
183831070
181411964
194601419
176048221
175505683
164698913
168116827
159714732
82649366
74224586
169788207
187549386
191750823
185348550
198350564
181334307
188419196
158966543
74240506
67739408
142880028
148257239
166811664
178040828
183883806
166763982
221872327
161507788
153342148
123808912
76708874
71042806
152979916
177304328
199670852
192175592
199724948
170484917
153825675
174741197
133777942
120649704
124701280
119708164
197749694
201431143
192527170
192164565
197344464
208928799
167634282
186422353
81035498
74644261
186884228
199130794
200027476
196112183
195871707
176839384
180974053
151839474
64618461
56039783
169374296
181122477
189446233
177280078
186618889
173684686
164195116
166251681
57398353
72164925
122251720
188799473
176335567
198646282
202684040
188094231
172472404
149524517
140540723
69899701
70338084
187130646
194579177
197053569
196773275
188402481
198823494
176565598
158048439
74151762
67823030
25703729
189459336
196718213
186292980
201979206
200851403
170579704
176673509
167833195
69820754
67482966
142864857
162813185
191144429
182707010
191289354
187817273
176271225
160929762
119054568
151309699
112184748
136229061
170687787
173998669
204262612
190473802
216011636
208731600
171489368
195277579
150263903
156669435
178226389
174747850
162561644
183992889
183715557
163310834
158549849
134774220
76842721
141763438
152940523
159928686
160981780
186866091
177490819
172735524
181453279
147292111
136752218
154905539
167074300
161956680
177400845
170612454
165187311
184738552
180068070
130352940
144221338
79672736
82147434
171009803
175398872
179217767
204306277
191924610
184875248
162417435
162338358
70268757
55475718
51770471
141224427
162541898
181195016
152883846
194340535
194636856
174154454
151552624
136364214
134208633
143707450
170518952
153719196
159759425
147761662
182249966
170484589
175977531
132307550
53584066
40045534
200680805
154727572
201143180
207605938
205999957
205620256
205994030
188923144
63468858
45917801
193554002
189147405
200467798
190674995
203644192
195835105
204705369
193839168
59202593
54579767
192714008
183229548
190875130
196619811
197390710
212395259
204418826
168759839
62880470
56875165
177405673
187246892
190212388
187230831
178467397
199179441
155660762
165458608
52888379
66321642
130139224
183201744
195426092
196031559
179331037
183857859
176926949
156058564
139511433
73442988
64815500
25428112
175964651
186759702
192067554
188785186
194740087
174365843
206500272
231457088
79336301
109398967
152846029
160032633
165523093
160601278
182858080
187320983
178979068
149645101
115832685
126282657
152989584
153072212
164873371
160663732
167820416
177715173
163961547
178243356
187910554
226606190
185420387
201415145
216401713
156459125
189116454
192059633
154036155
152755512
126470729
132397663
146036201
146586118
177500731
181552095
196644496
190665528
191448706
202071458
161303340
195818712
122784683
136149387
145854601
157413861
172517222
160217803
151291148
163832144
141020481
127967705
167833631
176202212
170117115
184028965
161870685
145604779
159151758
164370248
91199900
96436730
156819900
169157090
182528442
180839019
183758411
187499565
168459242
154284378
131939772
116881917
74897943
64572183
169260542
169295098
194260886
172313193
176213278
183131994
215718918
172387685
102285789
95096455
101669117
106789800
157206134
156861433
156294134
164667116
142980446
149038472
150772687
82771505
140966159
174955365
192440907
179529296
189903114
194215995
161635840
162856201
138495610
106164882
77661743
115457008
184104666
178476731
173089045
194007122
179482814
149287897
206055820
147466230
87082610
70501282
149280231
193011374
194113930
177658904
182036553
204655277
203773174
166330165
127533316
78584128
50551560
80253444
178019488
182731331
186231402
187856922
177920113
177211591
178306749
149279017
103531919
99128779
109011509
124196188
128461212
151238916
173327027
179907733
180211374
160329911
171134864
122360311
148170332
144458844
141582289
149057438
164556112
166734673
166748446
160449914
127994912
127812712
123456845
117439605
136726962
162498448
185861598
192203315
180010865
205544259
164570490
165004022
142958133
89266755
139244785
56395374
152872691
170484930
178510158
182327699
191252402
159758361
156332529
157284130
100486454
83193685
129588826
157926009
173628362
187877605
188484827
192794395
170590233
137783331
161161357
104246587
97799664
150151474
194887803
199987471
194382675
191556055
180403719
192294549
159448469
139125007
77765127
67092118
101205043
181947870
188940648
171936468
212103226
180348407
168072743
230667081
144496908
92664367
97655773
173300057
182580524
183886873
184322303
174336596
190904766
160331355
144863029
97338043
122712981
148732292
148983340
175142681
177712185
192796219
204623556
170071655
162063173
118698333
143600991
46160051
102462407
162280645
193128500
199585562
204008739
203516530
173870311
173434602
145609587
45007507
170699564
175948878
193374385
198490455
159546865
202287173
208512134
187356268
100318124
97800175
84083359
85450617
174049320
177403415
192288103
205952285
205440718
170206602
179965665
148918322
76953994
86447257
165666711
172215016
178494772
205599347
198769248
171559948
189272895
182245934
108313854
78634290
105558797
157702577
179025242
177603994
210326781
192828121
197569422
170769688
153975178
82495331
124202395
36786595
190470216
191069795
179923014
196124492
197602906
207236555
177361984
202492433
76821349
79227372
161350902
172431230
191284960
173895948
174275959
190883582
203461209
154188874
124001337
117621685
129365369
183219935
182840524
175459025
189401117
188614772
207945918
157831570
148052033
119216080
39025749
91481168
173633375
180461232
179855331
179330737
180878622
180776605
220558951
194583637
148239899
144252874
127356753
140802894
167262021
200285633
185510644
208974301
188929112
210137411
181256942
178176414
150902113
107151687
97303566
134276380
180812644
185499874
182511467
189359043
180789745
194192352
165611808
152428362
99858808
150012705
163916657
188424090
193754705
200089248
173301808
166113827
163050222
150956889
32469167
26526891
185412807
194292045
198475279
191440710
182149310
208323656
166201158
144710424
69091219
60042930
160648360
201982188
202927104
207363124
208238915
195023372
185288424
160605944
111830491
74893096
45055028
188269884
186700086
177249891
199659550
201474417
211888260
160543245
180333960
70750008
79505321
141178960
158073060
154462460
168995459
168041152
159456856
162722903
156191181
130837240
119876192
120028846
129980449
187223032
185744422
181785440
179098390
172270791
186940618
173210527
193826068
128033671
161618613
171425139
179706292
179616628
180573615
201321013
192474884
165478977
169338735
72676342
75104979
180225446
184754546
192099787
202058690
167535273
204462267
169514859
223593242
64370409
55926433
71081703
163039436
173473428
182640595
177236301
196575716
201250999
141759586
113913050
128020362
132710811
194864403
188889110
183126571
183472623
171897993
172255242
156591296
112168508
84519494
74962603
166760697
188067708
157114093
191866071
188253660
195954459
162651444
215328584
96351019
57528124
99639960
121388216
187673698
193947494
188452329
199466323
194251298
168344919
161144023
147479688
44171558
32125099
181965779
181586647
193960657
165676236
190138495
188126482
196758254
208620793
80728777
55136389
92195046
195493669
188353326
188776128
202515852
190270074
213379426
201371948
167792441
74609162
57588772
124324062
196203624
203805827
196428298
207668005
202480451
204675896
178200015
137892222
64840100
62036196
183309533
193686388
194814994
199487706
215967545
214427656
172066852
143895019
51220569
65023351
191178568
185596498
182156090
168147356
207383037
191518036
195726250
159042810
67355831
69310263
182340408
204223043
195849098
188152644
200530375
179195514
194654190
203825300
60352066
53874773
161794835
171296540
180285872
195783425
170008949
165916719
176331625
145196908
85590636
84084448
32386051
98839257
155277710
194429290
191999935
199012506
208166585
179125076
181989791
163512081
57456622
69065101
196922645
190135885
198062768
207901520
192033358
190397363
180563413
175211516
62821562
60069146
187549946
188439703
206792217
208288269
194603406
197165562
197910585
187387526
50074453
55297865
203014944
204028527
198479701
199223205
202251197
206297994
203326889
207341377
55924004
68346008
177124696
169123462
177010348
188216586
193939166
201903243
153176407
161250844
60569255
68453060
185282688
192514468
187664831
194420266
169782211
171061301
193524361
178948061
53640155
71749885
109133187
141297297
177721129
164622652
175799317
168656704
171670820
187622681
170642629
115758401
132088376
87770298
109660126
179437670
188254223
197918668
211953941
185935204
189656664
140721364
182584721
84352608
74110747
156184792
155136786
187960175
198288559
191821330
185035147
196911115
196381303
141278933
136253574
146023606
207172213
206513343
207262406
191822675
192452878
176826248
206917591
160052772
125031200
78324344
54128387
169123910
173269452
163490114
165457120
170849119
151410909
180156380
149051151
109347776
132871099
177671113
178269689
185893416
190115038
180990660
181689026
160192673
157632616
120941795
138220957
177177675
177213403
182355637
188032128
170387978
174387379
179204037
149867464
82832466
94441642
28282976
184389746
211576102
185601838
190966744
199863714
192605962
191480003
229661814
86498814
71130314
36816593
166493779
173322452
188754306
202392668
195607610
203924035
208383920
158229170
93161454
48488171
126773588
151227948
177884502
196085130
196594656
202707508
202587692
216678406
170095220
138978334
108153845
149133321
131934554
175204947
196770019
192847599
188452439
231087845
175631182
164783070
169286695
92008105
89697980
137906685
189461399
195860528
200410631
175082012
154015665
176919135
190828830
124289018
50306320
194477866
182700791
198561940
205054106
192230171
206993274
211432773
172421413
68597039
46809801
136103360
191181790
191843026
201515229
210588541
193246433
206642204
196292528
120302943
40469478
189102634
188991820
192550190
206800639
177030246
176737598
194085868
140088842
74964899
75305411
169363069
177646754
169455502
187714488
194620589
191215357
174236165
150389663
71951310
77054573
122506497
172020873
186224950
176299764
188025450
179357336
153247257
192024876
156288259
100954255
89925415
118669413
186684248
166650415
195533728
195519075
212768052
183349547
164649850
168042161
115836950
92325191
162435287
167421172
193811036
194433605
195632770
174535449
197457675
145655060
127796857
90881864
81925541
92758338
166406651
173832088
159698967
186245189
158159315
129628820
162144544
152415779
91834641
80065614
163926830
174110389
189682972
208082761
170713377
181979283
161198801
172223026
82404280
79415178
148034010
148518272
154454518
168864581
191592683
177666333
178313755
154871673
104381839
111865781
38501807
176392102
186225934
189793072
192741916
204242379
175537848
160040789
180686357
81998599
54730539
78894097
192513052
194354293
203881106
196182230
196749354
203943672
161684325
175042266
66333960
68039110
141107939
169438963
181746329
193443136
201566756
186869850
210481540
201199693
104288781
63145394
49554237
190362458
203723660
200023266
208007237
205057442
208881866
164985732
208573584
56938402
61218172
162966962
163687546
190234803
193315457
180258025
204981843
152520357
135762742
111474329
84485194
133852395
159659273
159566179
189215848
189495896
184638324
163291734
151999650
151104844
116277393
126019230
143275634
188278665
173479731
199968727
200380415
165869307
182316656
153508545
141191865
69609274
37384721
167228246
176467824
181648584
174488229
166933123
165139453
148586004
147674338
84052188
74129950
191440742
195002436
201989228
188619409
175174938
192314173
153144399
179396200
66829223
82550695
76470057
185647062
179935560
176431944
187211862
216494502
228190490
153604565
154708776
99946298
112531083
170233856
174902880
180413750
196810037
184659494
187301682
165942994
175850955
112702617
110932988
132558408
133437791
188058373
166952370
178605082
175136088
197282071
148478483
130897193
89425405
54713519
171877466
179021835
195080890
169721361
171303965
208393190
212679599
209382515
83469912
47032063
67018830
164520669
168185794
205759199
195263185
190698348
190616323
206009534
168753696
58438477
61340669
186468179
172077676
194322514
203956525
202703511
203193905
160665777
151705144
80407299
65577009
105797145
172479793
188867697
180915439
199904518
174357689
231528726
178108651
158194145
108774498
103114442
124140876
159235765
161365153
187491597
194656780
199905482
181736450
166088633
168723168
109712075
135713329
108862493
124514259
200539562
203391942
205343877
209614355
242256598
174022865
184679324
202814832
66946288
76790264
170291833
181643714
190684893
190877808
181912735
169794315
173512206
145716344
89042336
64837502
43765358
157640381
178441959
186636856
176823648
189253188
162774755
170150474
146095023
120896510
105203331
128010720
185416493
189313266
200305934
184121286
181072104
180672988
168287212
159462929
83566279
81639886
25015943
144714326
153407806
159439665
195837310
157301927
190690119
196257931
168031881
165951814
158159763
138753732
140354124
163031521
200988440
176022830
176874329
192432973
155186503
173918511
165351507
176553734
162662067
178786361
206437129
160726464
172070209
172772161
148169706
187613591
135487570
123375167
114388688
138317823
172772810
173192605
161909220
187157334
178771827
174506866
151551437
165889053
88950281
95950140
158587332
153567386
172152110
169304200
166924837
176859864
186056227
148827719
155949543
202467730
168712632
165064383
178464820
188407101
159163867
158933547
207400153
144817922
145763630
154757008
151148872
160089411
175278575
198744353
204135452
185009534
169039510
158286935
159560166
144335292
102053641
73431280
126291153
150609844
150822444
174175025
190898751
170253920
198344924
188206234
154313444
142178606
136113644
159413517
193214706
165769579
174776688
188473479
196352635
188114797
150902948
141436587
51097349
53384839
184107528
203576794
195929415
204808083
204632488
210900315
184873596
180216318
70340293
49626737
25486696
178623860
203275362
212317949
213588414
218535587
179902732
176568068
230973697
62543539
72757019
26010647
166729037
183403646
187376475
184365781
188082237
178589927
146313042
180608231
85107596
143448045
174960903
179673610
176416307
214913921
182384292
182348928
167160289
146224330
104208557
78858651
127111559
140636056
197629780
183432327
196171360
199569250
175434687
206058542
147013404
138564125
57610671
97544136
195023231
200496123
203722749
171475397
200488148
210856037
175069233
158254740
60953675
59971565
155583918
188939156
203369866
204619656
201239409
217526436
213819414
221978656
54726096
56334542
116601822
174096650
176755561
208245333
198298944
211859992
174010226
181907537
161106699
85347946
95780611
95907784
181395564
196023590
197071822
185563958
185923859
161061765
167034742
163074250
72330744
70262421
139135735
175600962
189710188
173662008
197658638
176351162
153268965
164184404
116292722
66843436
106737185
190323319
200852460
185962208
174917546
191280629
223055965
157546255
159773111
69698269
70406313
194240729
199243883
172225940
187365904
204331299
185160605
175397879
223775675
67456459
79610756
147816516
142574785
168649830
166057619
155166753
169997587
177890650
163924544
140614119
163407626
150921651
170577701
165497053
178084418
198496087
170133013
182640027
179178355
151689518
171019661
108748237
147906616
103315588
180550479
177144708
184738561
180466368
178117548
137779407
164429717
181269554
83782426
51681667
156827833
180917519
177806506
218367761
185810182
185653339
183783286
184751105
122112813
104315710
110996419
158370283
166615808
158433526
176488451
180555797
177326481
133653228
154702206
86232431
100551611
140066235
152549602
175032621
202487129
187280621
188326781
176057406
160478913
152376375
103112562
53104533
130519021
166686280
190888824
207063060
204627954
211395924
181095016
185916743
156365833
110684497
108787493
80419722
92624622
134257673
130247850
135504370
160898553
171579354
187402755
177904362
177177492
163095372
150435627
152388441
142489325
153660628
168734987
167931145
167812906
175866198
179843692
174549564
156679111
150514146
159186445
145025086
182014708
165036719
168439626
184336738
147145744
153092261
143864718
121774838
120139856
167820807
161817294
176867957
173421389
178486590
162123824
173967057
130219707
150710061
133596724
165061661
172936296
181089734
184881268
178047854
162814042
163531121
128410740
132278381
131645799
152342850
144280003
188812179
180025379
185132319
200380865
172141952
164744272
166829736
161973129
90411925
112746122
121986147
155970242
195799731
200250437
179828026
186373300
189218203
202616992
175928936
143473747
119981060
88624226
119127023
125919672
134274490
160143915
158452049
155144782
136321854
93176720
140154261
166034796
159828349
184322760
195914216
192888713
182756609
220987939
159835683
158846905
118117879
147109797
151542484
175009696
180912958
156528912
184878547
209005611
202509104
172025161
151292847
90769424
92112369
117006079
134160934
166325914
150282240
176118056
174100821
143553085
179494307
184051800
126686950
167638567
206976238
150634633
204068959
180843219
177534995
150469956
179254545
188159992
121207473
130663406
72068726
147450498
151666653
181151371
183939474
183329099
197639785
180845288
183692652
152768939
148336002
123691852
139561033
138338260
171911860
189934106
175366920
169567636
170921865
164664513
162389602
137873827
152273548
158390149
149265259
156804129
163857397
169371614
143151930
118514182
154513098
83611871
68309490
169856334
174486426
178560729
178494443
167901193
166973611
186575264
147458455
103906804
84963510
97288094
115748712
171380859
194174027
179236451
204091984
189523877
196314379
182252424
176332713
86273997
88555206
134643100
166011703
186990887
191465906
190035130
180194144
163804981
146867587
136222954
65646288
47063178
41198528
187144220
196634584
208521712
199357189
208755870
210190965
220604194
223917786
61725418
62183120
137261385
172151052
195281261
184247041
193283411
196854791
197752576
159868789
128433969
91747091
49039797
32677851
162068585
180411243
181551304
194066415
169089104
200763697
183349156
157973714
75669104
76084422
149588410
182470618
193753238
200272656
161670720
183651229
183422324
170447248
83084703
58573284
95851584
176374766
193342586
202359766
198337975
194211159
175009225
176145920
164591431
68680150
69571055
180988204
175321059
147639840
201950946
199100013
214735672
188829044
188890893
57637506
49679427
171258599
196378872
182866423
193914462
197768836
190352962
199450322
207842697
67852377
60029136
191229241
199168495
186347872
186587564
200154560
204921796
160262811
160927664
67151997
57255026
133581330
189754024
192906609
196366025
204742381
193796504
187144864
163724088
127253536
70786854
62344415
136768006
165495543
180604375
180928874
186241538
160305690
175850552
201202885
138593452
107553345
100031099
172059119
191490529
203511040
186368456
228423355
189161063
191808206
167036796
73909311
123590318
103751712
119551075
170383626
165607469
185465457
178532995
165313680
193889024
170144749
188061377
146574101
152558680
133978872
144765187
152506997
169438138
174216119
179013510
203945490
175727381
180853626
162370226
120982897
135721571
144020786
178594857
197789312
202613774
150367137
184198659
188549674
149407716
174364606
74874515
51596369
157547079
184046192
195499226
184173903
188743276
177224340
163013330
137952833
117890189
80887801
36869394
193833119
197317383
197781630
180039298
214531654
172659227
227986857
177249970
69569258
69007865
182469965
179078059
189404000
190693248
187892812
188726673
156254768
163063214
74414611
80013712
153777696
181157829
186701006
172338165
171624736
198834732
192732786
156942988
89427418
82158978
184315019
184235767
200678604
192200631
188773993
201211423
165145592
185972424
87452614
76333619
117381798
194305033
191142595
197679097
186204913
183954303
174636342
213582359
144521698
84974728
86230821
163870487
192159828
168577648
191329543
195690269
168020479
202421187
160914383
95830123
77540624
40317977
129571214
190307577
185868809
180970204
199410285
193609444
160754545
149328530
122895740
67674133
168023791
184247478
182173406
209427477
200230140
201165524
201071806
164864358
88303913
50852582
36162432
111753917
190069228
183736903
181229705
208318906
174832012
200307850
176130626
154705898
109751656
92691041
169222791
178010087
163762343
200924250
200188671
181717811
177802791
145729909
91117235
99962943
118588100
123937583
177574751
215124674
192109150
204330095
233366999
228431951
182732008
144017445
110812878
113145838
145171528
181991527
176984204
182937383
204228860
170169039
193158134
176178331
130233747
100132750
76566203
160016277
172577104
200571519
184170213
179136658
181395875
187713599
161867877
111546568
82486684
55914839
37215807
174408564
185434035
185726613
197294690
202292959
163070893
171334873
171036809
77111186
90242976
146058890
173257915
176194045
186679369
173525320
194941030
155634944
157878539
109910181
84424164
98524441
121990930
174853481
197209615
187154570
200047539
196300535
177840634
152987717
180068757
76815493
84600327
134632346
190989450
189247376
193210993
194979182
175821930
182746647
166723471
120615958
59267515
133812350
197616108
177435538
187176961
189998071
206776996
198473723
210413942
112291540
69702669
63029178
197014738
204413410
216420167
216190766
220425842
221644031
191391617
167213829
55496557
60416676
189101249
195439314
185807158
195715492
203788087
205097161
205592754
205999549
68403235
64106479
132668084
188258870
186321456
177230467
200344837
179798214
151917192
188887567
128805268
78730822
56500801
182780336
170983899
182847703
171466687
181995146
171164812
158391943
158773910
75103222
73232356
170683952
185990777
179339449
193185092
190652865
186431092
156216614
179258129
93856162
93590220
109600321
156147144
171151026
197897181
205798822
173639709
164810443
239434251
191427050
179512939
176243917
157682532
165527474
160121251
176717976
172193830
173480845
152572008
140910138
100675901
24892600
123850744
165862710
178760034
200478126
200713810
187959792
197722599
208833319
144998456
121299139
158838641
182834437
194963630
195932090
185971613
180970813
190151594
178428396
153051870
68590536
68158431
198198743
197472202
202227244
203522119
170808485
211215482
217312320
197854480
63648570
61572538
149622317
176372571
172779429
171793756
169534849
151739796
156972510
140210858
105139409
89254406
117062683
177530170
186783170
165648268
184041901
183206331
147258508
187855136
149396315
70707205
82347347
146284523
159812969
150905273
186149056
200985410
183718560
168759572
168924412
147545785
148000558
144970046
162703326
167619693
201503464
199179737
179938737
203947163
189119675
136085991
166646575
104556227
44598834
146511562
175951552
190018660
186329008
170940029
214070937
152791056
161123985
105908627
91497187
125262762
171862027
172716421
198086145
190598876
183816942
190306828
222777738
159773418
96448716
149297675
158372175
178430482
197314418
177571480
178676138
179549398
176991075
198286608
105048896
90388724
61029463
55990118
66320346
75936055
152142342
156273681
176982005
182234955
188576167
188570899
159808740
192674722
126163057
125241692
138412283
135932353
156671121
164986167
185372405
189380117
190278662
195405179
162822336
95782544
98589345
69006613
167949395
186106352
181263143
186769797
190215572
184060709
171759323
169006197
74944104
78389476
167173952
177097542
182019808
188921860
173432982
180637822
184413485
200610238
122495093
116706422
113408653
110218578
110758160
117203856
129922154
175996687
163993538
190150671
186590169
195779466
159384650
176761031
160370020
108443351
102950151
136223105
170012335
188020725
168885690
179730771
170059077
178420040
175122755
144706486
74327653
89627701
178971207
178379041
198490733
212127004
175299532
181386389
185182921
166038326
82905509
72826159
104043990
113714108
113189000
124189061
163141499
172927192
194613512
191026484
196139036
186119309
159495680
172423770
119128185
140061169
77156572
167864313
188775655
155370288
192840446
186167117
185485207
154453734
212877399
70898494
65811017
143918912
150162699
175687501
196180167
178956740
185075364
185607335
178163051
145715871
148644379
114807816
120920699
182515832
187938502
200635975
185812848
194303648
150747151
174509953
178500522
91342972
103721017
89529899
95551136
95874278
146813595
189065136
185841144
197225618
194718816
194374944
197802486
170992312
156087903
120833984
104090758
132652629
154639929
191830784
191329884
188308045
173394515
198257669
201871699
171381514
148687305
89396888
74076537
172085233
176278905
171606542
172517420
179010449
192453405
146198800
161995115
88155952
64587039
61448516
167125170
175298342
170056732
169842992
157392926
173665933
173417511
162903463
82357432
98108921
44120390
50789299
167453186
182667988
169939980
189933696
172893971
186995963
182050302
166461702
72215886
83252839
158491460
174516151
192384447
167371758
194165717
186287688
191961276
158731311
113732203
108864486
142921442
159692177
170070740
204521281
179916162
172153065
185493278
177791156
124955285
152160774
100520831
85558011
133405754
134098193
136728100
136690277
158049073
154988124
179671033
190517101
186415628
172790271
145317163
144751480
158476970
123688333
155009905
185597837
189411985
170784957
182669934
176087123
144135836
150710910
172135672
94217854
88009286
143553691
154958462
173247730
169786010
174341616
179872815
161331346
207743045
129499434
135859720
96666790
89522074
68563293
104741899
171298181
188585067
186032317
155693319
223491822
191882177
180929295
183702958
108890302
82047114
25572677
103790248
167112696
195864346
192412625
180622702
184122119
169645098
170066515
148572834
91334251
82364349
101160102
167118161
176704493
175424178
190275579
189436957
164284303
170837792
213908260
132956408
147446970
160729818
152133644
176756313
175192052
176355202
184817547
194802555
187716808
126237711
156178496
82501324
60301377
106862182
161714629
157563937
159104634
159636264
164137002
181063034
168421953
150768385
152692305
139253318
160958294
177924206
211843877
191676071
181173579
185376815
172918641
184338911
119875490
139687591
65691505
27314640
185547520
184644514
206687643
204043320
208585123
206390620
176291982
165450894
66636350
55258123
182095234
187208744
194567293
191815821
192279578
202061056
151256031
166068075
68896455
65089018
168383496
197096157
198353815
198410413
182337607
224393621
161926776
164099169
111660531
75394448
63987064
187605870
196306643
196081400
179941571
181677977
191766986
154120688
166730829
77123202
67576398
176760905
193702999
190774929
204817096
193414809
169566777
179889200
176014260
73495096
55497449
155229868
171947789
190320221
196600301
181340143
182261411
155667502
163159940
66390551
68723090
123133047
190579153
203216827
197535082
198651037
184835160
205871522
175402226
132241108
80233886
57211925
196512221
196309911
196256480
210571450
193076750
193440025
154608215
177468558
61539063
62750568
198947838
201280728
200093219
205188374
189972956
208019769
174932241
178034181
74496795
59883549
153580111
185175466
189122246
192551388
180196283
224276400
166032746
166576517
75238500
110185746
107687017
172157827
182035008
203860039
178622172
193604645
194248661
176597964
156313690
100729070
102015887
152074360
147955486
168481215
198013061
179302854
163908549
185200612
184558825
139015461
128208304
110636292
127856975
161922249
179259010
167627512
185764645
180188754
152102284
144802003
114574961
119348726
119544269
142958777
175943557
174440709
195859498
205980940
176523922
211038171
151841570
143986237
77755854
69073016
148415815
179181260
196662074
197294343
186402605
207424839
168987791
160110660
118618303
75861169
52751674
174678989
174525988
198915689
201706584
191802185
205321212
166127448
162239244
100033239
70120253
96498186
179939734
167325212
194140325
186786250
198100897
174072484
160282185
174397816
86638889
56244536
125145045
188102942
184287506
184818460
173273276
167619741
172178717
180122813
144036559
82826431
53548999
192961665
196277943
189311925
185072927
184137317
180720980
207739371
158732877
58836752
71438057
158045813
194591404
187501651
177521557
192812431
180847653
211979534
158611328
57869432
52985635
129813458
184239997
182285734
190156970
199143898
192372999
167973969
168687746
138088979
114418702
127362441
190150183
196542535
196037112
200871541
177841964
213040993
178838707
163492629
68756281
72798719
100708759
192266643
189415859
191831448
189090598
208063104
167803188
168965358
148306315
74131390
80701095
149079975
207974205
191401349
198105623
175788919
222886368
238894629
171224698
123045654
60897960
165720212
172121311
189490013
206609276
193482946
168768948
177038592
198731305
87222098
88516595
125454099
132281905
170206159
176459416
193991175
199111413
206335671
222575373
172324554
167089611
118263506
122907949
181010380
184412606
180897575
195571850
199394088
185098491
152998606
159976619
78569890
42691850
96086420
197706384
186627039
187514931
195124468
199114660
207690206
165257874
166186324
62888992
76518396
175380588
186474725
209749879
204487440
194097607
205204960
221248844
177947696
58755570
58153426
191521388
188449249
189625149
173143507
182519696
180111991
154367349
163106901
70862634
74895375
182958580
191283515
196962459
174119151
197827225
221708088
204280280
156575482
69265422
70664168
32451769
88805504
99760578
122387677
174122645
179683631
185576734
159055549
174346264
199405939
169925873
137982613
111257053
134432588
158040496
174034171
203388707
190211334
215505585
182355547
187536456
199990080
152761509
139890400
86665129
78213194
157510217
193969677
188351087
189420278
199806901
192387272
166292670
169321360
105006094
84717580
50482962
139723800
142234275
150332307
146959797
180316365
177984089
193621943
194248818
152963511
184060840
140258483
150803446
157829053
174020223
181883068
190701085
173266981
169648587
157652930
174544299
131859597
124751890
87702994
95179638
180369712
187966058
191936544
197671104
197816493
186511350
169051736
162323980
93829077
77448433
140398351
137337965
186825216
189341483
167307779
190806873
198590462
207246638
128678222
131649947
51368119
140270320
174034926
185617764
185899657
157287905
176646876
191493056
154673294
126097220
110842265
125970580
183000311
189254808
184540602
186441549
193028336
172140936
172231262
160987673
73243852
75490433
145523233
166927934
200933658
186435710
191250562
189165014
173877900
219408553
117399420
120016136
96269044
92211054
161827124
170213959
171188847
169981197
174838956
187750126
161869262
147978838
160499430
202666125
185886895
184699116
196357380
188182728
164429628
165834595
182329766
165267319
121507697
106333247
78675647
86932575
161509262
164746495
184313319
184207392
192026516
177343621
168193358
179613179
108428468
108088180
142448051
153847172
160416008
174962232
190591830
180520763
203600593
176034416
171714652
160310674
134319498
137204331
130665624
106688200
104035642
98029861
101893054
93526960
161503555
162532413
197682459
185427969
160780286
182814533
184740232
172414757
128145717
155897169
177042777
183344930
176950475
185383712
169026350
185267412
193479316
184770327
126640951
159155613
171180559
158931028
149103568
189080922
186000992
167461924
168130397
164103702
126093922
112419636
56397085
45967678
174773410
181123883
209269935
214987115
207915598
176987616
182657360
165294804
66710190
71117606
75981093
184912867
176567722
185979911
183179741
194868664
207360813
222663181
172238472
83480826
48013474
123280022
187010678
190674095
184719309
180719239
186234583
167567243
220309847
170509106
102042649
106046708
145173037
166343161
165926525
191851572
182472530
187643771
156682346
164501398
102620694
112846446
108503538
164197725
187083430
206712092
188151617
201318082
212488757
179017513
140043738
56922501
71184392
181740639
192376923
198045663
203211636
216602783
205228127
222818686
164078842
68300293
67962013
106497842
190914248
204911736
200784642
204493172
182772779
183193948
203801317
149806257
66570855
58750593
120131344
170616075
175644784
185367417
188414719
176088296
180005221
164502009
157827862
163072904
152513350
182051399
176882775
191094930
204254120
175181831
179995673
176188822
146729381
134488782
135771393
158717250
166720665
169103025
212056871
174282893
152715981
164046909
125393719
111659532
69260531
97998458
166626125
175716944
181137606
202093440
173407393
195962680
173246241
162548916
94769695
65159011
158796956
181561284
200772960
206615826
185421264
181530626
220700056
189767643
121763068
85906957
92955974
162083293
179836720
194271414
193653092
192844431
213175293
193329351
182382009
122475236
106557833
114723006
192646610
198891697
196837081
196620304
187796695
189598222
187889946
162232200
78210888
86463604
157616698
167094309
188886656
189174862
176788089
192064951
171596167
152911476
97874707
94365692
35457617
183995746
189865438
210858696
186905736
200264287
158989526
182588581
211152088
57499290
87485736
25092282
188098572
187965082
195002326
190659715
195319102
208638472
162029066
158401741
57823615
53315564
167290861
190949866
200568799
189824178
202433026
205868470
188105533
150210766
88714404
60793237
32475157
134161203
166349353
172881230
176135329
170933046
154973977
155211367
162321927
134254284
151632056
160367900
175256333
200569503
200143681
190761936
191559610
161452750
172073239
145806915
121201573
104275425
168375190
178897385
179393123
194686645
198055321
188797431
186304384
166747357
118057819
103674674
124720665
168790584
176062538
180947052
180408377
181428429
186707753
188893765
160420697
92622898
72307635
118547419
178690502
158806939
187545510
199176417
192298401
205588346
186587180
123712390
71023617
64972511
78664126
196103409
192347483
197263849
199800942
200676223
200585317
180275687
156442434
65293820
69650844
184288461
183089110
195507717
199085880
223288976
187670760
188332739
164043471
75533587
60140477
25733396
148196869
159981227
168058390
172381051
187872286
188509547
166235436
169636024
140105748
128804878
68007815
51593253
164872659
177902416
185832799
176917563
182610206
171969299
162297382
163165120
96067365
100561478
186438928
183037395
173500762
198836832
216305761
177045692
177780846
178097460
88857369
115558239
166431887
170074153
204362787
169435054
189546979
187219010
186108141
189574621
95182480
101516272
92051572
149479550
159720814
170479051
175077621
151105341
155258285
125864951
130282586
125024727
154010488
168672371
154930059
201526121
174381189
194410126
192061231
158367317
156136189
138430355
104717204
114734356
137157337
172853818
170264666
204193685
148879458
179807627
178156146
157756686
152729901
84557968
34975886
62346068
168243608
173876417
174126324
177780694
164994955
205135345
150899235
150833076
122222760
109303585
149727982
158070420
180795339
184543443
157767537
173980140
178333909
154673006
122601695
122739068
146734203
163015359
154480078
158375716
161631481
168668611
184194384
236647984
171414307
153854141
171147178
160441123
165119170
182691849
175325124
162166706
212285710
170094847
163316872
207841586
139661828
151233793
165716402
169714072
176093022
162598726
161251584
153556456
140208356
84642733
112559948
168812705
198519352
185268477
202061109
196470144
180184205
166506923
199119335
105762832
82816274
44556927
180397365
180740537
179675260
195459088
192835579
171779043
157396712
158248881
73171805
70786734
132231239
136508074
190625470
195367156
187933943
204918401
172831277
180459232
143926290
141080937
65952483
126120966
154476727
177413913
187786111
181945510
186094224
177137400
180043986
144036277
185460635
160171256
141544315
200911945
175369930
197735839
185026770
199892337
184381619
141144107
150863302
87763075
72018917
177282181
188407672
200000465
184328508
173710990
170094775
213940214
167450994
84847533
52602093
26466354
189717950
200156065
196278459
192656481
208207269
202627945
166975769
215484481
53607937
56422226
178880962
185885463
182690945
177211792
177746905
174864963
154719481
130526158
74034695
60676105
180051614
179209615
183096886
188040098
191421321
194029929
140347276
161109752
69471059
71700284
171811378
175324555
186482730
186543167
177800483
157365614
188217188
162720945
77900317
79532892
25533693
150806964
157607080
191299921
195840149
192441122
167181024
177656629
185296188
99500271
106010831
44332243
190511469
199007980
199434984
189350022
181272923
156939061
185572391
215133138
60366924
60886261
193908037
202319109
206288090
209740252
212889434
213239871
213925350
217351758
58792132
54364815
196516918
196246635
179485502
181456580
192556491
207502794
189020683
202251704
60378066
63252857
156271612
183971174
186291165
184139185
183740545
187612011
163528626
135083767
72336637
62222586
93661863
179587240
176464931
198318891
178386942
171071658
155699209
188672422
150143388
92162901
90325455
64667394
128342165
169197197
167959022
186698636
182291192
160324109
180712091
181934311
160924054
99844583
113969982
103195710
115350377
161140596
164069197
158099103
180039372
168734698
200907321
188781081
162768996
158770025
183214968
131871257
140331068
129740658
132365481
155773329
180722710
194534283
188066515
200444492
195002089
168279590
159755954
162478177
115268715
143917590
145118597
186703068
180293207
176192507
197381697
192087379
203999613
172602448
148237530
108285576
97406972
120292404
120809828
200967915
188383497
194523525
188445372
172130121
209258043
151653011
146792042
44695947
25666590
180739103
183880548
203854223
197315076
161509201
187210393
190236821
144789748
84614055
74584217
25498864
188008949
188350945
206073682
190692777
192141281
174514291
230078870
184025602
80019065
63924702
137594471
168358256
196193044
189814082
166237567
174517235
207309253
221344208
116089111
96256590
196348697
209904256
197931608
176033189
205819275
197197651
174819123
179580765
74161000
61984115
184043527
197898916
191557049
201390415
214311120
218738943
173863657
174137288
65616697
50923281
172621380
176688316
192105924
183866841
189629854
191432147
188172893
184442275
81126912
84455106
151312040
182123205
196935505
182695268
189015537
187680164
189300439
203656605
122094550
112382690
66426509
65476551
129024052
155726848
162864052
174630854
178267799
182905162
168685018
197755466
161987391
156027423
123458879
135050351
105863496
191200640
171330538
186159583
190556328
174097006
221469791
148257801
169411893
82890577
91678263
161767464
162400100
165734136
159202891
153122823
160994249
151994703
152953290
116608137
128612442
119645645
121871019
141978644
149974211
195257442
173828360
197013391
202229956
186851524
194406702
176014663
180407818
167049925
144317335
181966281
153144106
164702355
172629400
181007004
185438201
174717098
154289153
173059653
111955838
128529825
166124404
163128375
166110128
182076385
191968595
204287322
204351440
179555743
176451705
169311459
164058675
107798683
123234480
148070557
171655239
180245456
180502321
196032762
160953572
171476600
186874413
142255340
88488237
107549383
106932281
82606896
168244060
164082755
190914331
173536194
168736531
181744227
155061522
196384400
143907077
143178681
152010862
158538277
184423997
188264224
174616524
194686564
191297682
166944278
129085532
179787153
132364219
154738169
172141035
163576746
165712659
179776203
221236533
149626465
149807746
126195424
96315979
45839783
134880155
174542570
189686876
171857960
188212285
203573483
181738320
170870324
147604100
95793392
79682135
72235183
140707893
196624943
184565621
201353105
189419637
233357498
183607782
185691222
148708094
81210747
89899004
182539257
192787148
183395582
194803144
202415352
206418963
230909998
172258535
74040625
77914333
153996437
175002452
172271578
199893741
200298115
191836228
191646475
181857107
91649285
104333279
38258805
167734207
175041909
170251924
182014958
162890571
172211257
181268335
192737236
112887379
130963625
156617820
169481600
156938426
179700554
165800220
192167940
171910283
190022536
146155569
150509798
125048034
125565707
138393508
142001004
130875051
160551010
192864191
190170675
195350582
190312636
151790739
151746591
173850591
113894711
108777286
124940400
156836098
174493243
174931223
208959731
173374425
162183990
144278279
146231131
145135921
140902014
178231214
200131915
207598382
169500597
154987771
188773251
175022138
136073092
141046013
139943290
175544012
188112876
163907828
200686481
201685833
176158590
174092297
170521843
120917064
103766993
114893474
154222616
194255083
199232345
168253426
198143037
188477153
172762988
162205005
104524312
54231187
195576226
189344670
201895930
189141322
215389206
217821476
168726606
194983451
64468642
62528615
200565158
193466970
206001777
185394430
204430298
203329541
164835605
217853056
74639593
68451812
160295161
163149233
184140531
182130164
176003877
201871867
159583943
166283284
97769598
104103412
30407777
131889333
157140810
169552855
174024630
175051753
167400560
139959996
148097250
137463973
140649609
143018633
163864488
167482068
200128513
191105607
202232401
189059440
171114319
169135312
118108481
106784500
50554488
171656869
155633118
172938679
190102391
176861789
199408683
155225703
130646114
81509457
72591444
155846418
187980430
193135832
188030684
176585966
191115850
191411275
141565367
51402443
61044439
102434400
167976658
197886848
187111186
177162860
194302611
183936996
170057217
85580607
44486587
115882644
170719972
205030025
199116419
203518372
205440726
174461464
213952847
154194760
68186420
62999396
150236802
177723905
185676786
182935917
184451099
172630325
163674170
189346893
115437030
92231018
106976268
165684099
178265761
186804041
179767697
169696015
147546823
152218802
169274749
83091461
25308749
108485192
170339301
183696180
155242830
199871300
186071244
186603526
187596418
142900457
78975867
95980305
163188617
166250719
201665391
189867715
199764511
190328271
191049097
169737657
107371946
128533707
128204636
136618902
201132887
198798873
200393834
185914281
210967562
214278602
169048229
164950196
70935854
67592007
202460006
187099007
168627808
205544362
203155839
193283437
174568165
207802945
62831505
51739913
171641737
170926642
184633153
186793315
183898932
185265049
157301998
157003428
60743139
57679738
104336669
108249192
194063790
198470735
194222672
203950131
175552491
190557157
169953554
150103407
67492324
66891032
193511829
197419213
208037817
190477586
200609114
161228964
190414202
191686077
62645181
57614175
199232390
201586588
203750628
192773121
193641995
202393524
211025796
169965381
54775334
53339250
191736126
192317738
200224365
197347801
205991777
164488057
214171249
196301346
59275698
60007516
185952305
203408244
205230635
197758943
202392949
215991298
207267480
196811711
59242294
58557055
185376252
167698724
182254829
195825343
209732307
199467811
160697144
171742898
65766227
57513652
42069255
177662942
184000406
184038498
201203125
190407600
172365714
169146269
163343739
78020026
83180065
37065102
123996109
176175070
192331043
192234902
210047367
169030033
181991279
187762067
150194133
83491920
81791870
153983242
176837148
156465576
197420391
186546857
178720121
168746201
152632828
108108621
81832872
111374659
173725385
172206576
192544798
175557344
192188300
162225574
159970575
165652692
87959734
101754856
162488143
190350585
186922653
214707652
192414300
182041414
177797486
157334655
106824988
92273308
66661243
133666248
183268454
198796367
190771381
191567060
202261950
185568588
172781822
137324163
96344210
78295321
32827151
152104963
180302363
184940154
184049882
193875426
161657230
173106053
157098939
95718286
138627411
167147147
184321861
188180819
193475201
180782976
164541084
172789105
132998486
71134021
94727247
99228979
145853170
154695688
174280510
172782888
187420977
200535566
166967632
161501711
115780304
123315915
216700556
169918241
154017706
182896237
178686291
211181027
160848761
170709761
155596486
151200742
139570743
166744653
184315268
143956257
186357184
178814890
168308373
175823852
110334556
107492629
160252749
178687485
186794884
199003508
182093787
187315469
199064950
157451112
136455349
91295427
63449011
172630636
192564834
191490918
187998628
187093251
212556460
158523729
177607988
64783737
66703756
90817172
191261548
190798915
206254053
180251419
181314628
211558466
219626693
158265359
42488410
25026605
182962725
190790031
184745892
175445918
218848134
206497494
210472949
213276172
53427100
61169171
25303223
144184123
146169079
162871125
164647320
168526593
172643635
136423523
197385062
164333562
154079275
172247895
187479961
196761171
176563972
176592504
178032152
168295633
120666240
126542623
112033424
130593879
148779289
163910066
181016013
165188218
192641033
193777233
176217357
127924434
124883771
63794789
185875042
194773565
203978811
186681426
197743576
182622621
198537215
168946484
60683466
55122674
207906297
194948219
195603285
195951507
198587339
216740425
199459327
209544831
53100639
49751227
183350379
198127618
196914885
216450199
218890428
197884670
234070602
239704680
71729575
70801240
28690449
161468408
188966433
185871102
184228029
197145261
168611976
172713862
150158210
80829747
68025248
128933867
126243176
130201755
169149370
188120060
190269855
195118781
206156134
152031384
146849119
94321703
73295785
41136664
114608240
176829938
198546187
199028031
204099488
192879347
205812973
165610134
152421140
92332500
64603874
35343776
182062977
174895529
197917637
200189417
200370391
187797137
167203928
164200859
68830743
49253154
120310245
177538758
196504080
201440567
198124915
182707550
188893162
161826715
162504638
82698343
76101918
180527918
176223563
181248903
193851143
169377219
196630623
156228011
156250193
69188765
63027415
180354775
196258640
204097710
200796152
211529666
171227779
173478537
200877109
55359260
63560372
172440686
200080862
191761283
200260679
206608619
200475699
168138948
164084646
85696800
53432214
26914108
154817366
172526977
172556674
177323143
174877493
159066033
153677644
196645291
122419059
164876648
167785244
174026632
177129733
192032600
156224870
180159909
176153487
144459735
143542295
140737952
176692733
176695026
173912583
184255512
174802566
174646432
147667450
175343806
123512353
116059933
61593147
53907000
158699420
174718292
191201266
168737421
165701835
179693948
174872609
167653980
103046967
91784016
108884165
158665542
194549339
197920878
172759991
178467328
192616233
197738764
158800686
109032778
77207607
52605897
195936669
195532762
196378193
183709092
203283354
167795062
229869891
217284216
72055131
71520506
156086621
167320349
200469967
203588799
210791204
195772045
209173862
188969010
127419705
109282648
119742371
165800341
155809198
165329005
170822363
175371824
148462925
116128107
116650003
81544403
152571771
161209396
177441674
191230939
193037732
194752115
156132611
166816162
119671899
128773495
95520016
86596750
150837009
182597290
183577888
187167565
169986795
156465840
158850114
159265041
81685529
84494235
90159101
147703733
158948827
187301987
189864203
193357478
179987676
180508394
191846230
147446222
130178339
67301892
162816129
183123601
173231206
188263292
182643228
159079264
182834691
163725078
100896806
85725110
110157163
173486785
179689519
205596028
197562736
195290871
199678847
203306723
169420197
133450978
127554133
96028722
126890614
172330089
181012406
194049462
198637948
190194608
165142320
166299941
132521788
77151078
86175584
152362264
150596507
163125607
148256794
172837619
164593638
178359902
142783611
120350486
130638753
150339589
148385020
152832721
184893217
190532785
196713117
176507993
196646163
171557078
162444881
139834662
128266002
118322779
169280234
161830273
181408677
160342810
175863218
162540223
158097049
142984933
130848737
144090404
172977090
163343059
190616440
176963706
160701491
163623128
142144266
118101900
83033535
124513633
180977978
180148023
191967900
201347434
172265257
188451029
184245633
170058837
78336035
104496873
164771237
180313189
182312018
149069654
196356501
174554568
194984372
208239591
127511404
106962916
166866936
159847721
156696368
183631682
181659740
182276265
195368336
165495449
139405751
111698687
76470154
103512428
189933083
170136684
196192623
196386554
201751895
202176943
169080950
156272864
58442983
67000500
143604390
176305382
184886711
185590410
179929043
184471949
158320801
180433788
132289014
134415831
105315568
173602392
195534259
175297278
204211832
204843685
180959662
157696955
182318939
81428912
85664399
164534927
175745951
190612317
190941331
172047692
188378210
135491682
156927854
74101628
63462844
60909956
137885236
183197607
188966889
193395953
207085964
176476919
177695713
185843761
149824379
97434531
104027617
180260078
195932002
196481459
177450519
166378456
190426294
199182366
158234290
84985171
58323837
96009162
193523197
180772622
207932482
212787241
196141082
201901720
191026191
157481794
54512921
69934687
179455363
171557534
194408722
166561361
190253929
189232744
203699937
151787536
73933231
46131420
129320757
162863382
179930033
185219393
172341551
224535333
171727963
156305383
162463462
113884619
176055700
172815318
154098909
173671666
151968430
176013265
146068320
179184401
156023462
130635790
130626789
167393556
179992976
181114514
176051181
159960497
160423565
152858628
135802559
105921321
38441309
47565948
42011800
163766107
175567055
186529201
184211398
178896978
180598643
151710398
154047907
86261879
100358220
129084186
158139216
172755128
185532840
184301118
178371553
163867824
166702277
135830838
147297192
119676759
106912620
144243273
152311810
153321464
162048341
176184212
216081951
179400735
187184064
165329458
188059876
170830508
155605633
165673569
125093266
127183698
87396291
89761304
55769550
130273498
156924175
190469326
173069651
185030564
157776523
170030802
181568823
123194423
80120585
29411211
148645779
196460900
196711720
192825220
195861842
182105123
185139220
181724804
88495879
56758879
187562165
194232337
201490271
213160523
208676765
195486096
219709381
193950116
63289032
61126024
179089259
194146684
202423467
202771406
200006895
184510375
203864062
192590216
83298146
66453139
33535313
116319113
187406785
191911665
178330128
217287029
237544168
209558806
180992558
172411084
99534083
104472172
53694637
176941869
177688638
165622457
182068322
167928596
174241430
163231110
163950665
91300579
90141726
154576841
167089771
176613041
184786673
198729115
175241184
187632599
183105245
102573226
108360526
113222320
154512848
175841000
164596602
157987437
176606220
162815919
137389626
146559612
140090023
142056594
164182880
176599986
190297861
191160932
164404397
169262655
196377666
166261875
129017238
71099624
158217471
172497946
162335026
180120454
164972506
170194192
171705621
177546912
144195651
135878785
151179096
167558198
165552834
190645230
168766636
178066000
190833210
179536195
119636779
116003749
109118057
137939124
150522354
187102695
184762427
193915367
194360853
194867466
174414541
135527676
102495816
152998484
170928286
174314628
195618019
184671794
202418116
192783265
207918454
113368396
58137201
44439528
154163142
173471173
163456422
179753770
201723040
188757365
164415119
168631468
127300399
94798869
135858739
182513919
175734668
176537380
163446007
163707587
165828237
185936950
129818736
66630943
151274116
168009787
160811607
148966936
189792542
198741667
193985504
144108362
132207808
145811827
143774412
162246055
177296120
191364633
179796252
180415414
179959353
184226649
140350780
159042475
132397224
124916792
128527187
159870441
173435409
174605885
181143580
166021179
175666740
162822293
142128297
119051484
140593745
130509446
150447687
179405236
186066694
198498451
183844156
180493231
170055027
171211625
165515390
126906925
129125443
159969485
120347915
122139893
146063752
140197527
151821213
132794315
172672655
182274577
198280693
165179565
180378721
182936756
142048574
166271450
121796125
127271910
144067419
145746605
174663843
182796370
184081172
196121821
192509236
226021786
183565501
173524078
131861786
128849000
122718010
122886701
179247823
171979842
190298276
166467529
166841111
181718758
152979081
116033745
94840396
78266539
135913592
153061342
172497142
150462249
177947418
174300446
176789953
150559739
152399494
128391258
152092348
165917342
176221268
197515071
185388395
180300421
181600655
201086161
134801299
174765592
122305107
164258822
193312462
181055483
180482847
181128258
195318950
182476951
146151462
99426151
112127826
129619089
167050121
196318615
193882712
190945644
192987341
193479776
181950538
165743787
109285419
86441045
51250285
140851403
152114694
209185620
176932469
192908133
193467593
181317969
199024245
179704919
171095141
137132001
135989103
154886433
158779630
164464668
172457701
172994200
174770633
182739974
154026580
178735350
168453868
142018946
140293662
136958713
141550134
143346071
123224146
98652855
134710846
117815005
55679145
128262379
154500460
177555245
187894248
188327883
167986557
153001583
165408228
139455208
124604697
135254603
161012743
197205707
196172497
196085931
172165005
206478369
186804936
153951351
127618648
59310935
155371068
192843417
195391346
202581554
202826751
203845407
204132329
178410288
103482663
65920924
43903965
134646104
195622502
198186748
195048835
194814341
197380645
175192356
213012173
141676309
81289524
71206236
129764048
165584422
177475759
178810806
209056830
161831375
179701720
162341990
150744374
147797943
145999612
169456366
187093461
183202621
190475469
183020164
164830555
155141601
144531762
95251824
67532259
100552306
184046561
165123901
204824551
208495633
204184449
182793979
165265236
163130336
59293725
65880807
141847598
166568691
173737398
190914441
196259797
175005003
171959933
163354951
117230655
135792143
118196080
142112294
163745737
174959746
159092933
162541911
170465174
137081172
131148693
144675435
150443163
153983388
169564969
166038341
159292218
158897217
166111839
148669358
159120989
133998938
149780341
167610912
156823771
193724655
178193163
167830076
160712412
167850746
142742350
133024376
104235747
118191870
140503904
140276071
158242358
140383307
144307159
135704430
111471687
43431900
25299259
162396814
167855038
157992900
181157189
181169176
174432387
162944571
130288693
25585621
158861808
163878503
169607684
163090576
171499457
168702029
94995522
122914434
134887440
139965332
145168700
143510491
144718441
25440491
70949432
83977145
81808944
74276290
61720422
67037475
83367208
94090072
94636142
62622564
65218208
25636928
55254068
117848395
107640766
107822867
131904460
86207350
57086824
83481156
83592842
74235415
26563225
25564548
25156741
24785864
26168208
25931795
