27240436
40348643
36852517
26067714
44017593
39868876
33320139
33474965
63231780
88668183
80840389
71473044
81921295
72418454
67379758
99481194
103968954
130595358
144880557
146064248
122276473
142750289
177290165
149782222
156878396
178548830
212167043
202128717
176256385
158270577
159587026
176159824
126711627
153241173
131967049
169825937
164779839
211927117
202141749
159535753
173486829
209177355
151732525
178433537
129779751
160035838
155246937
180144839
199205057
174186375
204631094
176583310
213952106
163992419
164500614
62841994
63382941
165148455
174701558
192838333
202311113
203025107
153624970
208373741
172417882
179777507
185652686
108572286
181564646
169294201
183338416
205248006
216701820
209142308
176629836
173163300
166297929
119375462
41785523
69501030
119736162
176513869
178988463
159007056
176982003
190506805
134264372
155189355
178104746
140759870
170526599
184850621
192339931
176607803
178734551
215893340
168608254
166412435
105822106
90206136
54045328
164075884
184795517
194956601
214665629
196221963
171697001
176735288
154849077
172025748
182663002
108887253
122711078
174249530
199080361
194751935
195711945
208788738
232021152
178984936
189091655
103408446
215903519
220901941
230073504
238694434
180374678
208619785
209045103
243949906
261466270
145843445
215270750
197668177
180556307
197602009
198532815
190490960
202710690
203098851
208205596
196560911
199039945
172092175
199697741
196793434
208365066
212693375
218996894
231742750
186247090
221876782
186488598
34108233
71568278
87778916
93094060
189218467
192088768
184141359
196216868
188634174
198566217
192003721
161262617
143599649
161188678
139249292
141080998
199347782
190667305
170826613
218518736
169243232
175061817
123027861
154424164
97639923
110381847
139237101
148139961
160822375
176851925
174237999
170708972
188138389
183608652
219643436
220411687
158689285
156147566
160768603
163916336
182539688
171268557
174027197
194997785
169990241
171745235
172049636
172508877
166899608
185859425
175820951
191957842
199483077
187138811
183063469
185890398
149553364
153726395
140703928
146201491
154897783
141093319
178350244
206603218
199904588
168930379
202490407
192646567
173037265
178008069
124207844
111211168
141365223
165116451
169682212
170864504
161156916
172870890
139173184
210699624
165963060
165183534
161039902
34717304
73485667
178378810
194171315
190496299
187666328
172436713
183987404
189041448
183536841
176228167
36690568
121817706
170950902
168709977
177389972
171197488
192691157
171553230
181955796
192449450
184855713
111464292
130619331
145832586
168321722
178002612
190628477
179138619
172099617
173025923
180444108
187954012
123284029
156934277
160873844
170669322
176236093
199001509
200311921
217244679
184213750
186838514
190171578
169627018
141583696
151893291
157466814
182818321
180486910
159319046
196769304
201572829
197317669
167069850
187212249
110143132
162670359
124739540
188924535
193128391
193286894
196127678
209447326
172933402
175347856
166924814
94955153
135022186
187910442
163684055
196462585
200091891
180098340
174811426
171035315
152733010
182268214
182933559
167124101
171351630
186796598
167862826
195179963
156236936
180221103
157590288
110689610
157608292
51667084
49065679
168813086
185091083
187819221
180138991
183503015
183335446
169633866
122654916
145252248
154473506
150482701
188133712
191816758
174024246
173049844
191311753
196222425
156542207
115260994
102356359
56207818
192031107
184532046
202337042
199965907
182262583
172667419
190691310
158076278
174440538
174677966
195539091
206402566
192542456
212981303
192292931
227530888
210475295
243214024
218394357
219478828
197694973
200075949
205275716
187170176
195979994
178881698
213572979
221468955
199899276
200908929
185140445
193095189
165510968
198471493
190936960
179291753
204420884
160922506
187456702
155560397
82192368
155545837
175992591
165245566
192855170
160741460
170283947
140325413
140798800
136714613
29530207
27195551
154178527
191048421
183920597
168394768
193386719
195533770
200737373
184331392
198935799
206603107
57072181
176964985
186684180
171022766
182980992
176569026
233904770
245680525
179660016
154898315
127351001
169365807
193839020
181582554
200785738
199183548
169157090
179863195
183978346
147978529
154808993
166063252
186013771
184610820
188024656
164177469
164463345
167886499
207201374
183917828
198103745
129283293
152498133
197219867
197034079
184570119
184727620
209701874
178579188
172134466
90630329
179775762
91766268
184262597
191515252
189777940
184601945
225354590
195172304
174172896
185840070
201282452
130026780
29227268
192791238
189598923
199887656
189217736
180737806
178142304
182166479
185664737
213482088
202656920
58966926
159965247
168610801
166600942
176031088
180058225
168123724
158815722
167817422
189943403
180399827
167288491
190059022
174809304
173250111
127643385
160401526
169317490
175133851
122509902
78034682
128760829
160422765
176330324
185176238
190535050
160230071
205688984
222671911
197870139
186732353
154798279
154429404
199707839
192851424
200525258
192204257
180812147
187803717
223918680
156641265
164953318
115985548
141958365
193514071
166802684
200690571
201976442
180042178
175412608
216341695
175235116
185593992
128434302
166672609
177291753
198962852
182782289
152212872
192182774
200479668
173394518
126940340
103018260
41690977
148621858
147072607
135295603
167292726
172186892
161768603
152280115
155801662
185609303
192649863
190446028
189910216
214814253
178098690
182158199
166653971
168726552
126084655
108347192
109490362
48516052
61850718
199559358
203528030
224181072
205827299
206155168
200010658
208539414
205125308
205365513
103037998
83731813
113944032
186312114
188117620
197609291
196175348
197781798
199143157
178029782
114828285
136837869
104500420
170636745
208623862
192143091
223566367
216487080
216975851
226714514
192198246
202542354
199355309
108662665
197474193
192720907
193639135
198629405
193903828
194563278
178317321
179900660
208011009
69654815
184185575
191996705
195552823
198394271
202697891
198598994
164611476
194614373
167302374
197266393
54965898
127484169
138003339
136448338
161569287
182072568
187490908
181528364
169760468
215326677
190256420
163833706
192287942
212001532
151085346
149455008
165610497
168754643
141786724
158355680
103169706
94134188
125970034
123935471
172879877
189186165
171568020
198834696
196122856
157342198
182878644
122549239
154559877
170151261
170362287
163788323
196271792
193526681
203431438
168507617
168895613
142279541
157929846
184012513
179804602
201445737
159468432
204340365
209015572
179682146
179692850
158280621
180935485
130191006
130327794
148104662
170274513
165836130
195879990
202904482
218881440
226790770
186141362
183369055
149365632
186210743
175762043
176111155
173025745
172172463
164797137
165654569
148304424
153063841
118277122
116069708
129712288
131986443
160668006
153777719
161513130
147679341
155434625
165426818
164905667
170202442
163920991
186216810
167479609
174778239
176308265
223473149
171073839
174110262
189608394
141096797
117843668
102903599
97358790
147755162
163659840
167422791
171474095
212812899
170290555
174496703
140051576
147593837
143440320
190141115
173164920
169113440
204129599
166866117
188826460
178331386
169672301
144274729
130696364
74810862
158953513
177385351
177734827
179365003
183659586
180234413
200300419
158291470
173330810
212964679
149254460
156245721
204308997
184969767
187961054
188335780
199668718
201000801
183891021
184197395
97161352
112138694
186387764
187516466
184761127
186748977
222350587
160108115
221902970
172724085
185632172
145218337
155666392
192117167
189098824
208666650
189382461
185936704
170004079
167498344
112415098
187063557
89696836
179244264
192062650
189288267
188747789
189002228
210300526
168889086
176281060
106400838
180120803
108195415
163788066
190150898
180404490
200617273
196627129
171312852
168868316
160023323
121700154
99126557
123129215
162565647
188952572
192576263
197757511
186061352
214053245
181279641
207296962
210820519
115091695
123587181
146576683
172406183
198013030
193887760
209809184
195741245
153538534
167043195
120240503
166152460
106004323
196384925
194981850
206835500
199030494
199390539
181609385
182482143
167651505
153054205
143622479
87472522
195154978
195914436
209611175
191118236
191809252
180337014
213921458
177192801
113970649
203419579
160934418
192835764
186387412
201196588
186749862
186700149
157991194
130033612
103520931
134352589
134803813
191568513
189259850
189666658
202615945
196844455
181066833
167923421
181557802
144118255
67902627
120678136
124259359
181262689
208403784
203993399
183074506
193777865
196676688
191239521
194155847
78662762
89326251
96061069
179869548
174291720
175477585
183241071
175094573
205523982
202561738
127283542
133062022
133935092
172658539
171878817
169582775
192402717
208449427
180978382
160576004
157436747
197257106
194342244
180012410
176138694
186978873
172003771
189159883
181060326
170599484
174472815
158661462
163673499
134315628
137044880
172818351
176297591
168965790
159040135
163861338
175855462
208461341
244454383
160050111
172921053
172723875
161486346
208325861
146900198
138702417
174856874
114646921
108785212
140567974
165852288
185588226
180278975
198124001
196378180
186287981
159383234
158112141
162316312
94110899
60005037
131962583
156287689
164609999
166401940
183715898
191779259
184428750
177302579
150896271
142992249
106043746
134760728
122283885
156560681
177040050
176490033
183092151
170397742
164847271
168593122
126415114
124125347
123794887
151484820
171937377
195273218
194661322
184091722
203013647
180945801
254984759
158302871
143557886
185203877
177111222
170365226
178190522
174608547
179573246
172198514
182680995
168308114
153631527
157168387
151685497
161609103
221674228
196891804
162323874
180277142
193545452
200792515
188429638
187824607
170670623
169066139
191718530
173692572
195532419
178840016
188611829
200943850
143245304
172517954
143401079
126082872
162069278
148271441
162659056
160239772
178885531
153768607
175481024
145354214
167411595
170292331
96138122
172641539
177403892
218537033
226711980
211667880
212114146
198608906
184384565
103175898
124721696
83590255
61597615
171965661
185016208
190683184
187121852
196648137
179963327
176327306
144947410
97695436
158115240
127795111
150937166
180908183
186721773
188742648
181452973
200842972
176088239
184578184
198640941
101863759
143174042
166214853
182323088
202250225
194093691
180364939
170628037
152285766
234504943
173871132
108002715
62454578
138621464
181016964
202632817
208406522
191916069
206221715
179386695
172716767
185036340
61555191
192219279
164817948
198951394
184605765
204511667
197184270
198381835
210722480
162003086
178304728
192374251
29277154
178936055
188864245
162280770
194620197
194689007
212811159
162028303
147691631
179745901
124540403
156487872
164474020
177646313
181907731
166889926
205131100
169915205
165695943
187852707
180619400
40993173
155552403
163126201
192296426
188271580
196899314
168162287
211231037
177784639
164756490
99232823
35496532
185312030
175338073
187039159
203129891
187605842
212440432
200543730
160012984
199083029
190415595
149303773
197222356
185496101
188170479
192617145
204910060
210462665
214851500
201196791
212740912
54169339
158092839
181712010
186900283
198392928
190997890
209438690
214129361
162168265
200637567
212706708
124260920
197513391
219161664
205657486
195388357
195251365
197685836
217056208
156965000
188574315
107618387
168905408
178099318
174605858
194792081
210916534
183489557
184070927
165583029
172217813
205547781
90535905
92423640
143369578
178159398
179702434
165866620
183582241
159518206
174848748
130582011
136628332
38077903
93709930
182333464
194901370
193875009
194513839
208138599
180498619
189154722
190694486
207010932
108066501
80789986
178959963
194513315
195929946
201008238
181575378
207931596
166128504
179143635
172543796
147505453
131158864
154290158
186327851
174351636
200124996
190175997
179366359
232214935
204375947
193402315
125569155
158417062
168793011
189864621
191229656
206955169
191480450
170525801
162474050
163051951
109065738
110182554
186163884
181828791
161824145
190416699
190834189
202530067
167299749
172026725
179543305
181056986
132001388
138425153
163930176
177262846
177775929
168172495
184310508
185334300
168672048
190539688
108959692
119518664
96876159
87164424
103849807
125156648
174498210
166832155
193608609
168287548
163051830
204683899
152707083
156539088
165095158
176903341
186712530
184557196
178488234
172806965
165957853
139938505
146897242
129962656
234976436
188325179
206500309
190072020
178944432
232937205
162054084
176914865
123657349
159837354
123928662
178308638
177663028
188895578
189484031
177229837
180657427
172759221
156818678
144335666
137614601
123156086
152402975
194281520
184243967
204113049
170881977
189678592
180128919
195349703
202459008
135715232
108302726
200409047
198645115
201844804
207276538
200904833
209731862
161509760
166984566
138049253
138761264
157342154
192414393
192572233
192183808
193416287
176703343
159984851
151029060
151617970
102992053
44024246
189705897
198212472
205973007
189072477
210145438
182604632
165833424
164465586
179889484
96475458
143855088
164863280
171876657
162174355
168821587
164820322
165403057
145899542
154251775
162464517
146734990
180399455
177857290
188973463
174545882
177941859
178179447
166384877
158014563
166005537
108360726
175792684
208586672
190838987
194979330
192789253
206929686
199375223
190023917
226348178
107531050
45342424
153075023
184087437
195310798
182359259
204980967
211287618
208697863
159237042
196386702
181275989
64984931
154851787
185126349
179028245
176442437
194624310
198022236
205464150
180429556
195169671
211033093
117446862
158477935
167945753
164326632
144435436
152953899
162450787
88556511
106926207
135148677
125735095
184067013
196969387
200580007
193576497
157588556
220984326
174029844
168701314
150026939
178249449
142308523
158578434
195205798
153985083
175322316
182835605
149202887
151584252
152387580
166876465
50016344
87545677
185504147
198240509
193257200
204535826
182108206
183059956
201274188
193283590
205970466
115895927
87664289
154735151
196809163
194691882
187351162
201179239
229121395
220738087
187562282
121816655
149230009
86928790
179899424
185219533
184946748
193718961
175255983
179775314
188928547
167265771
167121578
152510511
78684135
186105891
192483328
196094281
186528659
187015710
210933742
236959634
180735205
220134007
140402002
92275416
100438151
143175849
169746003
177017159
189066194
159794818
170825621
146087610
146886561
159586770
142912045
170764467
153593344
169116500
176958835
184835712
164188731
175923674
192411960
162827695
104018819
83776758
108795103
149399569
163597101
178591041
200906936
177906238
179252376
158158177
162725212
162989945
213500531
125623752
126768663
172022963
168982999
145784851
149290056
180020538
191003187
151288947
185447330
200101634
185372499
180063911
169031187
167247005
186782781
132053998
236506019
152704206
181002458
195592288
182059510
185765043
180490380
166750654
147795403
190715205
165788597
170219579
152600894
168127110
185803611
177639173
155951674
196726784
172913182
168534041
174466869
212271017
173351641
182373813
167012306
175232386
176331877
170617473
146833200
149994948
112089735
113109938
32416636
125206663
145102075
172710276
200829310
183284467
174570849
208376099
198791816
189585223
157169037
53463480
62812425
138678330
190168200
198990062
194405615
200511126
208024181
176447143
185184011
134750296
67531221
136057400
188606858
194128366
193200743
210686701
222251376
161548843
185689097
238081044
202515434
179140979
114643027
184140706
181977558
188361545
190722291
162955991
182944616
184155225
192442311
197264666
100579452
119085514
148010674
164817418
184287004
181708636
181999962
183082849
167665578
194617532
204963242
165888415
162739788
162892471
191773516
208658078
179817141
177044094
201363362
162358458
178858897
128185617
106817764
119038899
191882998
189251318
187057229
197965069
202188140
180819142
176588630
159597922
178289764
152600552
182810433
184022613
184314572
173374246
200668213
217113161
157724359
120736406
140002047
116294462
175871030
184025039
192595402
171313657
188696217
174972398
153515311
162800327
167551216
112946937
113430658
168590986
164761028
179923948
171665009
178954832
188057776
182063549
187367381
194348399
88582828
172713736
212358724
193789087
179888621
208577592
182764638
182910075
183857947
192052107
109287666
28885476
167156313
190145832
184886837
202117237
192926951
210163875
171231399
166410678
173066683
193855532
190016220
194309793
194073541
208347895
215195066
220886983
198171323
198267499
179181790
180344152
136259746
143809872
182903349
179632323
185650329
197837655
195769872
199043816
210278783
216473964
152228112
159710671
191045455
182141441
176167900
177226158
185591395
206963964
130673465
76959086
81385867
25203353
151809354
155539878
186514950
175680412
170342590
170746483
151563769
155913605
184088991
196247756
114558911
138290632
175270640
163472665
199421242
191092605
188697331
173702593
179165328
165848686
128308675
103173202
164487115
180506655
174428961
200885101
164516573
171100447
175859325
142273183
90067138
92578892
68567247
167407892
173601343
211521785
211525494
218601504
197340936
180250216
180151685
218149718
169709196
99032202
109191924
183099010
188388078
199936377
209088090
200722146
202021176
167324410
157031124
139918115
125524050
139616054
196840152
198458361
198566770
176249970
180776807
202299564
202505620
184803999
206802322
61366876
24795263
194289442
201252151
180651802
202885728
210994312
173017026
216638371
168099767
172485166
183445007
140247197
154220628
150451018
188966069
154789992
168071419
137443317
155371581
193405663
190984303
143967165
148402016
154091020
162892120
169081243
176269340
170488629
191977273
179995351
176950255
147548057
168731181
188801340
140309952
144622174
153935409
131516679
131921320
139767117
137354837
113837409
114384880
178776620
198125228
197860752
174944912
193587537
173627310
182258043
185387754
112618551
114927768
140742680
162282012
168928872
154963928
179615373
189886938
190113878
174851897
196348904
247743852
157934498
166831023
178136281
200212188
192204812
193941400
209753147
208637082
159490587
214085537
126761594
137165101
126753704
177750565
188466353
172674023
191920902
192306607
156809147
162163171
111820545
130979461
157403110
168022518
173619630
177831500
186126526
181514461
160955416
152897912
129824282
120536867
78560652
105608491
152863365
204770926
184409876
191354322
176023108
161637806
158461012
177627457
183562194
112311397
152838800
175070504
188701926
175689380
205306733
179805497
188699383
186102298
170144793
57970074
37341349
25669253
149384751
158852598
199219772
189524664
181309440
166242749
170667651
181257862
218500745
199616997
113688259
127945355
188674159
207044397
184466396
187782292
192977740
197465646
163413367
177145826
129227317
98142516
156817782
192721912
198001630
192186898
197448242
195107311
160219230
178945262
173205540
185990536
40747086
194290673
198261589
210429483
188860811
189333909
208377844
205032668
168621550
191885497
183225536
202506359
203499945
194255806
201840429
203133077
212715360
210706622
191757488
136777855
128662234
144338939
177443538
171071516
181727614
174240591
156643168
156713887
143061234
146005219
178113689
147882850
168942672
179686125
172849799
160950653
174479320
178759497
151974610
158340924
155605454
59758945
121026453
167937120
200606041
200337337
171859336
186204883
188697627
189914558
211879138
85691278
149830662
122868940
186760154
185083438
184352655
192408974
185226234
205025807
175648324
152603677
181775147
90209511
104769885
175136168
189616473
190815003
191174277
193275335
186204635
183406048
179930550
200676119
95438408
81634383
164698952
182832979
195944070
186018579
185832097
212694256
173389276
174682306
201115906
137863292
102336846
138720890
172207288
180176484
169162288
192670477
149589629
174186020
149605919
139118935
163265834
106142259
150546011
164191542
160456838
165221199
162350654
162763033
156207344
146762404
155703837
107992288
140076212
112951507
175861480
177344564
184794573
190544265
206616479
179961892
175822001
145912646
147796435
133978346
79060209
118651392
134140985
149166724
170246774
170087217
166074085
156317125
178264902
189018827
172186589
168747625
161148470
166746984
139203434
158932142
183492033
169012068
177558037
181917957
209844352
205063337
175518954
162877136
229978831
150050710
229892516
182253774
150708143
171098241
181823614
169345354
181655685
172444988
166065625
172812385
150325980
156552677
193299422
182090286
172920417
164723239
165207805
162147517
152301327
181900344
124476479
100005521
134198397
178550548
180958937
162812207
191230431
161759599
227314267
164028008
163377173
182421047
160754876
115456029
116880471
106999294
141008324
174847767
179455615
170111274
186647704
193136385
169016011
136126101
150822576
106701809
152254100
124141847
172250249
190698224
188886518
192685428
192017573
171437875
157335747
115522940
130813290
131435459
131273773
150003840
154390117
164936322
195255270
170212177
181102092
171955724
197633289
188872456
178198334
152811358
152254607
178083882
165012424
187843422
185605864
184399325
158252936
191970202
155640142
176089787
192062585
179999694
190822345
193097190
193977839
194737800
196755482
211630592
138033269
138865700
135098286
109519981
177714784
158225525
169086407
206030406
174163514
175159448
176429447
134823407
160097239
144352443
156155385
152570184
183228776
155182126
164957679
153025351
154722473
137996433
198221364
123185403
132864984
149189206
144015984
143304353
139604866
145899389
162696733
174270206
177355346
175370984
184313946
167314705
177956407
178922693
209924185
149212346
157784858
146290335
163955246
148911234
156200895
174987599
167349047
166001702
164748963
148412913
148669789
149949150
103573663
109666912
69974103
110657943
111652018
168202647
156235626
195453734
196501985
207622423
216890328
151583925
206344612
105073757
109308695
159536402
169468599
194882548
189370785
195890528
193008434
174682295
182398226
181827126
192496832
92255389
94678365
177085680
187828960
187590144
205593732
206702930
210158920
155976749
168074692
127877558
136693824
134597838
164001688
194373849
181798134
196372545
187293672
167855067
164634884
185526858
174629266
72796890
69104602
143066605
143937159
168590434
169761673
158858013
149339036
174441826
164607594
160574957
182402051
58426434
30143369
180755021
176074688
191500159
187035313
196071561
172033973
164257048
199549231
181129755
199257115
156038865
198513200
198345535
199379715
189812020
165963668
196157023
196103243
190452644
109970505
44246790
171840735
177101962
191336868
181033341
202777582
148940913
165821001
146918994
117270043
173737614
183041023
180933145
189692354
205100253
188067044
178718153
168159134
167971561
171780990
177502736
194036411
205016455
197060226
185013010
197601016
221466586
184326961
185461865
189722239
186482738
166649434
176798628
181872332
197052016
193494038
202974838
164014340
171698019
151087821
157629268
31265005
143238046
190600856
196654248
191299350
198022769
171153832
213844642
168975249
214353986
116793280
54161176
148199705
182063405
190609265
193118080
209191089
168666359
178738081
176468090
205544512
229042334
172303329
204284542
226111195
208745411
232974127
198678720
224597293
203611489
190795443
66492974
188020361
146797698
180558508
190506879
192349394
187928528
171762323
180128620
163255232
174664551
144028116
130360536
152867176
162987841
183875885
157955348
189089946
192793428
182853075
222731381
201633000
158681278
154162854
169451849
188492602
203350284
224986896
220328749
198603170
195476326
216249187
178346704
126397415
91908787
81196799
141743155
177341360
186924002
191322351
228330309
190065502
196086110
189110568
164651823
180794775
122485260
138416888
132642999
136763555
129883731
153031312
176736159
175088673
196674044
192344833
193223504
150831908
164249323
158028326
134112957
114879008
102993457
153378157
176009511
197112368
200998677
188017773
188938235
176124595
188298463
123022994
235915291
116040605
118536810
184977652
190653168
207492492
207781803
187631816
161688156
153194326
173869810
121580109
149126530
35089604
52997948
166464513
177457677
188477958
186612365
195814732
174643773
196438725
172173161
198479647
155424547
154255282
156152250
156264106
174942252
187452434
179233654
186892340
214078069
225886079
230110704
153528895
165876903
158408319
156345194
156768407
162332692
166823176
150090287
133390676
110531932
126171574
134599401
193417272
199800498
192766277
224294512
221722065
244152762
197766072
140112471
159228849
156713956
80249610
149497162
153123259
180374263
187798682
153093138
170753234
175408545
210158346
199869946
176880632
131704412
129905447
121393635
139596063
172784707
170342814
156043648
183966307
170362231
196612251
154375020
147828380
223291670
148771331
141841243
191492465
192408816
192975939
208120481
184273314
192299810
153605963
133934786
119107011
108847335
120816629
153635792
144551880
175944250
184520129
158561124
156849429
162413104
204765255
219354817
192331416
191076255
181519005
174645221
194757326
166746330
184784834
155639608
147503129
148986158
142472022
149819016
158541894
170154720
171550463
160948308
150473319
137651246
156224526
177204697
173447838
168707398
177227311
213988954
180737746
184430415
176293643
172955162
153079512
156871557
160530569
109877370
129743763
100282343
139494992
143778407
168671441
184959211
190097130
208265466
182417162
173835570
171176408
175031032
118570669
128836038
110560993
139416421
153493777
145202069
168632991
189206221
180450792
171345331
176309650
188426990
181026948
138050325
133631080
118366405
124143476
164352713
183883676
196304143
176574856
187027540
201379628
178837956
174240139
183022913
95478740
158001409
166188303
189699158
173214229
191965213
172541292
196603143
161992430
204175027
140662313
134041281
150011595
184225670
186514574
187921277
202338558
195613614
198239189
177960410
204264370
111524117
96253825
106600413
167009226
169026677
182322772
183339415
174970040
172542355
165988911
166721878
125324161
93932743
127791176
157528883
192426756
188793418
174439910
200705998
178911121
184502022
188657863
203024607
97775461
62368592
151653027
160300807
176060456
184607019
162239911
157894681
162338643
163701399
239737817
248598531
213143247
202966760
244739863
191047304
196875960
201095926
172688459
158232397
194478337
186710947
157860137
161540502
166314082
138442068
160519634
173168773
185469550
174581736
148997174
165549131
169636070
152813935
179536483
165810515
185010469
196702404
158832227
179035948
147349429
86373629
84086696
162899505
175756871
192926778
179869941
181009369
178749721
161713752
165136171
190743627
192648355
139516997
178578338
185449089
190960559
205013837
179142223
183145697
182449295
185422762
104438813
95943518
172776567
180584993
188856002
184607820
185087384
191678244
157560736
152739234
161255593
179284122
70378034
109216069
162103947
157139774
187936770
165276752
182903228
212745834
161907105
165120407
200591584
146998266
117449148
146125169
138230328
156360685
153818733
178953350
167231144
150520961
150541860
161701689
155809497
170735664
212412678
159017407
154945521
176333796
177254449
110242185
119113070
117925526
150070170
156409550
185083963
189983619
192761896
193315696
193079657
178424485
184978965
86378128
41801666
187378942
186106220
201536934
201721664
199232474
180148145
140106062
174780146
176473000
161979905
109083921
182671501
194767461
196326386
190731813
201128206
186500783
208976360
192277421
216088101
88940560
158146865
173579281
184592651
185054035
207952393
176086521
157965035
165038186
169300962
179330631
60408235
148215600
150562102
178785060
179248863
200125083
176755024
173780015
176043177
196145601
176042682
49271010
118781887
180810403
185244717
198686205
204218062
185330484
202150453
168144512
179078665
130961267
82042469
32606813
193966670
195543581
188183341
188438241
201011636
204360476
162314412
162367000
137614370
179292757
192559617
197745522
187148174
201902545
207199443
180789629
182219558
158896875
170156480
195497615
164729993
177927821
158308302
169673424
190153192
184559849
151363035
135648188
150743386
106982906
187703841
177707937
179683578
194852428
205985342
190223067
170905813
170230408
182036820
182717097
132285105
153447483
185233111
187628352
196159835
178536596
164941997
168512991
178067202
210655121
100424876
162148403
172165490
169786300
217914068
184061884
186158566
162427543
135334805
160688527
151388881
63699149
128100284
143145165
182844818
201887857
203344953
176679192
213371985
175810659
193751677
98410080
108207119
76618617
180806620
187751101
195441440
205533987
176531823
211912934
211483975
170353810
211369028
163141785
159785077
174681778
196231658
200837663
185943219
182712470
188374187
190439662
169704195
106675312
33417999
142623971
162826075
178707976
184280972
165188622
165448500
159897008
148588234
212017596
237934112
163306219
201707940
186756908
181757872
191359847
171332344
167571268
182110947
132202081
107676370
117468578
126713493
173290886
161932593
194528156
215229361
195034886
180633395
207622864
143718898
120761281
117048236
159196575
187129503
189571813
190500711
183435900
206482750
168586734
167247335
151799272
68277474
76025022
150221054
172149191
200462347
200798384
194532828
186688065
210640667
172767637
128516616
65166023
145333269
162385804
178631795
186918039
186695025
169925944
176635559
147005664
151967409
161076272
119333434
76125731
167848515
185314577
202773060
202194471
206858002
166452491
173184015
160195775
186610257
123132519
143572141
164084825
149620400
175054079
166706972
158303742
142287566
143508298
146577698
209638079
163776022
184617324
194824500
198686507
232254537
158095092
187430066
184002521
143080703
142283497
61101820
154543405
171843597
183111039
214880558
190888984
217161713
174421888
178695882
199385246
224264680
108890162
137514598
151015644
181462821
178705025
181145286
187331166
160729550
148783255
136297399
140823215
90555425
165345687
193769327
192730370
190141619
216704836
180666778
181739951
164696676
121174585
129177124
48460372
186585749
194393723
199268538
197600459
198500336
204620481
165640387
156426343
102754627
150231084
177443987
191855868
196249743
203544956
184349076
186901109
215163560
208068704
197920159
198185724
142329646
163940853
184410765
180271979
193246970
153485685
166942941
142453841
178041691
207141362
122773700
165126847
183190747
208279507
180792781
190334085
161461437
186200578
162950880
167072220
153044486
129212499
133504253
180015908
180233027
197297272
190637859
191711606
192734197
168996217
107994339
94359209
110635120
162936511
166034238
222229046
198115986
186662509
201584650
172678075
202604766
184924412
85541543
59659718
64357247
194062406
199829428
193714732
204797953
212156850
150693801
169102231
187012085
128546545
171635525
192479328
193721544
207920093
185437496
200762685
182398449
208326786
162849758
109906330
156170338
183342033
193153222
212769830
209135915
210012818
193856792
197150945
213382804
196597085
200150510
151122079
159044937
180133489
181616766
162584051
208851825
185114361
143474506
176103300
219630568
132505520
166720067
210764273
198254895
182125902
172560004
174425995
142758030
177560915
182275973
176935552
151242257
170266156
186316615
188663391
186689891
221610659
171245090
175993790
156198649
108375935
133594094
171601115
180220979
180303609
192599217
176984628
199255646
180897361
159836024
72427099
94431732
30553587
156180014
164792639
183876841
184910442
173130162
188613908
158414644
173474066
192644261
208834429
172639489
173104810
172377062
192810233
177107144
166483357
156487740
187050980
128433708
109984645
152699597
177709891
199485106
193008561
193815773
194292131
196820296
175365712
204062682
67628384
167562449
143118129
150237598
184554036
187285995
186265650
188593355
167022080
165998442
160221038
109548122
60426055
173812250
188385063
194837588
188115427
184690077
215275837
206546786
176697261
98108517
208763798
161405713
180738895
180202307
171824171
179638569
196536232
185040397
168124970
184205678
181062954
108403794
133007793
157730387
181956334
182159732
196429617
188877139
164409320
176255857
185250608
90599683
135912607
174817546
181872171
177823109
178712818
167244086
210372560
159501953
179269012
77063400
82399686
130659347
168317607
216901411
187609508
191083450
198858643
182830962
187645434
170141834
178322398
168558051
392344427
407905716
432456871
393708070
447258686
409626845
435878287
437760029
589119631
396993072
367916236
383876291
398075007
439938876
384708506
371829127
363476087
395740136
423818133
453941864
323471286
391196371
415772128
423899775
454618808
435847142
443845437
527991567
479961971
392190463
441108802
300835148
334034699
304548555
258965747
264318775
309091791
127884341
188275453
44711547
160106398
168548337
180474948
161452967
157722845
176288463
175973361
149043567
190064308
142133492
160739650
160684220
182747457
183648377
163855377
178772523
174575469
164222575
170223610
174612854
99963290
133088243
174232626
175857206
175988008
182939570
189382002
172029232
150429575
198239013
151670757
136901742
145332101
190968195
203415499
192100064
173404335
178767582
184152101
177295427
180153614
91918136
137693800
176526061
202903920
174196784
208447297
198073933
198760169
211499581
148847787
183615572
98714846
55339933
194080404
197435034
183050688
205680285
211584472
215863613
170189717
175948207
146892028
179440135
168947931
200013485
198871571
202379069
183658308
197941656
202558783
152058047
162135247
191062291
107321150
148964626
151962894
166444470
183064552
192941736
174367843
232568809
195171772
217947461
160482179
124147110
146668489
121173610
177111695
182297803
184424789
197603939
184512669
180593786
160869667
149198064
150075784
158175932
69435314
135879152
176446082
177587059
166611571
184452219
194678902
166020152
162186634
152046878
144291369
96394597
127044239
150396936
179795427
208505525
187396617
193108049
190116673
176928736
182454206
178296886
93988281
119614099
130255484
151387956
158529893
184610124
174075377
190355848
198478380
180672911
204093992
208012002
81417832
56341843
174280242
178340749
198529412
200164600
200439417
188228027
151584418
153503053
181607742
177425853
162873415
190329091
190705913
195948872
200092631
193124005
200730976
156909661
190212312
165988202
32672586
64107966
124504790
136471957
160526846
197187421
191044664
186440351
189761925
190034396
202277074
168898045
129021825
159118039
123213464
169857465
197170097
183893862
186150753
186581464
162599848
162852776
140792464
111242211
94180639
92847881
194864098
186503996
196800745
191034361
195075790
202999819
196490937
153867381
127865176
128717201
130170832
195750307
196520911
206077197
189098841
207406734
190854703
172947490
193755900
73020817
179434087
147809437
168820736
177853226
174678726
196135531
199541386
167131052
166527110
177242981
211513592
127824842
156331124
167781123
184805420
188185119
165172193
208805974
159437080
167438813
174074405
124372641
112416375
131908027
165751164
176672455
184108116
177945711
178330427
187766442
163687639
204551450
153819351
218541261
159105652
160646797
138565792
136187044
127583747
117877189
118714713
30565714
166748475
151921503
188629019
190278745
179137764
208380329
161813227
171053040
199658247
183206265
149991521
199520780
198285020
187006671
186115809
186895644
175034096
164573367
192341843
206168441
52303748
99442019
184241498
185390809
199780629
203378046
194112522
178441622
173526230
170393128
104391453
118505307
178685987
182779116
196204476
195009070
190041552
180477591
167690666
172704759
161854076
163656136
25472277
190308603
187358043
189906248
193171966
193090483
221959665
189144314
189623892
215262653
187121782
178269873
164305503
175712032
196488584
182503857
172321572
176818568
156177505
183778647
151935884
149035638
154511572
165955362
177896414
193412171
223946727
168926876
166002860
132544575
159640648
25466456
194969297
199237130
167044516
205916263
198851856
191268379
199521404
178148675
188613350
193648779
196946320
204183992
190166994
191213093
193618084
201834997
194416471
203673320
191931351
97948774
172713425
194245277
194376932
195342041
199238462
200697956
201367086
160249490
188615094
151448907
27812677
170548528
163817260
194713720
203010410
208684385
171728772
168708608
215154504
170558220
162947879
84283984
175182846
192637471
200950310
204672000
205667858
213572872
176514217
176120627
216984820
127801263
32367190
169127119
190579590
199807751
189427737
201181788
153907038
170920779
221347180
180872541
185277490
31768655
157018166
152670825
197363252
180797135
184728445
164532145
177761201
159281952
191691440
192270505
102886516
103567088
117816998
141766082
138812068
199249624
172433840
188239335
178484805
196034188
170586808
183327671
134253939
141694738
130635780
135273559
144873908
148331489
171163328
155819399
164990340
152975095
150604702
160005779
167309798
147036674
150805572
159156951
153967995
163554203
163827311
147963932
167354878
179132289
207114099
155785582
158557394
165726805
123754240
134396752
178264151
203228066
210254211
232252669
201700586
172752304
172515600
168883011
151591566
143883757
122610366
127933708
187566015
182949020
196921183
214059941
203564365
184018484
149049247
211807731
119700707
130125654
155165698
170768262
196083502
195408372
190136649
174874799
168220928
147831136
165337481
164800374
60231687
73419809
157736592
167307543
192742381
226745847
189147027
174333315
185742209
161013642
144164242
95342195
198124118
200205669
190936004
198892693
186230958
179189698
215689186
216726411
211564195
212254296
181601620
190273308
205907570
202295646
198311236
214756017
170127210
222496817
167764285
215922301
178077799
167846416
184673908
200599343
196769615
193530064
179936076
147239705
177833116
156745493
25702992
190862414
190532754
197508659
183967540
205505808
200531475
170821592
172052351
175098310
171694774
168527214
175645415
207660391
210409297
203727941
202753577
203407507
197988755
197724369
120715441
41447103
138846006
194258088
197554396
204321385
202459748
180705427
232415932
177356536
193259270
65894037
187058501
139320404
168512966
156094566
169520953
167648723
170644407
156577071
129959898
114753388
101890376
123596306
119254142
146323681
172817551
181999462
192279021
180121858
187867721
193019800
194634505
137173018
145449830
142817940
144315348
166291286
173136353
181560680
192083720
162813817
180908518
118165971
164709088
158972002
174464829
164621853
152820406
181439291
183395156
183333302
168757754
148752224
138331386
177450315
164679158
204501143
165984847
183314019
162242186
167258767
217458671
149991699
172014704
179742135
152624382
189392289
216903469
164891169
196911361
208512961
153132654
163004139
141145241
192441026
174287377
194689003
173743622
175247453
150996517
157483106
170394459
115932595
140470242
163533421
152155694
176018823
173069353
165808233
171243251
186259865
152935761
167279691
186399003
86405831
94814201
74385539
33202997
175983959
173633482
186505606
201302889
153243619
187905036
179776948
172562365
176167271
111975537
100204436
196656244
189327599
188991853
189116589
216028244
194158756
195191158
170709201
94948435
203905980
187623682
203382012
199099361
206601998
198937220
199227634
182054821
206321182
194896415
106279027
185556890
174833317
200277685
182601240
193586730
194751733
200679573
162875930
162746182
108159197
150932349
181291096
189036263
181578101
203242162
185943374
204588262
204872059
193848249
195403387
43823501
196211642
194781906
209621246
211431851
213548783
216666346
170955411
174241163
194682718
185934702
164136844
193863592
199487966
202647048
206368733
188423152
210962858
198066970
191189682
105515458
158895677
172740149
182124857
198633748
166455419
176814322
177882705
134718317
159188148
159931676
157326882
196525962
169752948
198716212
195367796
186172889
166965027
176726999
195001705
202525175
41492224
150381569
198134042
204447372
211499743
211896281
203397200
201076292
189084498
203635515
209086766
59520995
161280595
177208683
182137858
186179157
195870814
173899983
170226097
163053545
97536765
118601575
158941446
182797039
200248335
194478587
195648875
184748820
187219480
169046754
189708755
87566058
214701232
148922780
178264168
186215998
169191096
224185646
203860362
179024774
178964948
181229733
206792787
141146435
161263633
178956875
163071438
186942302
173583233
180879667
160294583
147657289
127650738
147272631
68288599
89120201
130616495
161741315
212536582
185097319
204526448
152204896
193085456
179065800
165530731
182238786
155977960
180275525
168375516
184770820
173491706
166447526
179823710
153913294
143673181
141108553
178097632
156330034
178348422
170216589
199350885
165089128
196759717
162732027
154654681
154794707
132296929
190065954
177528145
174106236
187784551
179312746
177344829
161076069
154378456
159099052
70948922
84213793
103435997
182303751
176159717
184189959
217561506
190504696
172461445
172199444
193812500
195284846
172088814
143195928
172176574
196813728
153596942
186199569
187192524
166691269
171589093
210252162
138885199
168225060
182627450
194413733
173373846
180852662
193908376
209606414
140026054
257198875
109569089
140712241
120681058
120994171
136206383
142830028
97643698
120430376
112075248
156055762
172405032
174873123
184332725
151083241
175670232
179281325
164266340
150738646
111721375
62990782
83343363
162691725
194442976
181448933
193970994
194082621
187150381
172851632
179341258
206477302
136279954
91366527
186885573
193667412
208102345
181578198
210260118
184197084
180134794
143523959
124768877
174866702
149339744
185191682
193572540
195794314
206802133
191127687
165285921
219683492
204546588
175568953
56738307
141587112
148796088
163382119
161516872
177354099
167304502
167645268
173887555
194557492
213746076
110738597
160691720
155294657
191216374
172168449
187640374
188012158
206321191
168975688
191153162
148921701
140671986
151790851
153923753
182449983
161021531
173066885
183924316
164309463
126043501
66300288
31966599
147862775
172862424
205343709
187662122
180440191
203052979
168700748
204361020
165141490
101507429
57261851
67130813
188593425
189490060
204328736
203696337
205048303
169108689
161078965
190448586
181010192
141700823
169498840
194437513
207855336
184188564
176545895
203579533
164737070
231921629
181548460
188850304
85990765
192014895
187530126
196488951
195394048
203686765
204486992
160954458
165632375
139304082
113358647
160064400
184101810
193171588
201897296
184211670
201372142
176088353
209013472
183549176
113145174
46982657
170448712
190385053
191137854
172255402
207822272
184037264
170616267
155052998
188735600
186071716
90458181
196373702
196824383
188624052
188853062
200906534
175149422
178179534
155485605
83097650
26817386
170336063
196435904
175531684
188971334
197345164
200377516
166198663
153560825
175560545
161837304
138877133
191613307
191772543
201073108
180295913
220470718
171669470
177722527
180578000
204042903
101366894
190455638
188874835
186628481
180032780
197332240
180278701
190633356
154397278
129949300
158323807
172593628
159694300
176284741
172978249
195972181
178798150
183863941
158334200
190392139
171109149
124965976
140181968
170794994
186439860
187542334
186026067
191617206
183853125
195106245
109221855
73138846
61698980
101190968
113811319
185084629
167196961
205944297
206710586
185847046
178583038
182199356
190764362
123951740
102786285
121712127
158677676
172543412
193928018
169223186
199307919
165496385
170147606
202816391
174235260
105598784
101750766
108971343
114226980
128687969
133333991
152565399
171067692
174972574
162329048
186605488
143877202
144559721
123154129
153725923
136550578
159047389
160019625
174205578
175949689
209787957
177785143
182223837
180747974
163125245
168413337
135386497
192842950
172162731
171082557
173794971
213202033
202177041
166070689
141366388
195896648
134922690
128420218
155021135
143384147
155619654
151419311
180680294
166891640
169034309
172372895
160854847
151770524
161006537
75587080
99445159
170477068
165479282
177687880
196371685
225325006
172735835
189816507
147140526
182788965
161699126
95866565
183918087
181526622
194768373
176137780
175584738
164771136
168240602
159820165
182470241
123004974
169864005
187643690
191881002
185421748
198630414
181495374
188671685
159139266
192765642
193562295
143110435
148385438
166986358
178234399
184166765
166874820
222663140
161653300
173978934
123942780
76782861
71174248
153161821
177453977
199785420
192299383
199934611
170572201
153912330
174892563
200851630
184141781
124849274
119832789
197913079
201589928
192635498
192354277
197477535
209193742
167710787
187957546
130733528
114791355
187008459
199251588
200215806
196325282
195974447
176965601
181083713
151970189
110814415
181300431
169452573
181197482
189562548
177428187
186746803
173793397
164328077
166346332
155394999
172936144
122394289
188931232
176411741
198842063
202797110
188311878
172595880
149619532
170482976
131017466
71180824
187282455
194788241
197233090
196883216
188509625
199004852
176653415
158219204
181097171
91801413
25838627
189681603
196826300
186400941
202243061
213496517
170769030
176806031
167950026
176901945
168125893
143044209
162915949
191279948
182835436
191404649
187941888
176362937
161058859
131469361
182615412
112352024
136385780
170897177
174170892
204473444
190609572
216334914
209091038
171615465
211988028
217525565
176435032
178338030
174903116
162712154
184127516
183869938
163444334
174906942
134881490
77049291
141843046
153160073
160089419
161070002
186949341
177574358
172898699
181577026
159386354
136866784
154978063
168149828
162020750
177465421
170687533
165341505
184863648
180179441
168055732
160980177
81685170
82251349
171084196
175467738
179290794
204564010
192037238
184981736
162548508
162454397
169885977
83063286
51905286
141384983
162683051
181393040
152966438
194434931
194885814
174275045
151716616
191394090
175401396
143865363
170592867
153810775
159930544
147849007
182403501
170665038
176094017
132453112
53730267
40180343
201025823
154819076
201565454
207684012
206121502
205795814
206175925
189009038
199577018
198602447
193648286
189222853
200627852
190803440
203748839
195971140
204780438
193948647
201763946
202156969
192810437
183345544
191051685
196699329
197542705
212658165
204537337
168987263
203139005
177009684
177481963
189261823
190343385
187341591
178544932
199325578
155818595
165661979
156958915
159720426
130272788
183289861
195489232
196153905
179438870
183964993
177064673
156145001
184509628
152256525
64932935
25512736
176049161
186922069
192318847
189025051
195005625
174571508
206857067
240256130
185731339
206739067
152982631
160154054
165584571
160673910
183027597
187420458
179105370
149767967
145700737
191947632
153127366
153194263
165000935
164560131
167959411
177983360
164136457
178394847
188005320
240199925
185614045
201515631
216977810
156540034
189245350
193056233
154102115
156629130
126546576
132551477
146188801
146721369
177626078
181694703
196718188
191007541
191730183
202324862
161417721
196078792
122923429
152167445
145982916
157517816
172778091
160434925
151418241
163973794
141105602
128095635
172019425
176373875
170247445
184156962
161965787
145781131
159238840
164549684
175604604
184662221
157037805
173208471
182775983
180933278
183949421
187673622
174463621
154398164
167529437
116992222
75296533
64635121
169321850
169390000
201417637
172386834
176296602
183237567
216327108
172556869
212273995
209164117
101739970
107006640
157360251
156961461
156411550
164910745
148826231
149181213
150916581
82867129
141042668
175102376
192627469
179637808
190107488
194389479
161825488
162985333
203825280
206558384
77739178
115540324
184186566
178601843
173169307
194118537
179610218
149485847
213554432
147906420
101527958
102694794
149432751
193157795
194263538
177770630
182147471
204767259
203948973
166439571
190266751
184189130
50666531
80324953
178163307
182902041
186397741
188014581
178100272
177368590
178380522
149399108
176054594
132039006
109181847
124310891
128593634
151431412
173423302
180153590
180441775
160470270
179729451
122442771
148393111
148699088
172257330
149199322
164676636
166798187
166962812
160528886
128082039
127954423
123578366
125521915
136808722
162617974
185987925
192361317
180158491
205615181
164738344
165215655
165953967
89340403
147700926
56540951
152951991
176169885
178664786
182455845
191417301
159846324
156484416
157411882
191630211
138513599
129723804
158009688
173700635
188010771
188597301
196765483
170705053
137870462
164031484
152734711
105778620
150304592
195056198
200072279
194486302
191688824
180537896
214788087
159569544
155020294
167344596
71444929
101283818
182019846
189011022
172031096
212382862
180478669
168268131
231360896
146172272
114657253
139642335
173377326
182691797
184025669
184453496
174410776
191007082
160448402
145007132
150467883
192556695
148921621
149052863
175252415
177790557
193009941
204851391
170204948
162183460
162104642
179111275
46258247
102725798
162365411
193298417
199786522
204119849
203718892
173994808
173584149
170880130
151065727
170785737
176102967
193500696
198670030
159623735
202511168
208615665
187470606
146387792
134462460
84289201
92162727
174270205
177491319
192369869
206059052
205641233
170283560
180062517
149005664
139363185
158578856
165750065
172279129
178632251
205767882
198949351
171631823
189388651
182388896
180343996
188682519
105638627
157826166
179105136
177675899
210470115
192946505
197718704
170879799
154050564
112034302
132153819
36902607
190707679
191232681
180047211
196237031
197733296
207451002
177469677
203111104
76890197
211172414
161524036
174502407
191382681
173972058
174348207
191026941
203536119
154300464
208002262
176842901
129441451
184044896
182908396
175534837
189471987
188762302
208096324
157960648
166413233
155552765
39129292
91626988
173819653
180663888
179978861
179427457
181012679
180915964
221266232
195288702
168883449
158660262
127422258
140961159
167428854
200409500
185583593
209141853
189105702
210375164
181460308
181592224
151034896
136601071
97371008
134456779
180875354
185632978
182681754
197603630
180926195
194338941
165764584
184785708
99994910
241924324
163999394
188550087
193828510
200247537
173418795
166200127
163176564
151054650
132252142
26604856
185485862
194410981
198626243
191547440
182271238
208430676
166392626
144807676
149280175
141184953
160765913
202236204
203155398
207494941
208642037
195239624
185389424
160851950
205826365
174399025
45174904
188554818
186851264
177395486
199999274
201656150
212009136
160631018
180942363
176744531
189179332
141411379
161033067
154613007
169157417
168148802
159556039
162865858
156316735
176271526
119938068
124041903
130106188
187353871
185922708
181873919
179251369
172349531
187112507
185949054
194405442
148549362
207974364
171494054
179775527
179689048
180644653
201461395
192634743
165599700
175838875
104635626
140997899
180299383
184877627
192281543
202248720
167728467
204570444
169661756
224134150
192270237
193292585
71224261
163145170
173561341
182822573
177339895
196847813
201555556
141925082
114096527
158388140
166468337
195045615
188986195
183277445
183675427
171982589
172381613
156791260
112276357
123746792
88984878
166941105
188135335
157201380
192027486
188329368
196197763
162763651
216105476
179468514
184447394
99814335
121550202
187773793
194094733
188556961
199575093
194391103
168452917
174709915
169180107
92221229
32232760
182128568
181672051
194034802
165749910
190264266
188275380
197016520
216854898
176664408
166842613
92333359
195641675
188469960
188971561
202679631
190453920
213537724
201527031
185916352
201249557
103656413
124482108
196276379
203958685
196555976
207831235
202601849
204840321
178328058
191813481
211647152
70415003
183402582
193814060
194958845
199770546
216162663
216772175
172183252
144032389
105175833
108706853
191335910
185731618
182319628
168221936
207532958
191789381
195982238
159163586
189561415
157553469
182413037
204419580
196010285
188333222
200640947
179370903
194831160
204007521
190780736
183957379
161965463
171477447
183763629
195910732
170133342
166040086
176505529
145272409
159595357
162153748
32489858
99004853
155384398
194490523
192148685
199116301
208478578
179289470
182125280
182253228
192650976
105988737
197031153
190246314
198160033
207961219
192204436
190522669
180670204
175284379
177367152
172668844
187616320
188791694
207671354
208364195
194815880
198988042
198059212
187503616
198785945
200038909
203155209
204171100
198748741
199432411
202425536
206567468
203562303
207606873
111052304
116599596
177203567
169282182
177083884
188409694
194237201
202185720
153251108
161392172
166441871
180952289
185360903
192674909
187736566
194494448
169858420
171177767
193708345
179121041
171713595
172702138
109292009
141370227
178012870
164784166
175937906
168800958
171818396
187915562
176172436
115835669
198232087
89701273
111622187
179603764
188417079
198117625
212141251
186191907
189847179
140823626
182806314
115065997
122424454
156350809
159082453
188102909
198505597
191995672
185152882
197206622
197256481
214389762
230483169
146197403
207913908
206700880
207466458
192035345
192601608
176996562
207040429
176018051
169859093
113313532
54288592
169253008
173407335
163570824
165535043
182168733
151504022
180338744
149177392
134941541
221259715
177876185
178417503
189757931
190232581
181209058
182006526
160371799
158263429
162710154
170030469
177334462
177331239
182455893
188146860
170517354
174613214
179378386
150020284
129011991
158479920
28354958
184574217
215566658
185724115
191102283
200016601
192741716
191586172
230430670
203610325
201194162
36922649
166650528
173395415
188828670
202542535
195738848
204097795
208537892
158359103
114326826
78149222
126926339
151295065
178020096
196318697
196872275
202880274
202741836
216963778
226495094
223286929
108318804
149305055
132079728
175348865
196995388
193010601
188638633
231623328
175812280
164901224
172019038
132642847
114895221
138046159
189538074
195930874
200549399
175163104
154123968
176998467
190976264
154272854
74717744
194767005
182819068
198747105
205217748
192402527
207164625
211578081
172510328
157872156
127378805
136331135
191307900
192039839
201669754
210755939
193360468
206819842
196409618
185148839
188309897
189224352
189184821
192808711
206901200
177154269
176879176
216690963
140273821
174776080
171957479
169584406
177719006
169536681
187922449
194775211
191352515
174369783
150517084
162064607
185865805
122634304
172100634
186378229
176380873
188152419
179480748
153355983
192131436
188590559
169396028
102752313
118744226
186836505
166719827
199270065
195627072
215803946
183479745
164848724
188641618
194473904
123637074
162685698
167492105
194103002
194646593
195833754
174661703
197597529
145779382
172554160
91019361
81999570
92980474
166681047
174053954
161374321
186551439
158284117
129702466
162235617
152566592
131077904
80132193
164265577
174512728
189791695
210398310
170815103
182100072
161276913
172329012
176191340
162935866
148174832
148579650
154526814
168946029
191833368
177828133
178493177
154999019
134066826
182333404
38625736
176539370
186304977
189876257
192882587
204444746
175734868
160118678
180807607
168161493
134502781
79040410
192601785
194427769
203953653
196390259
196962966
204106255
161768849
175119447
160186819
123714173
141179709
169515784
181865804
193612920
201686337
187010407
210626550
201376397
186644762
203716420
49665386
190523040
203885987
200144305
208203287
205192499
209107062
165139136
208817379
196655742
192170004
163147920
163803992
190451856
193469773
180458040
205191267
152618843
135941684
160171490
113743234
133996391
159727215
159639756
189395974
189662649
184760955
163372544
152086556
176387882
186229371
144543855
143408961
188356886
173558852
200136332
200584143
165941496
182483118
153655483
154391409
76000168
37500830
167312720
176579796
181784468
174591341
167015737
165210943
148664875
147824044
98064300
169291177
192149257
195146519
202283016
188692043
175259968
192442002
153219883
179544780
184751288
186125987
76691614
185755715
180121746
176601207
187383841
216892777
228866486
153834314
154893509
195975566
156548494
170332516
175088574
180479478
196955532
184775403
187587662
166036956
175962836
178030900
171011348
132777582
133609446
188193022
167070325
178723242
175271828
197514942
148614529
131001966
89511970
54776500
172028685
179175110
195193884
169802651
171400434
208504047
212839316
209456452
185743462
76134683
67080467
164690360
168353524
206083191
195392885
190962044
190722378
206255431
168916654
134366539
207656507
186662817
172202698
194430639
204099883
202822377
203406010
160753325
151780622
155703551
105440056
105922487
172624339
188996298
181031557
200013539
174432649
232332306
178224004
158261267
170980701
121714418
124272755
159393511
161477051
187563184
194820459
200014976
181861723
166199582
168793614
109788834
174193791
108941559
127043530
200671831
203472339
205447036
209839895
242901397
174097617
184781370
213706558
161550748
150619606
170459950
181762973
190793158
191149599
182075359
169954271
173668471
145806787
119846315
93371856
43833313
157775475
178576949
186750650
177044158
206422823
162890846
170345456
146217999
160021901
166158107
128150256
185544906
189423103
208958693
184205126
181147514
180789418
168422471
168761498
167204536
85732864
25108429
144908871
157817484
159522548
196454329
157546765
190868061
196425489
168145084
225501049
185143090
138903349
140424756
163144982
201662498
176194037
177166248
192543545
155265012
174008251
165540067
176692116
162722280
178845845
207153227
160836518
172253498
172934368
148230876
188281018
135555702
123459434
114455967
138388242
172941743
173380564
162035603
187243075
198410939
174640241
151659425
166037835
116942878
148548183
158784672
153636037
178387111
169401283
167052908
177131488
186312058
148984368
156068916
207530115
168817259
165222798
178572424
188545300
159281384
159070393
212567972
144889659
145875971
154881628
151285325
160268334
175402116
198860978
204306903
185115478
169154078
158421712
174876497
144470858
102202411
73499202
126367214
150721612
150956482
174311952
191075366
170402603
198610084
188498283
180951646
142318612
136286664
159488342
193465447
165888671
174958341
188706631
196566621
188411615
151019778
141511669
51279775
53489264
184257478
203678515
196035656
204921797
204753378
211118253
184990441
180351158
181034464
185712117
25632986
178695921
203453595
212574839
213699262
218610531
180028948
176710974
231795794
179631678
189665080
26317590
166926850
183526999
187512946
184622854
188327011
178779357
146440758
181009857
188184455
235944607
175126934
179784271
176486970
215116361
182514688
182506786
167280772
146504859
173846335
104109531
127250456
140848536
197776528
183517915
196330535
199739677
175509701
206206570
189635806
194259435
58773028
97793206
195103583
200597651
203939588
171563106
200642057
210986443
175205711
158808531
97129421
144239035
155696590
189072049
203488909
204692272
201377286
217590943
214067628
222119156
191993731
197949430
116812616
174166683
176839682
208491329
198413486
211940552
174238318
182084674
167593139
186764935
98242900
96067616
181527276
196208773
197174925
185713287
186136205
161156263
167171706
163198512
186113727
104322569
139219587
175671041
189789391
173736214
197728707
176508982
153349743
164304045
200818451
159144854
106802680
190458451
202839314
186068642
175032314
191392231
223404115
157622120
159931750
150902789
134658506
194313897
199393907
172309369
187438582
204482225
185317227
175550732
224380519
103259894
194330933
147952139
142636319
168760692
166134844
155238237
170134985
178132613
164042218
167288565
195133712
151000060
170656151
165570982
178156588
219170712
170257861
182731970
179292298
153835515
199889966
108895442
149324570
103378076
180686186
177274469
184800013
180597471
178247064
137862424
164531327
181330347
144283682
51809861
157108858
181018032
177918317
219022538
185897768
185782178
183974198
184864208
194411166
118001076
111097906
158521532
166720807
158502205
176832021
180687129
177595622
133759404
154942879
107665319
100610761
140212107
152681562
175198964
202607273
187411691
188485205
176182650
203789237
204416105
103232916
53371771
130592990
166767158
191021959
207289936
204886329
211683984
181187861
186110739
217151716
231155691
108938626
80528786
92700964
134395768
130355240
135822693
160973942
171655439
194035818
178119989
182324728
163198199
150542246
152528715
180518762
185443091
168810844
168006047
174970106
175950548
179998083
184223493
156840665
150628591
169155399
169933650
182170050
165192087
168633873
184449692
147207128
153226063
157780314
121931008
120205110
167975216
161892082
177002155
173542842
178618481
162246184
174115319
130436425
169062843
152275187
165131114
173084561
181226129
185119243
178174286
162900052
165394723
128574330
159992229
132174287
152490344
144435161
188958312
180128109
185294617
200688317
172230892
164872237
175574032
176161444
90480038
112861061
122135184
156108308
195955644
200389679
179984960
186552780
189549893
202843696
198429749
195491669
134592661
89069889
119195328
125995730
134346554
160223617
158595344
155256092
136527046
93260760
140308157
166311135
159894714
184500271
196049364
193099970
182835253
221173751
194969529
195268811
118204326
150179686
161089369
175472385
181025541
156604775
185029567
209320078
210098921
172138939
151430290
118670583
152194981
117093424
134248600
166471981
150346485
176278959
174239361
143634505
179783468
184184137
126762653
167738322
207678089
150717572
224683691
180965151
177638277
150643461
179430707
200325550
121327192
130784207
72213028
147621318
151832180
181416821
184115432
183436783
197733171
181016098
183910988
219583932
216989474
127367210
139702084
138404562
171985104
190196846
175493286
169677805
170996135
164809874
162506249
138057957
176290329
176116967
149402492
156878266
167730888
169465294
143230278
118596481
154640265
86903740
68439752
170507780
174611573
178668588
178608308
167991619
167078252
186823209
147587808
167812512
130083044
97353849
115811679
171459310
194249569
179307713
204204895
189667369
196456628
198124118
208981887
121120482
136794099
134770517
166085439
188145560
191631476
190212774
180317652
163927025
147049454
159969002
65743451
47209948
41332038
187374071
196836728
208880875
199460340
208922953
210423115
220720552
224599163
191079138
197020837
137433278
172321539
195405273
184321297
193365455
196972067
197949829
160005510
136625612
98123475
49138741
32782400
162142174
180568124
181683680
194255776
169192111
221098617
183582493
158090367
171654679
176289382
149667837
182638015
200101145
200367577
161815521
183763276
183530306
170611551
173306273
83435582
95979213
176451383
193419110
202514055
198454818
194324020
175114847
176274979
178891157
196556948
100505942
181060733
175444998
147743849
202061726
199206107
215480792
188974426
189005692
183307130
185526405
171330302
196549796
182982145
193985882
197949115
190514891
199650570
208009500
187967402
103287145
191317218
199447560
186515700
186780795
200301368
205024525
160418694
161152173
207980729
166541641
133716016
189824295
192985685
196474083
204875228
193900115
187217681
163879122
186282110
171480179
62451397
137174942
165576054
180751676
181184693
186395785
160441216
175971659
201502486
186701544
218460215
100213157
172225874
191654417
203587014
188886640
229230317
189392786
192018300
167163642
73975702
192681235
103896418
124125735
170508036
165689503
185583237
178612217
165393070
194055132
170254376
194135183
177550358
152728052
134093768
144895912
152665052
169552199
174325283
179156623
204300660
175853099
180972984
162497764
121118371
189203223
171394686
178662607
197920508
202712075
150461142
184324043
188676155
149463100
180835690
93698822
51765573
157625144
184225029
195627065
184319691
188896636
177370985
163153742
138122375
163209194
132899122
36968524
194006801
197497544
197950208
180195255
214593862
172764670
228694890
177382375
183934219
158834095
182614519
179209125
189507002
190799802
188050309
188842061
156431689
163287921
130991343
166339102
153849062
183412928
186797178
172405685
171705314
198935347
192805537
157189400
188118864
125967758
184483137
184368889
200780876
192313417
188952892
201338495
165224219
186247777
202112257
170246127
117449703
194589811
191349298
197824469
186282574
184151492
174805244
214223689
193283402
204129679
92257349
164030717
192369322
168662287
191439564
195868663
168102764
202687545
161039187
175001439
184323859
40481453
129672055
190369370
186149538
181127282
199520149
193769487
160873904
149437040
161040800
107848139
168236685
184320502
182261921
209532419
200415264
201266572
201248705
165006122
188760500
125238698
36314541
111954627
190141483
183817569
181303047
208488949
174926806
200433628
176282253
161283799
191990650
122608357
169436924
178259003
163844710
201177181
200408475
181809797
177931434
145867310
114993880
156472560
118666718
124093461
177651424
215334526
192184176
204437447
233845452
229148820
231225096
144156571
135340426
149384596
145238641
182157662
177063313
183009311
204354103
170291660
193248651
176342488
154189476
163077411
76809872
160174926
172639820
200691406
184298012
179252211
181522099
187786935
161976237
172423151
175209730
56030778
37299262
174615015
185728118
185977983
197607956
202546340
163191548
171467727
171274015
99716185
166006058
146138701
179002190
186071745
186827550
173665432
195080089
155840589
158041912
126128190
128070255
98593537
122133406
174930207
197478452
187288905
200163768
196450582
178022296
153109178
209445100
125988108
101903737
134938362
191149575
189375458
193396613
195119586
175892636
182831270
166854755
175446263
185153787
133905641
197722714
177550893
187343725
190119898
206980439
198613431
210558156
130256758
135212102
63105365
197188352
204615133
216570256
216292009
220597733
221826047
222160824
167352905
190948258
194125495
189246210
195604008
185964854
195895562
203993744
205318640
205786705
206241881
202856948
203325369
132826198
188334256
186465975
177315778
200462656
179911287
152065957
189068883
132004209
112832237
56621099
182928868
171099440
182984450
171540795
182178139
171381391
158502857
158927194
176309673
165704669
170917981
186155912
193421055
193335606
190901296
186660899
156298881
179941178
181528314
150554167
109669438
156272146
171219829
197968733
205913386
173722872
164884636
240028227
203786775
245966464
176311950
174235699
165664161
160194061
176882711
172304161
173574954
152674848
141196187
100743531
24964603
123922070
165969934
178891589
200587667
200859881
188143818
197904024
208991704
243377674
260783085
164210555
182970819
195073991
196039615
186149549
181107324
190255374
199203566
153167709
73687783
128918731
198267668
197608758
202415591
203689576
170881548
213749728
217463321
198518436
105506225
199289467
149785856
176523039
172977130
171898238
169650151
151874540
157125632
140335079
165857747
174411384
117306227
177595401
186911480
165723543
184189796
183335877
147341609
188088184
149491851
178336955
94812639
146539682
162231099
151031078
186270361
201095516
183910000
168910060
169033149
216295748
232273681
145039136
162836822
167699055
201722696
199272372
180063050
204020676
189246551
149623412
166765746
104847830
44858020
146579749
176024044
193693790
186528573
171031591
214443746
152940683
161328869
182670260
145684108
125392269
171928486
172850983
210666708
190708281
183916625
190543273
223399284
159894926
143630951
249715431
158441808
178566179
197441072
177698702
178785916
179677379
181740649
198415706
155482701
133125672
61165112
56212304
66498134
76042720
152205511
156416869
177083487
182317450
188720202
188696351
159932668
192827484
164279368
209273225
138498812
135999300
156833853
165061325
185435654
189500134
190376768
195693714
162927089
95855937
98731925
88030511
168020276
186239363
181403638
186880154
190347132
184134756
171845948
169111759
193323889
184446045
167303945
177163186
182169759
189172269
173518952
180804759
184578387
200970361
207070433
219266925
113481492
110330738
110897970
117274841
130082979
176182774
164124441
190213273
186792596
195934527
159518669
176899149
164571905
150799841
136208526
136375031
170097034
188204843
168958621
179829555
170165435
178550195
175240637
172293163
74416954
168031152
179094346
178514114
198637651
213821638
175379552
181502618
185257011
166154506
170968618
176789591
104135026
114253416
113329283
124323592
163262250
173028522
194785349
191128157
201165563
186243576
159619152
172687391
167085934
164578705
77251846
167928756
189127906
155441748
193005876
186264976
185592880
154531744
213455952
172306613
84186087
143988801
150397376
175759417
196269794
179038762
185270920
185751658
178264260
191799674
196978769
114871772
120988906
182589710
188083892
200741377
185961195
194433449
152702243
174621159
179115488
149976126
162339818
89774681
99975318
95951042
147118667
189138288
186036206
197477623
204400708
194446253
207751514
171132999
156153533
146954941
104180076
132790183
154755296
191955282
191440320
188433193
173474537
198327238
202152664
184149849
193157630
102627634
82573330
172217893
180185782
171679068
172590961
179085384
192530356
146283850
162074498
175096378
72649359
61642502
167262398
175431601
170223915
170066588
157472629
173765612
173557459
163030356
128807439
152680324
44185815
52103224
167522553
182804925
170037749
190112408
172966694
187079784
182171172
166578886
170548710
175410679
158572182
174643436
194508141
167445836
194291063
186449577
192113892
158949104
203195310
208577185
143080634
159864621
170138791
204646842
179994014
172264569
185562411
177967645
172706093
178332183
109756032
85619012
133559828
134165374
136811371
136813052
158272282
173650073
179875657
190637999
186558721
172855498
145400041
144856262
158609811
123763798
220641797
185765871
189513570
170845359
182743281
176232015
144207584
150784304
176352976
129662464
103378267
143704736
155059660
173382945
169858221
174439483
180074735
161452851
208466261
189108414
200026294
96738442
89714605
70510420
104901506
171487556
188696272
186213967
155769725
224051686
191990332
181047759
191045244
192718889
111469374
25722048
103862686
167268863
195968325
192557260
180755014
184239549
169830851
170260787
176855759
205477670
99922144
101292421
167180931
176767570
175577027
190381542
189586471
164351661
175480630
214640940
146593329
230056187
160792828
152267449
176911029
175306118
176460903
184997496
194898316
187831527
167387816
160391676
82613225
60371416
106976955
161779188
157636789
159171757
159802065
164254699
181255294
168563258
157302221
222766204
139531082
161039662
177996666
228741942
191804676
181320268
185501459
173061994
191961297
148887364
150984630
66150916
27409119
185609254
184756241
206778625
204184595
208786117
206592562
176421577
165565483
194689183
182460989
182198672
187387674
194644809
192013899
192497598
202222080
151329558
166203852
193638870
115061888
168627352
197246258
198525550
198565153
182442544
225020305
162061925
164184920
160308779
151900703
64101365
187752989
196452599
200295538
180071074
181803104
191890787
154245526
166873523
175153527
150351328
176879595
193784790
191010984
204956935
193544525
169708671
180046033
176154358
167781883
172276566
155303706
172018833
190397693
196731497
181504344
182458664
155801139
163388489
159274453
102879938
123244702
190716338
203288846
197673341
198817608
184953771
206046790
175500983
185018195
192471924
77314587
196625029
196472197
196327178
210700546
193258544
193611822
154712328
177597472
198189147
199475025
199163567
201366368
200302376
205339353
190120851
208137928
175204733
178314708
185056404
173711923
153675869
185255840
189273067
192700758
180369640
224685118
166238268
166778665
148563725
169332315
107760537
172301087
182149855
204018874
178832531
193835104
194505992
176713786
188245780
159551420
102482723
152245485
148030207
168556669
198088762
179394814
164006226
185331722
184698308
183416137
183858387
118470012
132084169
162064096
179358920
167779149
185937203
180300883
152266731
144941302
114882505
119432912
123469509
143115021
176013891
174514115
196020125
206119975
176642290
211141156
161554926
166495825
111827639
92376427
148572672
179353659
196895217
197516730
186661163
207820968
169113495
160350728
183284629
141320308
52941764
174865779
174635645
199079623
201896732
191968197
205474595
166249557
162582507
144123462
102318953
96613613
180087996
167477704
194324432
186913737
198185876
174210391
160449127
174477159
149684703
96806663
125323298
188328092
184404851
184999027
173362943
167765770
172453879
180335117
166008581
177725442
53618433
193166024
201553804
189432197
185169837
184209401
180854512
207946270
158869408
177602000
186047461
158122152
194671420
187575795
177596416
192916907
181010398
212134814
158796439
190552534
164079894
129995916
184328187
182356009
190425300
199319289
192557707
168201568
168847046
160896529
199316190
128101073
190234089
196617875
196176771
201045424
177915697
213253230
183460224
163587362
148144507
119605230
100794447
192397766
189517916
191953648
189250763
208212775
167944892
169101332
184801659
97816437
165943421
149394572
208080811
191566059
198303562
175974657
223444016
239595193
171342895
129931724
115799203
165840874
172205335
189604100
206731941
193555537
168912267
177202259
198931998
170674376
185995094
125640528
132433381
170278295
176571549
194141832
199215272
206478570
222847308
181137061
187264433
155602431
147347968
181082982
184567947
180967417
195718963
199541267
185202346
153075936
160055810
127353996
42835394
96400858
197880278
186755341
187632105
195249982
199236298
207955283
165351497
169101239
104120414
120895594
175462769
186546471
209944131
204556652
194173897
205390431
221317486
178059927
193165737
203395022
191625552
188595141
189834404
173310186
182610878
180290017
154456021
163346316
174369698
159678668
183156100
191366431
197134219
174261481
197977445
221781761
224711248
156753356
125721269
191519759
32601266
88954847
99830928
122464346
174286545
179899745
185749758
159163503
174470651
199474908
194214476
138106929
155572570
134505018
158182800
174196001
203574958
190320464
218787088
182458794
187655203
200118180
187785169
162193815
86756114
78324795
157594498
194029980
188479666
189647247
199921915
192576323
166445123
169500394
181615668
192202979
50594016
139953013
150112247
150460263
147154424
180467439
178133608
193891754
194513047
195453433
233230948
140363568
150983145
157922656
183415055
182028537
190928173
173358815
179236838
157730302
174623899
132070095
124888564
104164680
95348504
180548859
188138894
192087065
197761541
197932320
186661389
169311279
162392617
179652148
115388158
140487344
137416217
186899266
189481987
167405933
190956915
198792953
207429556
198504651
199100130
54247131
140468165
174148809
185857074
186108647
157378969
176824643
191866360
154802637
161104192
194422572
126154355
183072140
189442051
184664516
186560739
193165469
172259661
172356927
162401609
150453561
91381049
145626275
167053447
204913595
186509252
191403709
189284226
174035339
220171226
219601870
226151817
96436350
92276822
162095203
170323516
171298631
170079978
174996074
187894730
162019957
148148879
197856077
203969551
185955135
184965085
196482023
188306204
164505209
165989783
182495076
187785366
148648413
106461320
78839616
87084055
161586443
164840163
184531051
184337868
192264963
177534180
168303423
179824655
137801863
189151640
142721568
153955446
160556341
175191205
190741176
180735348
203859985
176177814
192557456
164275106
134487163
137265943
130875618
106936312
104119567
98232603
101978734
93635406
161633305
162650112
197939123
185581064
160907887
182975414
184837719
172607365
185475018
216842661
177274563
183457034
177068392
185516345
169110686
185441055
193591897
199005895
142687690
175701766
171348255
159008010
149213917
189264377
186110409
167578942
168251041
164327806
148201167
141053888
56924072
46046101
174844384
181252010
209566448
215271825
208018042
177111529
182735611
165377660
152387118
173716344
76049504
185104986
176686422
186103017
183317892
195073862
207498905
223337446
172783579
202327971
48147950
123433014
187155490
190779829
184827006
180832969
186355728
167674870
220990490
190170837
202056667
106187967
145248295
166517771
165998803
191996407
182638394
187767319
156814882
164669659
163145074
168810522
108629582
164271113
187232208
206877181
188260184
201396633
212713980
179185110
208801828
197976374
88821594
181813973
192448740
198307414
203284953
216780688
205424343
223189829
164273452
200212796
201233071
106580474
191045905
205077413
200862632
204620619
182943462
183398973
203975502
179719626
91051170
205171071
120242422
170800174
175926069
185614363
188592886
176264838
180277822
164630026
203092334
227034973
152709748
182121490
176964231
191275666
204399292
175379407
180154538
191501190
146913700
154564315
163724277
158893218
166859049
169240122
212716790
174431244
152838406
164168273
125532449
111809090
71291376
98144680
166707171
175785274
181208426
202245524
173528607
217963723
173360247
162689248
149473181
133785842
159016320
181705162
200977866
206816844
185543796
181686540
220998629
190366030
167635281
155798498
93047773
162178466
180058483
194338280
193935667
192966269
213806598
193520702
182529728
197716191
192292482
114795001
192766594
199091029
196943451
196759648
187876562
189682426
188111285
162351381
115348531
158701003
157689487
167254377
189050224
189351328
176899539
192274631
171710286
153001497
98061616
149937507
35674951
184162763
189939224
210934433
187022676
200337638
159071292
182797175
211322934
186126125
206031318
25197705
188175762
188189910
195161249
190800008
195441275
214349591
162145332
158519486
175517151
165747851
167550555
191086096
200689506
189977165
202548365
205977727
188247971
150332097
135344640
104921512
33365601
134366283
166466046
173140138
176262417
171112297
155057978
155338973
162510600
167948036
152762513
168587603
175388867
200706282
204873546
190890943
191761570
161526677
172228733
176809914
153942246
104383229
172447086
179063795
179578950
194832132
198239128
188869981
186413314
166888705
167557281
168950079
125021969
169075233
180929932
181033017
180561692
181641849
186842772
189046073
170721480
155263390
72463474
118710295
178817460
158881088
187725318
199333149
192448974
205825524
186694310
123896489
149211493
97796916
78757221
196230711
192527096
197336180
200022286
200861617
200768926
180542486
183958175
115328972
156768992
184370363
183216467
195732495
209049509
223450494
188010426
188514837
164204221
195441450
164313475
25811155
148411229
160104469
176211995
172464343
188068933
188733089
166392626
169806689
200993895
185462864
68135382
51677042
164942581
178025103
185952531
177035767
182778762
172143510
162497497
163331991
197125847
189424968
186593096
183170704
173580939
198958143
216406069
177326497
178049959
178347702
170982108
200619973
166512250
170148280
208557455
169508415
189631146
187292438
186321267
189744479
159053377
189769342
92191350
149552112
159815511
170556759
175276065
151190330
155368526
125955069
134000045
125093891
154155550
168815828
155002333
201681450
174513117
202196537
204460000
158493767
156284763
152148768
147539726
114852828
137292013
173005122
170352717
206323043
149043017
179952496
182046646
157895312
159549871
118065100
35045289
62612353
168393110
173984432
174288253
178114110
165107143
205723649
151027465
151458560
166221907
122570059
149790742
158223041
182714154
184688717
157843114
174146697
178545535
154794564
181301523
201377517
146877045
163091160
154588887
158483014
161757887
168806907
184324522
240949510
184065298
177234593
193144427
160541290
165265709
182862272
175424848
162304353
214951795
170264003
183389208
210640782
139766813
151400855
165826761
169882895
180683117
162733100
161379121
161233173
140321032
84717896
112900115
168907228
198657053
185433445
202172388
196617716
180380891
166622837
199873621
217869394
187602647
44623688
180457964
180836601
179823665
195605920
208739090
171857061
157566280
158472934
174448971
157376582
132305022
136646577
190748701
195580344
188111833
205185162
172933927
180593201
173111669
173099103
66037537
126265282
154600281
177497666
187925750
182048603
186287351
177251825
180159606
183409728
209785087
160322507
141605480
201127987
175442325
197852331
185101972
200027643
184523736
141223441
164606434
112817990
110665721
177432917
188489002
200176980
184450830
173789273
170176530
214163682
167554753
174242506
169391466
26543652
189788185
200260177
196430914
192790167
208317814
202743008
167120005
215582627
181335036
211418973
179039651
186048405
182767393
177418469
177894970
175013289
154838865
130692848
87348389
146811835
180114992
179391640
183311214
188101837
191486752
194318761
140436382
161285214
135729143
185336415
171931074
175448683
186676069
186726494
177983045
157516609
188393117
162973008
164621635
175744133
25611807
157266802
157915873
191372662
195964908
192636038
167310219
177831181
185932835
99570732
206048715
44542419
190681876
199147542
199569576
189544189
181462246
157056246
185804449
215227648
188964668
200774861
194168486
202446018
206362320
210056395
213034783
213667040
214312462
217728336
223263946
223333334
196629316
196326547
179667534
181688380
192711532
207769207
189239669
202371668
192806322
196153258
156349965
184071862
190377550
184358663
183867216
187828054
163688170
135169990
95325035
136943022
93738907
179661696
176599178
198454228
178509436
171145979
155771497
188811830
180215547
112829843
168260920
64974473
128528951
169304207
168039577
186875201
182408626
160401879
180795350
182066422
202652535
99905524
196755607
103260961
115514552
161350210
165276044
158245321
180209481
168806303
201064749
188945565
162898790
158867736
194683148
132010654
144270697
129799248
132532378
156032462
180864711
195387128
188174184
200559010
195132773
168425706
159933393
180072896
115344094
175964515
145271092
186847739
180411328
176266217
197552898
192210621
204105919
172758713
148347958
175992816
97503794
120358881
120877779
201042926
188502518
194643785
188628383
172263759
209374380
169814188
167276551
69993645
25837023
180906700
184054331
204040977
197453401
161596955
187328968
190355316
144922622
169539933
170580514
25568721
188186742
188485233
206135805
190837264
192434850
174654682
230822588
184200438
200991061
186039945
137676904
175047769
196352588
189940402
166426400
174642889
207614065
221969222
196558397
176904468
196497912
210114731
198130213
183859094
205991604
197326848
174891321
179767112
215410316
153935745
184210143
198013305
191747226
221002860
214609035
222240847
174085231
174354250
195580183
51040254
172790950
176799675
194278565
183940003
189782989
191596475
188284370
184594568
171729744
177375887
151401780
182243156
197015815
182897147
189088005
187934497
189602006
204192862
202462387
216116173
66529690
65549679
129093650
155899028
162960053
174816235
178419848
183039191
168793083
197978055
204599736
156180721
123570832
135193327
105937346
191390695
171454229
186293164
190649224
174163377
222182749
148380109
191535273
133260514
138461473
161907800
162564713
165864179
159303688
153205951
161077703
152112313
153147423
135296676
139793484
119755874
121991690
142142910
150046228
195882348
173999894
199580291
208910398
186953562
194527095
176125273
184243730
181838161
144411927
182583710
153272864
164839143
172709259
181179105
185597553
174829149
154390299
174186930
112021749
128607904
166346451
163274943
166218664
182205947
192079872
222967253
208086623
179648757
176638181
172503961
176176203
107914948
126646830
148197681
171724269
180374711
180705190
196159292
161025660
171600277
186968886
167670628
88559208
174273192
107555800
82683638
168332860
164158098
191114925
173686955
168917973
181842602
155148240
197052594
174110980
143322686
152076064
158600719
184588415
188448526
174706933
194794292
191421938
195482542
129155533
195694769
132428993
154898013
172269555
163705159
165830660
179916941
221894287
149716377
149883354
126327567
124759858
45917157
134958659
174661987
189919684
171938242
188326491
203725943
181899168
170995635
163327150
156555195
79748571
72379664
140978265
196728220
184720657
201551665
189523159
233948550
183716898
185832956
172092172
81322139
176000180
182612310
192996590
183497488
194965097
202587425
206516909
231569006
172454101
198118475
198547076
154064767
175244687
172358858
200060817
200455080
191966889
191759784
182064350
185299715
186116552
38372389
167855336
175285015
170463682
182195126
163066166
172417225
181470393
193109762
178752749
183202650
156828325
169736858
157053992
179791632
165874773
192288562
172022253
190277247
187737231
188820395
125200268
125763342
138456844
142127749
130971448
160638316
192982016
190314798
195449571
190434646
151847790
156428112
174397472
114139306
113511867
125088139
156998139
174623748
175030063
209355810
173441889
162315351
144415688
146313347
174676054
141036619
178384575
200471724
212377106
169627057
155085041
188950824
175265998
136211826
179243890
184089810
175712913
188240147
163974882
200809591
201815607
176299818
174242444
170634740
152321904
148523573
115009121
154303326
194358245
199321671
168332339
198377047
188626832
172836254
162316886
164984470
106263582
195692152
189417559
202023356
189214381
215738693
217927517
168805934
195093022
124398422
173393235
200671972
193541928
206135630
185499106
204539858
203436682
164955296
218452223
201649769
161170246
160458269
164290225
184279069
182254988
176133789
201982734
159664759
166414504
175078887
175469582
30546757
131960803
157286987
169626359
174127696
175201171
167506850
140101210
148379032
187766853
140725155
143080619
163954194
167593469
200295410
191174376
207078486
189146248
181981514
169510914
126707562
119326499
50647809
171764452
155703183
173047133
190239962
177122200
199529601
155359968
131223253
137826964
134207087
155977395
188046422
193263745
188267546
176691495
191284409
191562254
141652854
168086273
172084702
104060647
168051435
197961202
187183333
177277159
194455662
184073515
170132797
85738468
88914499
115982783
170795665
205130459
199253760
203681607
205714618
174547827
214095921
192883493
82626501
166285532
150312682
177800252
185803126
183050853
184576199
172874383
163788929
190003846
184992896
194849407
107120062
165860127
178336827
186926313
179904994
169806208
147629741
152359746
169339835
151886870
25430204
108550099
170457839
183862433
155331885
200183915
186274037
186768325
187704245
205855612
79041062
202373880
163311183
166355261
201765639
189949482
199872249
190494882
191219628
170032080
107438428
191535018
128414458
136885759
201292942
199019093
200571282
186065240
211169230
214463717
176302931
172412036
106900793
107905850
202576096
187175235
168726402
205608560
203274990
193428174
174670808
208093368
93890066
94196917
171715800
171001070
184732945
186865346
184113487
185364232
157428817
157122603
152545207
162420763
104556321
108376589
194136828
198601430
194337228
204128423
175679723
190759513
185399707
150210313
105544465
109953016
193616539
197562438
208151825
190603776
212135570
161300613
190639456
191834119
205949354
168692813
199433286
201813354
203970852
192895863
193796770
208074739
211147522
170093871
167190404
120567726
191902051
192490840
200474700
197528501
206287759
164574916
214291692
222433745
164447467
213279774
186106501
203558327
210969921
198115713
202672111
216164138
207374954
222623461
203603669
204410853
185453625
167771344
182331234
195965105
209981364
199579082
160824271
171969899
157267237
158413051
42151342
177729677
184155710
184215354
201357151
190527034
172453282
169319020
163653775
158581336
194142516
37240757
124095858
176251112
192497052
192408568
210391386
169138105
182128959
187885729
176674153
86735182
196314911
154056689
176942653
156548504
197765018
186648230
178848532
168852190
152752557
188143308
143772527
112048675
173789658
172357812
192645217
175632357
192307607
162307111
160126038
169470136
111306864
150959485
162643550
190449486
187048179
220914879
192551045
182194322
178039697
157503786
175792684
133659178
66778072
133739463
183404264
198876169
190899446
191678725
202519024
210822040
172891901
206254031
167103675
82952970
32893089
152186932
180441685
185064222
184155913
210541633
161749791
173222453
157202010
113205667
234720014
167221806
184474684
188349419
193584948
180959286
164613495
173005755
133108125
112967831
94793714
99298311
145937104
154914866
174353186
172863583
187577108
200742556
167062450
161640978
115852314
123382832
217435641
170039226
154149620
183062382
178814484
217086949
160940463
186557797
164869287
151346680
139635691
166864569
184422730
144031721
186515575
178952147
168430270
180881033
110483645
107664633
160393440
178812430
186924684
199097863
182198610
187433535
199168217
157546994
160720874
171292717
64198652
172695671
192682481
191592769
188149424
187200415
212662188
158706828
177779373
194949219
195161679
90884101
191332432
190897635
206500428
180371502
181476133
211737225
219938410
163468173
175630416
25091912
183036789
190863521
184894507
175542655
218952384
206748849
210695157
221703814
164048796
191416424
25397566
144335925
146245789
162993118
164843911
168657181
172795959
136532270
198092750
203899577
154154642
172313666
187552351
205042367
176639460
176725247
178149387
168466643
120760889
155300743
134741732
130667075
148912077
164053668
181080927
165265080
192759506
193923964
176326408
164297969
165222863
63909481
185945188
194850915
204158027
186803687
197903751
182726827
198731187
169070828
203923663
207708864
208011073
195407923
196058985
196480555
199057765
216881724
199905276
217756405
204218583
115637001
183540345
198290791
197002599
216626004
219027302
229889145
234883287
239962129
228375983
227378246
28914862
161550076
189092628
185986282
184371455
197204738
168789898
172932307
150290779
162850218
153765455
129063424
126402444
130277319
169296931
188279130
190579120
195195073
206308512
196085099
146978842
94547590
107438721
41202152
114755918
177019356
198733348
199188403
204218756
193000833
205936613
165688663
186644796
188733559
96422486
35872068
182243907
195468783
198072506
200457069
200493422
187912662
167339553
164359633
168521372
89008556
120455764
177611978
196748073
201592601
198323403
182819482
189009900
162029066
206046504
163474634
79312493
187896155
176366909
181373947
193942251
169485096
202681142
156368881
156360889
178332533
180018772
180457812
196342924
204174725
200949336
211623838
171297815
173594364
220274736
187788652
191683607
172598166
200343075
191889150
200365040
206914494
200579646
168250100
164187595
176167681
162884293
27013868
154938074
172588903
172783590
177591960
175030355
159228579
153754035
197224414
193787018
240042169
167852583
174171722
177250552
192193757
156290123
180377668
176427162
144577674
159194428
160420518
176837499
176770919
174039698
184398688
174876403
174737030
147818225
175458970
144703635
152256786
61744555
53978524
158887457
174924086
191349691
168893342
165806865
179831765
174988591
167777517
160232655
91847518
109034911
160752918
194665025
198098264
172832824
178539732
192726007
197828759
162110858
109157836
122629735
53723552
196046676
195701362
196562919
183784030
203568698
167892893
229968967
217548560
191636073
190295868
156236098
167479610
200650265
203732439
210924567
195979927
209527555
189699347
194677776
136631816
119868621
165946996
155885967
165456804
170950163
175479169
148532877
116321237
116825278
97889978
152654741
161336943
177508762
191438900
193292220
194924322
156216646
166925933
205601127
207016509
95592352
86666890
150911210
182671630
183698710
187285650
170147619
156541288
159029314
159449455
144416722
148870573
90286255
147859884
159325525
187378026
190031732
193606448
180193384
180707889
191987365
204989630
130276340
67421785
162978263
183231986
173362305
188388621
182771099
159153288
183065216
163894401
185444903
137098871
110301436
173653673
179812706
205673006
197667080
195443383
200060391
203458085
182072929
221602970
127700609
96109698
126967402
172402872
181230148
194161834
198743228
190326940
165219885
166410322
132667491
139298617
114952358
152435869
150677265
165057527
148369456
173028496
164713318
178504252
142909989
122238042
130731788
150466044
148527414
152902865
184964834
190596754
196831423
176714149
196830193
172513805
179547821
140007925
144865425
147154605
169350113
161951109
181533911
160405473
175944973
162601525
158218447
143111136
167931625
178473792
173115679
163447858
190746311
177074146
160896640
163739809
142251160
118221230
83100896
124733919
181136732
180220458
192045405
210222939
172450268
188536447
184540423
170165822
110107312
112738616
164843329
180432113
182386266
149144442
196493817
174630511
195165100
208877884
205660759
205058602
167091623
159948037
156801216
183807756
181815177
182417509
195489679
165620404
178199375
187230179
76534875
103684660
190002139
170213392
196361419
196587215
201959140
202343460
169202878
156350444
130922971
91058909
143762995
176381692
185111637
185798603
180090868
184601544
158467507
180813702
172512959
168217376
105844598
173675777
195793644
175430153
204375427
204989295
181064795
157783767
193197921
145396292
128165235
164733138
175809284
190779161
191125920
172160744
188506532
135607583
157047088
170517173
161737174
61067954
138026682
183355169
189092433
193617494
207330235
176559416
177899726
186085162
200729997
97496444
104242446
180364349
196144376
196707158
177561813
166453434
193902205
199567958
158377786
154508855
58405264
96179057
193769882
180894810
208164029
213130586
196310834
202107479
191160851
176535346
104117486
210524468
179632511
171655759
194689040
166631716
190383053
189306877
204003739
151924673
152146180
46329985
129458299
162976143
180000938
185410019
172483795
225201999
171879864
156386472
163202284
113950616
212801943
177035139
154174327
173794329
152062116
176147066
146135788
196881017
156140893
143855460
140672348
172377185
180204761
181221980
176175732
160097791
160538787
152969046
165761022
147996302
38591927
47683061
42114572
163883207
175687554
186648529
198513064
179080144
180847862
151874451
154340598
98683529
158840039
129182401
158347526
172923633
190318779
184532870
178553904
164020718
166965582
180235454
170519725
119765693
106988323
144306316
166470747
153429667
162120026
176447445
216472593
179559868
187290868
187818397
193678407
177214841
155681263
165833826
125175712
141014771
87477040
89942872
57001829
130417370
157000082
190619003
173174893
185174594
157930146
170165691
181775710
180154948
88319674
29489031
148729993
196582333
196856583
192939505
195977895
182208448
185294889
181960253
192711955
180038062
187695254
194354929
201680119
213305381
213996777
195593164
219852757
194080374
212095448
218842357
179231072
194259609
202592643
202927866
200164565
184608843
204017646
192728556
186447566
92973622
33667518
116475727
187537777
192072793
178464632
217583695
238173522
210186221
181122954
176944898
111230485
204962702
53827606
177044800
178011630
165779197
182195169
168007233
174366030
163400460
164133303
139737551
158523584
165602212
167170362
183572163
184941208
198833894
175440761
187742252
183226781
196448158
208248526
113349373
154652547
176640142
164768368
158063867
176838499
162888242
137462561
146631129
140162715
142265915
164505898
176711782
190454065
191300261
164593180
169392894
196497449
166418357
129120852
133282279
158506312
172574065
162408630
180188908
165143556
170278924
171881886
177794147
219272318
146168538
151253777
167628946
165628371
190716306
168845251
178260084
190898366
179842164
147781452
150309620
109308802
138124538
150620880
187265361
184980601
194224866
194644425
195123702
174969638
175675724
102615390
153196908
171053498
174417463
195687398
184785070
202554645
192912207
208033208
222394393
137800933
44502220
154396455
173548662
163531007
179869908
201934880
188867304
164544465
168777806
190985944
196175169
136087037
182650436
175793435
176602910
163587952
163787533
165900734
186150135
142415195
147716540
151361587
168223421
160905381
149070143
190027431
198871883
194152176
144193061
150658179
196615549
143850283
162360615
177424016
191513564
179907600
180532898
180150379
184415670
173411272
183670611
132548846
124999391
128591850
159938823
173636087
174753626
181288083
166131113
175790302
162939242
142224091
159553062
173173655
132636826
150545002
180210942
186206865
198675694
183940924
180601357
170183522
191740241
188841874
127087907
137624270
164525421
120418113
122212775
146317427
140307804
151924544
132873767
172778311
182398585
212127550
165251121
180442247
183066955
142124292
182914424
138968391
146466380
144219451
145812254
174804818
182861835
184239740
196246580
192635348
226736293
206281959
199556123
131940285
128924051
122846682
123037896
179400477
172089992
190370136
166611036
166962760
181792407
153132197
116136836
116976673
78337696
136010910
153227222
172567769
150533787
178034057
174387765
176937566
150647825
186383553
219751121
152158206
166068865
176331420
197640060
185514284
180449212
181762323
203899456
165645101
184459428
122565985
164400530
193518109
181116000
180557313
181290102
195467346
182649857
146272459
130461768
112311314
129740471
167151269
196470281
193961271
191204762
193157445
193677841
226814704
215051219
127410619
117062057
51453991
141013633
152178781
209831462
177105168
193063770
193743487
181450375
199133752
236200242
199596642
137279774
136097524
155145253
158950513
164626584
172658324
173236518
174950655
182811863
154092663
178893462
168568632
142096482
142861083
137072888
141698274
171742951
123330243
98735510
144525668
118037661
55789664
128335066
159602048
177733244
188180533
188597513
168114160
153170481
165597197
197598064
132539583
135332192
161213610
197344399
196347206
202410184
172279888
206646856
186925896
154083982
152702455
105570777
155582502
192929327
195513873
202810706
203025694
204058422
204324832
178563561
214444759
219218547
44046976
134800563
195710195
198266958
195254777
194974157
197605081
175313321
213293001
186936525
119943902
71551035
129894488
165729803
177699595
178961237
209733906
161924189
179842583
162500321
173177225
160256176
146142428
169608301
187170069
183349841
190602607
183124682
164896830
155261570
144596956
109363133
67609423
100624513
184127287
165336527
204971746
208612458
204286712
182970942
189543626
193609264
115921185
160565647
141991074
166746328
173812184
191050208
196567399
175146204
172183516
163489361
117300542
176531598
118306439
142187837
163816504
175105733
159170916
162692622
170583286
137175562
131295483
173951575
160825675
154112000
169648698
166102006
159373860
158986977
166293338
148825712
159240084
134106509
153807486
175946887
156897712
193863074
178323444
167949134
160795547
168123761
164509990
169303971
104363824
118311112
140573432
140351345
158312597
140552923
144368419
135822046
111578526
46663092
25441984
162562971
167957536
158074510
181272195
181318356
174622578
163062781
130423011
25710993
158934635
163996088
169716152
163166109
171671453
168884550
95104765
123117666
135060428
140132662
145294441
143724060
144876960
25587059
71027994
84118174
89638678
74371311
61893464
67131486
83508370
94260553
94791914
62703881
65389192
25771474
55430058
118004033
107760124
107926459
132304667
86845856
57205979
83558157
83750168
74450729
26805016
25640129
25289095
24912314
26363701
26143983
