39203710
38767482
38544183
59564234
53795627
38661371
67586706
80759098
53083217
65450452
119585262
111015824
104468722
95753319
153944348
159843776
161528679
146128091
37749328
137655280
143134772
155887761
144240717
56537207
95305019
154210233
155325801
163917475
135851266
43302108
155298908
160763444
165769100
178964966
116584654
114318176
139767648
145668648
144356853
97438232
38180168
60731945
71336853
117136773
107954220
116962009
112530497
81583554
59549876
79348645
84203599
98451781
86476361
89317677
46510321
60779115
124317685
120037807
119289249
93046154
51473268
148390576
153166438
145900426
157017507
93277154
38272933
164141569
168599707
157158769
162054477
105884612
180995620
182652561
175723359
168534047
152236086
169654255
161853301
178077546
183292840
159582080
45146015
121140941
150973477
142544300
150862587
80285251
37353016
107286031
123794934
126287867
110618354
61435148
60897435
101130031
108829954
110606059
88109853
65483202
52411815
82269842
79367015
69053145
67933612
93548366
110949145
107236855
69328650
97203793
97213662
121325566
114500210
101444343
52879834
51674831
142724047
150906451
144650264
129937951
60619785
135325521
143181879
169987830
168066108
99426339
37719749
154686860
161792259
170831243
156775101
102231836
92410636
140745740
145626026
141089167
79895767
41873426
76952425
85980806
108523012
109575920
101075682
47791466
53352045
120384600
134034455
117476920
111099324
54723067
38625310
144314406
152602807
159482452
151643615
138997583
57596187
120834167
160897538
157666550
151576305
128536984
41470298
132958917
157132572
151099973
116380452
139380380
118976369
166520494
157563155
146533208
105199413
40039868
180981390
187177425
179693991
158002779
133260672
146376865
159824401
143021411
154385988
38070636
92454635
134180097
125099917
124725683
105483074
58864146
50058412
95448049
94540226
78587083
38617999
53060179
81233657
91373084
88573250
74969293
67047037
52177237
53330169
80441612
104213706
90534764
72806273
52610836
63470725
93393973
93496880
80280776
59986241
64840075
70958122
71354262
67613365
64482224
64879214
71261962
46348328
73037304
97021596
95059192
75056916
56658526
55192620
92892158
109928547
115756917
102925172
57559447
37895069
64066683
60042534
63372437
77485975
91197178
114737008
116311348
83896889
63272267
95746688
122659240
109067008
91038238
56795928
66675720
56889208
74461020
132798884
136485106
143902037
119163810
81641772
160934195
175675801
164220630
160339124
158742231
151181099
155157381
162447511
147677098
156253901
98450362
169005162
158320687
161155313
161832945
98826621
139160268
176862005
166943708
178490501
151971346
38258548
149849553
139544309
161902905
160673626
41340147
129304634
154566053
159058175
130873376
91028091
127355251
153846108
149620926
135661153
80581922
154202158
172120336
158693376
141775575
114038955
127100360
170433217
171262066
160588927
147265827
64736554
155357522
154050276
162816581
165250696
76591730
134453849
159827406
172366286
162107130
150154841
37695190
92897047
134326478
147081598
150107863
71018314
156071684
165760273
179822726
184638178
105143193
120178597
141170902
126078608
148192687
59936316
115381024
163033384
174949607
155153051
143555409
63502284
139002399
154224347
141963139
126602994
84652125
86320591
151062868
150322537
149144144
130452999
78581701
116468400
124692379
134514962
135128825
137576269
67703553
67466540
88979290
105433932
111083313
89116398
94260003
94405168
100896742
125444371
113654685
109143965
92981185
74396212
60934298
78626656
108330510
98011099
88205831
87054361
85433016
61883179
64177290
76407434
86412891
81137735
87872257
108887711
94199787
85358098
96309730
101565530
93918101
82000485
37121491
79981708
120139262
129032875
126243937
108860857
64684838
48315200
96633982
118361199
124998273
111528272
55436287
67825774
126310551
136042953
124256520
122129133
94702331
100833928
104802873
132781453
113307129
110554976
46754133
41975552
130254065
132269363
131130603
111265549
100217011
51039536
119093996
136730962
145857734
111351787
69881722
37487342
68048824
90292070
87339284
60332277
53212600
63657628
100633813
112648488
117240664
108090852
83440775
40314157
66145427
68158428
92495684
123263404
130216948
108953878
99864459
65145281
91925220
137416228
152537616
125097936
114810624
45582061
84903803
145793234
149067951
141342056
130995527
56997084
160265785
155863962
159949159
151163456
135472995
178832305
189732714
185509001
165558268
167837804
95555986
148174468
144184977
144064844
97990989
51857544
94770831
97615997
116809071
90392864
93268401
104359954
101866862
92236898
75709065
70590530
110381759
121618101
108804771
76353882
38642558
86091586
114136570
137053822
130448208
125652126
61308831
155158429
171190603
156595822
153043497
129802039
110472507
144961902
162236230
171614816
150217196
38830649
163343799
163969460
171544673
155873274
110950953
180051015
176188966
171117609
154993946
174176656
159982533
152374340
160281110
153170244
83950478
154981220
162120034
164208998
144962086
101218072
46439280
144918072
132034123
133207106
111913663
98576557
67909501
94082971
112033353
126366045
115741183
117143017
109453460
95560794
81946070
91743341
131259958
143819479
124805619
112420506
66858915
38299382
104965481
135201729
141770846
130147441
111795012
39133148
140505898
154227141
176933846
133647245
160189751
48367475
106191542
145072264
132769858
141252891
84055733
40162158
90899114
112480300
128829209
133136135
121144608
48224128
131529879
145765151
154467905
141265128
59304497
127460714
145526850
146406470
136505013
121308511
37583879
134791531
154362799
160857215
141454396
114677734
37495660
79529117
119138399
136898310
101710147
99570166
40928126
111303779
133483563
143690943
135715580
108630925
43898590
57829446
141595957
149234648
133651052
142026246
81432494
170869614
177028695
159799321
151573967
149163591
79152997
157141138
154306941
160904693
126987170
64496728
103799974
108047590
98144162
71507995
76978260
126567795
143234815
133262954
124185891
123965764
68897703
77773744
135781273
138242650
151907126
120504807
77258819
129201363
145245160
138983896
127573514
110387063
96266953
126508320
149582340
143597865
140817631
110096975
66799364
98953650
135862888
146377775
118538004
81894235
38650032
134571610
149034686
160522184
139145135
122313588
80160238
141686546
132472481
135513256
140007359
128577060
157448842
154170691
158975474
167093573
58684036
84926414
89105367
86870547
101649120
104611302
92220867
72829549
53291147
72577465
75455065
79730692
78791433
110723835
124795675
128163609
109792249
81095349
61499755
115135965
138849147
131945078
130394533
77800450
37826985
126299611
164858637
165424123
147136442
124290903
40047001
178594893
178134240
180949186
175958194
128033245
111261848
162247706
149731485
164374425
144143597
37636521
143723338
148509499
151805775
144424348
78593380
58903848
74549777
124508773
120347846
115594339
80637014
48930995
80550706
142621894
139575664
131037360
109568960
44569820
79253246
137906131
130788811
129596912
97624096
42760549
121884424
135369519
135394073
150127316
123758118
43775498
127114151
154075766
153760285
159212325
95296350
39468941
156404835
167291262
161207455
153851090
123762103
172789230
177689321
169581991
165310288
149523642
130792881
147586630
151186919
173285368
86992330
49575857
97035441
102652193
104624216
102850745
79569002
47255640
91860962
140949585
137508844
124327503
94616192
37349166
79569044
108572015
138513554
122076249
112724664
90624327
73213381
100403022
110471074
118038951
109656364
102323215
89762838
78825802
122034656
135153980
126305822
111731197
88637107
65462031
117322489
150465557
131528211
128911183
72856981
38848063
132861196
165758030
171210889
158452721
125129769
96771385
157417353
142239636
160281396
90701046
62512272
146869983
132640865
139426015
98964813
79009104
153887667
152949308
148185722
138829272
66310454
101780323
145028420
137717920
121260733
80066231
39131191
156639302
149673442
165191441
133901888
63442799
157484070
183342363
176709772
162969332
147768154
125016064
174399090
156629511
182611754
175891676
40838716
161857798
171061259
165156302
167880909
139236094
115646797
160860469
162316201
148431861
104346689
39126976
74810896
81597663
90068392
124336976
118963125
102743105
84731964
67611682
126778894
130753845
130830343
135166903
108279556
71136187
48091924
39871992
91144084
127474307
137619498
127236783
103720725
49909441
103441989
144134333
135877710
110509728
133014171
38958827
128282127
153307533
153699782
144066369
121711776
46175430
134353933
155478752
147705249
153053440
95520202
74026043
160806276
155701145
166447197
171237151
77246481
153809779
162496488
153316073
150785680
89326302
75218705
102600207
103868369
95611598
107126796
74204823
138016025
143561201
129431036
134206257
70813397
49919431
93028086
99956315
107588537
66635694
84083689
104592600
138637304
140002475
126870458
102820554
61061431
122081680
136411318
148419910
168593125
142495565
84371133
37784750
144646032
166096049
178126123
148125987
117903329
105030622
155111545
143566291
154429903
159469538
41418990
100816961
159635804
157088080
157692941
120607282
41592643
46592921
46099565
125488118
121703686
140240872
133619266
116206084
96175537
105013539
108941654
109483464
48092139
58579766
54883772
85049736
85044505
104998804
122440862
118998659
100043356
86703775
48067784
99727596
116301585
121699627
123482156
85031791
54719844
59379692
104004737
121855222
115398133
85598044
72538608
137326789
162569713
152172112
134617288
122444732
88551019
144219578
138476093
138659029
148567722
93071823
36215705
173981120
183614238
190784356
177279237
145579198
43124861
40746040
69991721
145070090
138224440
151250227
139238393
76084113
101597607
105882514
116895883
116473183
101347303
103625624
109795641
134228316
138494249
140829593
132373788
85072362
53209788
86536655
129466787
138629017
135286127
108252453
65803838
98127356
150341666
136784897
134755497
119218023
39984330
149587313
149447585
160632992
144009220
135614553
56612791
103509496
153141496
150366817
168073584
106805830
57206497
144556300
146710442
151211062
131599330
47646805
50552657
44674199
120757876
166657389
157373737
138427124
112500485
38036112
126924119
129190006
150013884
141238939
114070261
79424838
59428828
111001799
139492283
129450886
119893332
96115163
38393552
96192663
137507251
140871287
123501095
118154968
130718201
134904058
137606158
142756241
101734565
70000936
132520580
133237642
114968866
58338128
38162014
119826515
155694914
160662588
144539538
113384803
38110168
136463784
143927562
156575577
120264516
105257680
45567700
74931815
98667313
92038262
77024247
80817826
79330420
74761857
73812324
63300528
59109720
64363983
95455613
89212326
83482115
76969417
91669453
102930029
103323719
117283741
105019567
92039069
75130824
75212612
113864923
122849690
129191099
118703136
87754838
77135724
79263359
120208336
136505327
130868493
104274606
73021309
65532541
106985251
134474300
152288410
145513839
104013696
49828109
104400705
112880077
123261919
114195983
83344480
67475616
77495167
96704877
88573519
54408553
51627753
103333278
130332116
132350021
110693852
86558928
59856189
76790985
94735973
101238105
93085579
60263770
43771333
91094745
111851645
132236528
140949890
124975422
80343769
74634880
126121781
137257018
143947440
118505362
91865589
41845426
102822058
125472439
143505944
136703029
104275675
44669984
70615022
137342835
124754463
142327213
101323368
37869705
94765343
121372292
118854007
107136045
40593550
102579906
119099850
131858858
131196726
119181650
53838365
59204262
133551851
126295661
145241547
115317097
70031972
70941686
107193989
127517930
125287901
114797801
68625456
91027661
143452637
135659072
135547203
110189124
57192756
137380709
164951401
165385963
127867751
158821228
69472637
162730132
161090504
154182186
155152616
78581931
160343011
175528885
163272957
149651413
174082208
78702496
162120443
150173994
155717870
146927416
60529325
102182994
122329052
125224246
99583326
87250983
48814104
106257918
116320106
130605548
82465984
42472091
121281418
150720501
151418988
147250247
94307305
112643466
148317627
138535052
141966274
100176304
99881467
126663614
141079179
137221446
118549317
80391477
69326538
114786861
137794060
127821014
132696240
82502061
48008265
89989116
148238087
145644932
142664563
124694793
54048578
151794921
160921710
158222311
163249803
136358816
145066224
155406570
150794346
144156570
84843751
87129354
117439951
125288757
110901201
109281581
92378328
107921085
112581120
111983217
119109882
66995927
53446154
99237294
116796947
103045063
55262053
75340684
156641795
169543991
170297383
161012241
108369436
99008638
145646253
156562778
159662370
141041925
43113083
56680875
148238371
140495917
147602280
128218774
43053060
144590642
167164686
168119465
146419740
170979988
176848079
180198717
176709115
177463591
183881174
61376234
88957154
72856435
63749513
112716080
144479528
128552079
110604484
87368826
41226458
150928778
170107197
158752513
167645383
133252322
62731617
111605436
119742654
121784041
131129440
90232701
41976082
83152955
164624656
146506817
137865522
165046294
72018861
56351085
105296979
133243391
131760478
143152423
90543097
114337582
148719790
160234578
148459144
132448822
54943146
127650389
147424423
157261838
149965877
129630627
72164867
124094278
131089496
127642066
110787497
84959206
87556149
44368567
83069921
95647740
91559510
68055544
38038203
71230980
95490268
107317711
100993305
129581538
118276391
107061387
73251548
120878260
157666982
150416317
144546540
129899417
37549748
84519444
156413837
144782427
160983176
110410834
40712623
121930993
166825892
161762029
162207843
119483574
76189773
168382568
161823282
166552074
178710500
67609617
171317837
183179029
171409556
180096893
157109415
156048761
167347192
170752784
164543943
99746776
55619929
62303343
73116904
74056062
75091824
63207478
82257374
86947187
97018320
89422201
94953336
94519114
89976633
48894830
52131537
49160150
140449382
140960887
138528981
130058903
89037563
153440151
161520682
165347930
165954764
149964380
55331874
76760936
156894670
150471167
169985979
142765808
71294185
165951356
167913893
183821717
162390941
146687573
143756494
171330958
172167692
172450451
179075050
41211318
72297199
74354801
71074539
73420089
53861859
48643471
89235378
111237408
113523103
95600702
84208538
86333930
76644813
70115043
75047885
70562038
63453000
95759498
96693048
75061180
58269426
75244481
94555961
87537801
84230999
89182616
89488885
117532806
119770161
125291427
120202694
96771084
105517555
141050581
146633267
148066883
125092118
71025547
59386857
144134231
151575653
157417945
152441333
105490575
39377229
111606652
153886949
153861699
136289935
115102403
37403272
92498980
106512057
119724684
87938926
110202209
37874892
142710821
163295417
140435695
155415078
70321028
100217516
142964184
161797306
157015307
128228268
40334300
168607241
177011794
178773055
155132147
118757994
190198712
167576118
186310839
193677576
205235701
187060014
177714363
186294396
183898252
200915339
178282553
181898949
190505538
187666204
174346906
194567774
188916990
193256213
182953964
194943770
80034437
81043752
87751713
108535871
115201430
67662272
135905279
139503611
147564633
161572447
143403591
75951592
76668705
100102903
108512882
132328595
112376378
105005308
60325427
58769448
89863236
121266753
136363595
123566279
102921335
68043584
80906974
84828709
95097428
103144676
102169621
80397404
83710213
87451145
84255872
69716762
58277268
53736687
72866548
68988980
63889642
62356412
85020698
93093692
83605392
71724758
69278628
97626222
115456953
114505473
82937417
40234678
49606532
61845715
79505596
123393874
122406530
123285557
102683847
69270480
38488602
99368106
107790561
106290826
108809568
77807688
37701007
44558082
87703516
100603127
101173146
79185247
39145192
41005983
86922551
122912293
125687511
114103790
90989813
90009447
137327116
135718839
118281212
133030524
51880482
40811765
123538931
128662156
136464060
132488300
103091055
87043211
153311555
157085048
146701337
146668088
93711599
51561100
153278131
145806795
153782362
142383014
89031587
38553226
91084905
148545632
156053090
151093454
142526717
53932138
165112361
154780093
156401380
166200574
112834236
38146409
122313024
132103076
121865970
126632023
38853763
134035077
145452222
156747869
130929659
139355739
37515197
143115639
143562489
164932330
156978310
98596352
94141511
161436685
156557138
156762762
149108615
37969990
111636919
160952816
155579222
156753179
110166523
138574679
176744420
167833137
162009609
163518098
40264678
160291336
183447013
189951369
181777420
197631585
172549507
189189272
187363524
183447609
196817792
184217158
183332191
179865787
193845907
175211797
108308500
151414514
143091251
152020846
153505300
37670005
122623903
165604019
146898374
176043329
172326522
38146975
168846405
165287581
165992824
177883699
108455784
187033655
180086260
187200813
198901620
190689316
41298996
155661390
163330407
159000784
124350829
137613776
100967164
153767383
153715645
137461038
146488233
43219381
129955079
143335490
159264544
155581024
123794170
75147535
120792203
131907122
131221041
135501510
106017607
106638272
130690140
148512805
140405778
151293645
77845108
49769003
112690580
140559675
167499710
136214913
112571887
110312771
134644852
144217679
151296421
110295588
147711971
161764640
161713735
152715543
136581603
38072275
99461876
141762595
147601925
149693035
167547816
47119347
144444925
150777635
148791299
137719386
86571069
161299203
179471410
165625451
161896627
136348477
39032944
148546112
152278416
150238825
157717401
121807447
70566683
137716128
150645576
158221977
148354812
37741762
174505260
177203200
168826198
174023216
136799209
191749410
184287849
184747786
182097231
169734933
176045924
184150719
185363107
185146059
194770304
38126436
151161432
153362235
164115195
182216099
119933297
71572738
164090496
149551361
165794027
158577306
69480733
101604447
138682438
150594948
135640366
126228665
41625392
37899754
147762445
160129785
167264299
142017100
102741089
182322366
190039501
191537325
172096112
163701735
147103598
171816007
168529730
174218358
181772745
36719676
164739327
174103195
186886984
178725174
127816095
163433116
162356376
176611902
174133182
97097869
56235720
49598614
97041867
101485343
96772134
76496585
55320192
45723637
107397078
123624255
130399865
119611803
105734055
80180266
116501926
124118900
124128273
95860933
86981898
66344675
104825269
101222667
114776701
114656371
110052623
101218241
99833643
57145174
94923861
129246618
130158118
118866173
92796179
55580422
112536208
139058971
156414655
137276269
122081391
37600675
38817321
140840035
154190870
158250642
147903065
114751567
69071728
93247861
78865778
38338990
77965590
129289598
149577952
149480116
135894211
77428597
43785400
152604187
149356208
162172295
141995854
110047921
128328366
151370147
138627161
144524691
62358930
97730621
143518921
160712590
146770522
137166582
41554093
159491553
171064004
185601798
179125224
150953489
107203022
154806314
162048355
151410260
156392611
41211470
184816025
183178232
186413267
195904131
148299034
120360052
125969446
138750800
99117815
67368002
56834316
126127255
117289367
118884748
89970997
68238062
119869561
138703161
150067169
132956302
73754221
38548815
143034082
159499694
155525115
139242198
88239631
125750186
158203909
152007658
137787146
147011218
41442421
126706767
146467323
163184331
154587563
98506418
40736528
178018844
176194703
166033741
169452808
119072792
182799250
189293440
160509130
190026128
193149477
41274631
121036856
133072136
142619760
76683541
37581157
48745135
71550578
116569232
102868854
101024308
42387346
149934582
153643224
182281653
143607839
174125054
48570684
91123925
119048568
125305005
116528085
84775084
53812327
57918875
147516925
149295651
144811372
142188443
85597551
66988719
135838017
143158227
129846709
132041660
44805890
82041936
149724857
153392757
140649082
100859821
40406108
135055994
166058806
164161490
158483179
133457718
41276326
88003215
86791488
86037548
93054552
78061641
58951068
105197510
123658061
99232514
62422873
70533532
138539096
142282130
151424839
114860334
73318439
102196900
148105787
144338058
142621258
122816510
41708747
161379949
162013139
162779463
161105511
136255485
43364861
139931549
144202731
161956282
157603205
132385079
96837826
166827124
159989310
161980711
163142565
51481679
141556072
168766999
159695777
178311511
147815475
156401687
172630374
168848467
160492823
113840682
100832795
126923799
127618442
105082476
106797943
80413939
123183375
147698798
159460525
162632592
154608904
108799226
114505653
136053939
149668136
133624047
109731875
116017542
111035342
116316175
109890934
114358538
112464585
112585335
99284975
109045539
107059913
108153851
109930413
103511091
116302474
111385247
100169688
107527428
97573120
108479989
116152151
122972704
115116676
115628877
105949824
133273282
129994944
117005201
84994675
152897840
168375677
169512047
152698165
147899611
39283481
38142945
39181964
116174239
134681241
140418716
121765662
107481541
87311597
124628697
133937617
121449366
79474317
52692223
51380244
88698360
84774375
119159405
121646153
101903286
75746081
58444606
92246281
126857721
131907843
114933843
113063172
37702986
67411525
144186434
153229135
136191277
142686552
73332253
120428506
141606315
148781404
150184819
110106338
38543157
64639380
62930891
87896573
104107848
97700951
62281089
37738086
62982301
103583972
101712953
84823826
43043643
80419314
112923383
112248554
122955156
118059124
104201599
92008491
105964772
120942993
121389911
106160618
86857335
59136102
94210452
125005833
139159419
139853464
113605573
56193353
129842487
150414311
147968053
168419552
125899152
38775394
100556218
160422051
154547214
163018329
136139864
53618800
175646704
191039818
173985926
159129067
140522922
40770486
133368383
138115719
152217175
124169286
93404047
66575486
118058590
123202620
105961405
73627967
85836099
96762776
89542616
73483533
76694853
120978908
132878256
133105782
116817753
92954106
61732672
91819687
128909340
127011920
116399281
73250268
82697617
137570921
157569932
148165092
137823165
62197260
171378034
178405775
172260696
159859847
193461716
182477105
176147748
168181955
165940155
141082995
128927264
161368975
173503888
173833461
172281517
38263332
141848412
140888885
145502027
109431559
93563659
70126460
117148172
124571469
115362714
95251004
141867347
144617782
151477868
143899127
118077897
102452396
124609822
116807053
122016697
132570848
164215372
172433029
155649156
175517193
128466733
104886904
121609372
143696157
126623396
119162594
83549975
72396293
117346519
128175161
129751762
103284857
80958598
143546216
133872588
126789025
109926379
75518709
64286910
94114475
121770792
165552647
136567819
112124427
90706258
72482092
87054153
119564088
124677284
100370507
82879864
91066619
92868108
85282270
66667017
53172975
129060261
140989159
149789881
135125782
108547206
38973206
128978941
150274566
140495928
167152426
113249498
52514658
136003993
154994518
153907035
151974642
99528818
37598182
122373098
150009331
163332786
168218711
113250578
38741585
175005398
169129850
157553060
178756485
125789534
122088723
168123836
172364721
173394395
157094459
41489108
124691353
147938224
145181343
129629481
101861104
54716287
66576682
72990619
67885148
46217437
77011781
135862078
155462109
144277359
119084594
69785210
63336900
115868868
129215077
135455873
118477929
83970889
58915858
88698604
125272815
128593414
122852798
108042742
63458126
48024086
128016981
144717821
137348780
121858360
90809582
110948311
149140972
151333430
135113494
137609387
37556966
92336862
148869379
155492091
147220937
134992464
49707089
126118119
159042680
150559227
135799327
111590552
56862415
113413755
146540948
145177393
138796039
82811903
37083521
93909513
110764350
98196091
88714863
55135940
67352596
128602986
145998822
129145103
101962798
74660639
135234664
151910140
149167466
128308191
60538039
124721596
161160910
165259459
150312636
159274773
40724005
163819224
163013652
174739079
172201967
117726318
156666671
173299701
179340793
181211547
167056797
88979252
145260135
154821768
150096796
116684775
58497488
123031506
146450655
144809803
142353282
94714869
53314887
63378968
55758848
69538613
97219758
83857286
101940308
128459650
123415858
101702542
91458269
66141659
90772290
89029051
85840736
86558577
104448648
112940391
108904532
104653239
111694073
108626648
112737839
126034266
113206121
109422058
82386769
101794744
118282031
112704775
116803749
107405413
77533055
38689274
121074143
143160278
138499996
135756292
76755835
37643197
100430133
125014054
133754143
131637064
114931575
53196405
105500107
154442580
152628122
142131160
130297074
41268205
72667627
70985298
67498610
80302838
86503634
100380552
87905792
87998179
102465702
137013539
96734882
71044753
64570699
144311103
171091856
136686395
150651349
99445932
45337524
133426216
143998501
148771684
136480131
112367120
60705372
126075860
144320026
150335887
144494736
82464220
40494928
161912581
161785143
188004719
165594880
115411102
140745925
148520418
148441074
135337176
62283843
157630101
163429858
160727496
171778971
97032288
55740012
47418871
146057921
166214209
152508153
144942575
108618641
150793032
152348032
156068338
153382895
150606949
41916449
142138417
164132475
148741103
158805046
119527292
127052939
158715619
161263409
145648542
155449138
41540453
150190978
163344655
168732702
174915778
123129140
116293044
173728884
163391433
177637731
157803061
38920868
143529612
146376891
138453355
97758094
112562143
96821958
136463520
131533442
136861317
93386734
92936557
124899734
167193234
148868004
149298974
104824011
56534379
148922742
170698419
176182498
158898932
130883210
156220103
166276296
184675677
172169526
156655694
57551315
168162578
167044049
154094370
167491908
135897473
157020116
158471543
176552366
158948201
181067086
104834988
150275522
164830426
171063321
166930396
184361731
194618920
182975470
180220989
194029076
177015016
188335724
192928069
186302391
192572039
63132408
62207223
54389518
126685128
138211219
146765405
118684158
60541684
116486372
142800504
146960959
129271217
164383708
103969665
160837383
156536430
144892224
157339372
46272372
37862894
153120161
157514928
161819348
155279159
98217710
184250303
180891000
198249389
167398098
188384878
170478543
167404479
161624736
170947185
101656617
169644169
177804155
190108217
177248867
173491033
180696204
177877522
173981924
180200891
173374767
95088502
92160296
141759722
159121177
158316951
129604121
83311986
140851798
157896685
156867193
143280013
126704093
137919973
153185628
158779254
146554215
147436804
44517951
116361104
153502550
143021562
158482663
116083820
44339617
174803318
176310984
164177475
164686422
117598393
144425876
169611504
162769730
152597160
101316376
37878713
164008900
176401320
188937276
163572982
115452484
161321836
162939254
162876623
164308571
109031279
37765577
106471919
149213224
165477514
167743165
127854523
38228260
169394426
171785905
184027035
165139864
137730171
195395030
196046731
176829889
187630449
170365335
72476024
168560261
166384795
170448139
177820646
75973276
135763536
167043795
167410889
160591018
170392713
159072636
156602667
167033609
164106121
100835807
156625262
169307543
166409491
172015424
164621522
90608325
150820564
146200936
159674439
152859217
85364680
75394318
138044573
150214574
146030169
130850695
112052015
161354337
175976657
161115416
143957745
161282002
38006945
164289705
175660891
181039238
170073290
140960711
163935818
174555326
171903411
160684300
146416214
110593588
167308331
165943913
171474583
167044274
37949729
109267619
139462909
143593201
129370446
79543656
45622339
132315471
126715254
115760404
136248349
41547338
90712832
134375583
139851692
133482179
50786522
47687269
46804677
80107424
112094580
108443817
75510491
41003408
55895468
96370564
130123955
126750566
125154566
107014994
64064417
100774787
138790860
138048862
124784554
114235714
39055928
76607324
141024133
146827056
134813669
110960425
38023192
87541614
136212039
153217861
156942776
129933918
38784624
104971105
118640324
137094243
102215546
60745754
50659287
80889916
114947643
121013543
119273708
115172148
92805699
88776895
98961818
97501212
93368781
63751709
39212888
45750286
67389339
96164419
100625032
100095689
69225692
54853141
95135121
116708430
140179794
121841340
102562289
52081757
89085422
150716712
148675102
145189184
128998167
41922096
152956546
175400986
161968741
186709863
142665350
92047337
175832532
163565990
182685206
182849520
98265292
148065005
154315996
155845502
147162884
103875742
111380216
146388429
146920499
119784627
149325677
65506695
111266155
140133729
141284181
133608966
73185444
68203787
88939024
103314747
114929523
119828743
106683462
92927704
77139530
114118135
135172267
122904795
120860594
95784947
71320022
90288672
173385360
150945407
166703392
132140037
92770797
112311552
154357281
151346099
130718075
139326151
38457866
162946321
156369005
176707717
170163673
122809320
38813086
151250918
150330745
159184367
107559154
143172898
152049734
166458698
185988640
146292777
156653637
139805879
150437706
158175623
149444239
147056271
118871924
143290977
129246014
127883701
107190907
98574293
120216654
162617921
146063158
134693347
113573258
72534530
99453788
135468517
140939248
129596850
119074856
42252958
103747219
154234054
151462806
143805160
136350153
39103659
113458499
166837215
160069579
173078050
137572681
38325683
142458026
133774111
146986832
126916983
97704504
123176682
135181767
138996968
139655585
90157036
37761779
139866534
152147689
141177635
121945337
103010755
57539398
55052756
93163733
136572420
148708074
138664383
116616021
48265471
124546538
149666643
157222065
138825608
92917196
172865166
157643712
181044072
178389661
170573008
77953470
169457983
173113901
176587461
177097349
68720153
167869605
184783962
184097356
189501288
164964166
119726829
146863519
160736035
149629334
89094938
39952271
104772091
122221221
132033476
110701203
80609111
161302729
164735945
163383356
142828892
144437555
59615894
82951602
114828989
134904056
128475678
116493551
86852462
73972826
112746561
142013995
142010183
128522604
77512843
43318723
160180242
174640233
175675317
142415886
142958702
167541653
158046582
177733138
155249909
173242533
151936801
155429379
181421534
178288722
182829173
161561687
154799206
168303043
168812945
103728494
88892624
148087477
147573081
146073338
116975586
72387708
81325112
144024994
133363198
127652569
94375464
79337538
124707816
134584050
135713546
103201462
64309799
86347277
139020058
140046998
139596333
151980063
61202706
96809942
142112602
141652527
147754654
138087599
48278627
44008433
110828688
125092381
130471644
113550727
37117945
79012648
126860776
129692930
128174341
118409347
58197316
64858093
91127901
86978048
71203510
50882423
102086597
100481062
88685002
74886932
109373838
113745459
124948822
117360793
66323638
125012294
138886768
165616740
148685522
166645253
105092507
42537656
132968843
150162380
150028596
147522161
104332310
148969666
160371323
162359947
140876023
158474028
50619506
107034959
153216147
152768686
153877527
110753717
49374060
170919744
165596504
186927867
152624998
135277766
176038091
168364782
181256506
174266365
166243760
162248106
171879268
166527416
153791931
86047405
116542781
135127108
138945327
135006131
74011301
93487934
146904653
139971966
128140963
105070292
55702557
107983799
122396032
128093249
122495101
108192366
99526191
89743471
118924833
127903489
116139847
110924912
76386464
81712464
127804602
138282611
115120916
130659919
78572218
55501555
81393959
126187167
133023095
129500002
116629946
71484104
110682553
131101211
158446525
149282778
156073356
102593613
50715190
73644384
116896115
129542747
134072847
144263613
115459089
98478121
77591379
58815560
89679881
109005541
134047469
138757545
122702945
88747101
43202544
161375297
167349637
163154916
149434385
122670018
122012646
138027813
139268280
124460480
92313778
69501710
120358493
141984395
132775163
137599120
69286591
38483027
116792202
158271511
156700433
144163283
114154839
36846310
151220006
163030345
168576680
149941435
127755001
129170450
158002998
168078261
148651823
177131075
42618086
162928848
164660332
164730616
147415539
105747381
118392017
148871402
145544154
137753680
114218629
128315733
167071103
161059966
161420962
151246017
101602975
139302958
150548177
131608006
95806396
42398713
133396903
149460644
144356860
156870366
117404210
49929052
108033323
157624486
152870859
144309824
116629659
53080406
164167456
168596049
185670247
142793176
166322814
176012302
181624885
170113256
173904494
161686710
119337362
150463685
156497917
155489536
85049719
105081339
136416437
128371196
123045070
69455188
40367715
81679082
98925917
108177786
104933310
112252218
94678241
79011847
70333010
58232612
74719357
80517236
105728946
107156506
115121984
97837512
72814435
89839887
132761919
131273822
127780704
116166015
73503879
91974471
127965307
133154810
133175998
114930486
46054398
38019811
111785295
145305883
156988297
129953841
105192303
38073836
171305554
167477783
167250792
168361932
125681659
161844530
162121182
157232005
156058154
81002801
116369604
140564685
150819577
149075559
120206803
99524251
51938027
107467670
110230568
107505353
96805664
50203070
61130856
113469461
126617696
119565210
123549356
103307370
72401796
99746981
145995587
150867277
139482407
120508887
59198573
86804254
185687612
170827290
155800598
163626987
85290458
38940755
161374681
166423488
168792917
158533838
124779489
115359590
165933585
164398282
162317210
144763381
161900742
178159517
174691510
170562368
148451363
173150640
157119520
172636627
180731318
103052129
140345651
151012250
155863557
136272203
116446775
52863555
127808284
148079110
159144568
135059526
89145658
38453092
156146005
154257763
166651757
141967773
112787127
129532719
165035955
147879504
165006644
138285749
41892602
166468240
159990590
166480462
158993910
114194616
162328688
171708110
172650843
166163127
168781591
150932375
159228105
157712386
155326302
84493877
92160989
121376378
125731084
130915228
87726968
134751270
148419456
147460918
162602830
135556245
48184030
94918468
100906569
95988471
60830595
52361462
89636095
119905460
125047150
123247161
100627211
90694605
99942374
121168310
134369341
124577944
99721704
62626452
60916176
127610847
133766122
130135647
143158428
80600679
70013448
106138314
145628242
147169195
136693282
103280998
60445387
154607593
165252676
153957140
137813758
120269667
46807286
90847874
115039842
118262366
118458740
109386405
66358003
73352305
111544555
127138474
133988269
118894733
90287784
54671921
38669713
57524843
165437902
183781640
151791545
177243364
101253932
154478303
164156491
164584115
163366463
145740714
108410132
152987303
144568808
154018176
149646646
37803717
132640968
158254914
161219004
168732682
139433412
43005362
176338292
184108058
177134674
189398204
149621823
170154034
192447630
186155047
178523424
197082151
157648578
161942884
155871076
162026725
74224974
92749732
128107667
132889068
114783470
103309234
90926210
136367811
152917338
154248489
110932788
53423913
140597362
138498621
149279929
139070714
103375627
72693146
144770361
140183962
138576999
96118783
37707153
192721704
192580687
180938570
197172792
172150617
108037818
151073181
157326340
166416703
169505722
44229897
149996848
157579272
171095631
137687205
128383797
110111769
115977898
108883043
83264911
61412295
52642842
62898269
109658930
112163553
103580292
56399476
43206712
76422848
111283668
99378185
84569540
39838800
114288141
120777420
128647189
119647837
96931829
72287834
99298601
164031975
141585273
167840063
122292727
80153540
126309241
144883008
145078644
141084872
126176614
85251589
145469283
154768052
156642881
157783040
67304870
116387430
142351084
148842326
141194396
123866947
40739134
64488675
150278099
152101266
172397407
128599234
84274874
37637051
37211546
106277242
126114488
117690694
84063860
41445791
110189079
124733557
113038359
96964047
51450204
83226165
139832743
137867183
147225249
130600841
63387035
95886398
118152906
146365346
144511519
123875549
61402529
43774121
111838558
133273070
147210742
118925940
99528470
40303443
141634307
154573331
161283660
158702650
114212334
92710789
161202410
155797430
152688289
161925730
51506684
146820053
157725460
150924970
168978543
92398286
55994964
53519660
118420312
137480979
136908053
99932909
85007030
81957899
100477217
103160512
117899932
130002945
117872560
92649002
88557954
52646709
100725645
124760618
135033475
118484192
110214421
57431887
95936890
120330059
136427612
128754861
103912171
61341681
41825053
117820345
134078453
159264465
144782023
115473883
58444919
130370045
142122797
151930618
136876779
89865869
87118144
137213368
123171575
139048280
145057237
144710534
148385575
151583921
148000476
158309277
38219096
38189984
186641353
180222658
194596261
178020833
156959590
37639963
88064083
138225858
141328265
146556150
80578834
39270664
140954917
160775177
155606888
152742802
115344622
78818246
152729905
177192399
176133208
154028524
65061064
175219018
184216794
170335112
181836341
165952353
162832826
170313371
177410275
174815591
176716650
124456867
158639798
144641830
161328706
87547395
38464777
146048061
139396426
154378529
129835629
38514523
54989351
96866992
148362126
154339817
135969392
70065486
143118716
170419017
153799207
170512009
143022234
44748855
160536863
169542344
177105690
171259170
113443701
140516583
163295994
172718597
154598077
178701816
40808819
168742597
177765694
178489247
180075694
115250590
183203016
177660361
178254395
166729708
192526374
166487446
165066226
156688444
170803571
97509228
170750578
170494906
171498280
164516620
103869935
49780310
61000267
110961766
144414462
144027251
138029135
102552135
37553536
136096349
134234279
142781890
154913184
116699926
75902342
143946641
145022080
134078526
131707638
52437688
129189814
151230378
139092664
165878653
99333064
39221960
142850713
159313662
152897887
144616065
111543521
129174603
170083721
165757307
158096342
160538405
41777144
84176426
96520105
111267041
114785810
85934389
38073427
138116682
136773989
138849390
123042833
95042769
38662770
40463767
70737952
152115372
152831109
140100789
133363696
73737092
96190573
148215312
144948386
145596617
129323987
41958008
156986804
157947064
163951537
153570622
143954352
170168398
174340872
166825848
171041695
159992278
145288279
167450381
163858114
157694597
162782770
40902821
167308412
157874593
165642834
160797755
101726932
184775088
177619148
190700652
179506073
145336202
151879160
167292622
178947582
162662830
178006798
112286364
116823717
144375391
137220162
155529451
113996920
54226289
133377211
142229776
161745610
152842822
137012084
55997718
114055610
146573433
140391728
133785858
106676914
39403469
134704780
154603533
148030449
158599937
120261930
43370980
103730833
143667347
131022948
143522334
99623838
37267593
151542178
169762647
171156423
141284667
113069828
163492660
163538332
162715202
167169243
125578285
127663700
149591456
150599324
150894150
81933855
56002317
108331926
151866903
139890829
133989117
108680247
51769674
113470929
153345778
146058867
144066717
122000665
37751861
98408565
155091497
143380400
143740254
122770360
45722238
149719717
158473975
156532918
164859719
139553874
135334882
182702292
178277761
170995455
168596987
72647560
137869745
156119350
156326610
157205473
111392697
76832585
157693233
155163721
154181735
141735308
68041962
92224780
155038928
154524621
143224326
102640048
96320053
107916305
126645863
134874017
122368665
119852853
81335449
38304574
140118255
154362148
139727231
145071521
108158946
91548178
129409381
161451648
150513590
159154528
82209158
37778382
142392339
159541815
175018439
157476829
124259227
78749902
149485236
151691154
150847883
155557901
63117079
100740149
142264645
128074843
135850970
79696683
56812641
105572093
132901619
132167955
113472078
97129285
50031004
112352245
124282399
120941330
112964269
56621552
38429407
115140689
137143285
151676446
128752126
107396373
53660194
143931446
152010158
139177933
115124244
88568578
74327658
143157069
155195373
136195006
99043110
56675730
146005286
143317697
142333016
136576366
84812261
75791733
123404021
137298457
136392969
97456259
39895900
120366365
130724879
132621006
129398817
132123015
57982793
64617073
63559956
82168628
113470274
142902502
136621490
118959274
66248502
88964525
105048620
101701325
48527035
69996408
95551735
85650485
103926686
123763759
131075743
117021896
103041192
72133902
88593037
112049600
145035805
139182365
116625163
72383245
39008897
105303944
150230674
133821526
156770131
111339226
42192873
98924894
141742081
159924161
161048016
127311424
43807234
165707617
185164104
187248869
182342969
148914183
160902971
171331636
173676865
157118694
138524498
127632229
153659993
149824953
148660105
134436847
40713831
53815788
50716001
123001909
125232871
131394606
108451881
59945731
89092606
133867199
136754103
127225360
127079451
73711560
56982155
150276323
149088056
149962817
143915492
102096177
53352799
145872659
144240233
145492637
136296811
91707090
128098722
156176858
161216766
140090993
161449828
106447001
159430718
138469724
164186777
154660315
52132234
40279484
153648469
160017419
164757067
140472302
99460969
73318571
149087218
148476216
143618529
135818641
67859844
129728044
136880333
141685564
120132543
46966750
37763619
89506174
125111276
126688775
116564881
106981882
68105408
82822086
94431145
109792780
99674462
88885825
91713698
88752217
83683274
74350348
84819118
105777575
119536858
81961298
41180663
98355665
154481249
151608632
132844879
111368761
38133852
156777062
161753804
163452058
163462042
113209898
144956406
150587517
161058085
143254204
78352395
91197461
130195308
149042146
140307223
72892961
119828672
126172046
122970473
106572042
89480064
44811418
94170905
141390890
135624551
143010020
110766232
55415175
120505127
140510529
145851638
140196459
121393216
64174208
144431278
162649035
163803478
156264442
93237875
37994099
152681294
158649239
143429179
159937104
88909980
168810578
176570309
177111144
178450250
153775748
149954527
167078094
170317670
164572625
130031532
118050172
160447441
158543081
146433543
134352751
38664057
97696614
106195806
104615687
70538788
41332816
143574047
143025039
154385657
149383527
119137941
53169946
108324645
141944398
157402738
147365598
99955399
46614511
150926775
168703622
174764044
167891156
138250872
160292511
180108329
181268158
177931481
173967834
151579305
173121093
178367048
161137094
158093893
38298453
154008004
164586808
160457461
165983417
105963641
156416786
167953570
170473401
161002846
108652923
133430072
151604730
162157699
137315289
107164980
121067057
162915512
152927263
162879903
150699994
37740104
119506057
147627197
172811329
167002699
124729281
41922772
165090021
173450051
174573153
156588381
122916893
185799574
191135643
178023209
187458450
191574880
116036058
162211021
160684547
145995600
152035273
38473064
175111185
169012352
179399160
177201894
139601776
88810114
144228482
168611558
165120214
149742311
54892342
76141861
111517631
115931801
94742963
67509666
37888632
149109457
159124125
175374469
160989999
136051070
60916571
57781536
124016923
123928836
128217738
109908436
86091924
118193331
142799110
148345838
127113746
105826827
72750005
128743213
172267791
167900231
165442556
157308173
115206716
97450525
138192404
139252027
142860816
106403340
93528894
68365504
99243894
97478328
89785243
128949364
120740830
120920009
100053431
53666200
57159999
95007220
127484203
126382600
108084516
85159533
52462006
79087282
104945789
111804114
102500324
73464125
38452769
127918583
132803865
135773176
116309518
94760645
98684925
160601076
158733511
150242506
147515611
49449724
158606308
161647521
174990989
171234816
145550783
162387870
187974788
178834271
175437119
184054897
83788626
137583815
154584678
170810970
168591955
141680783
164305184
157007244
152147477
171315144
43097772
137388699
153912473
163096879
133262877
114328109
108692461
118907960
123954191
120687861
92519876
51937128
63993560
137227633
141761972
144516603
112803679
53853080
122318795
172580761
156922451
162747506
145649953
38900870
156321163
151826827
171010515
174811966
105835999
176395873
178452261
174658858
158929112
168283750
112549486
165085351
172599981
162827190
176281301
37733779
161513160
181699917
176458731
190230106
104228544
116552460
154824944
146128675
147066025
93728388
41008011
57244937
71389084
102271991
106148535
116944352
104564107
83628612
74504367
76400113
94882632
119269482
124064600
98715965
75537248
131977889
150114777
144460938
140832469
120878225
95264687
164194604
150137859
149699337
150273492
98087781
55519244
90356065
147957831
145972329
144138826
130337428
51596408
137555867
158295008
156371574
153389926
133776673
91785416
133178416
134009276
128729218
74692635
52892166
132563763
148103676
156583599
142376460
120197136
53307961
75830028
115179471
146243920
137962209
119632510
94208600
46686667
107034431
148607878
146407938
126947402
110233286
44622440
60278263
145400085
133402270
160126954
124938542
64753768
102371317
166382274
155790386
152287475
140774459
41151840
146305508
161208025
167515279
167643159
121291307
106857174
163850633
159471474
146457458
160302224
178659085
187503480
205491586
196429635
186917156
104688396
139305303
144623289
163966213
84997478
72754402
116144969
133310402
128585319
135962235
91662626
45800321
115092790
155576733
145528347
176639386
128780397
41129340
101303024
149902490
157193898
170744160
147749542
53552024
180755651
192109980
196555667
183328695
147959168
165818378
168983122
164305702
180135511
174143594
103193805
150870653
175738484
177736478
170875035
56747855
147888894
156064241
163627496
161339351
133998467
47487447
67448465
130017647
145478120
112096383
84303284
63427468
88649947
127491442
122223182
140994422
109120224
69556132
81119682
119651577
145287896
128650062
136675373
81643917
49485264
126563732
142002207
144409320
125668501
110248187
81530739
159194773
156406547
146844744
137157003
58447065
153275269
168694525
176307748
165024837
150935825
76439410
166810858
154509763
172148578
179710638
72241593
189894723
187403957
183412696
161175142
194919069
124021590
133934276
138899720
99056547
96647813
136575652
142405473
152564173
158702751
126027774
68860933
161877108
167339719
159684879
152515206
82682267
82474841
165157462
173606441
187301553
168793231
78023746
170363597
183705530
174270041
169897467
151031117
45028644
161809971
155659886
170292752
173950055
100620395
107894629
140569651
138280106
156756014
77619528
157370971
161254705
166927585
155019839
147988742
71804474
135545366
136976089
135246677
82946554
113482291
130176064
148852066
178106661
132454876
123305202
126666072
136344866
152647827
148148196
140728761
127240813
92289017
122769053
145250908
140244700
125784806
80913237
52189957
98406554
137437030
146490949
136474447
115103060
57448759
54772322
148887734
141054026
149452485
137297503
65772101
136520058
146720286
134963634
137837787
59764052
112666320
149808134
158240664
143156295
133433343
37616165
109622062
116766922
132156292
75344675
48786642
79542246
128439388
148186715
154082523
144471030
72638166
41860581
91373391
129250000
142816572
121648436
73056303
39031558
94439183
154556075
147007464
140557864
111582676
48590039
157609729
156508229
154619117
145765129
93848037
140951580
170485951
173518618
153703284
172374599
44880887
149471442
158256192
167114686
135238659
98182983
152872667
161481823
175817329
160155560
143177207
70425199
125154271
130477551
141365100
69348130
64568410
110395818
123044311
130811270
127174544
113624266
57659615
57264353
90964773
141135098
137672720
134823909
107429553
52780878
79753929
127716392
145590957
140536837
125010264
63261155
39167243
172560680
172502331
163709737
160156246
108455359
182395467
187547870
180883955
194527299
166994377
50890000
120526438
129760887
135916142
59084019
74128738
124428317
123219514
109148083
67755327
38313091
77657824
77610646
87986405
96122049
70993426
105666826
111462527
110557337
54750334
46464650
88227534
93120736
96144036
60769653
93121016
87844148
61722915
36982538
96647107
98262195
87526732
44506441
90213267
96812533
87378943
40508331
105327957
110143722
88014284
38385689
100943865
103404938
83415915
78305927
119780819
114838062
97462931
72287837
91131275
85106243
52606260
60084561
54778631
40613223
37727988
62992585
59477905
65281789
60394868
37656042
63247274
59081013
38347083
39286965
47352646
38521067
38006664
38066254
40996765
38026848
39152398
