39370692
38929816
38667530
59711765
53962802
38783115
67702262
80837632
53196900
65561431
119716197
111076517
104610421
95900828
154014771
159961282
161599670
146209730
37815030
137713762
143193626
156003937
144308705
56634231
95429377
154275034
155398254
164049849
136013927
48516980
155365879
160825181
165916646
179085269
116704742
114478015
139839602
145733574
144475442
97554858
38297053
60851755
71402803
117533968
108039334
117032728
112677418
81714574
59662948
79486445
84308953
98963451
86537024
89433662
46615605
60921599
124459485
120118693
119414779
93120130
51574042
148593504
153267399
145961728
157096239
93400607
38359897
164239712
168788394
157261047
162168388
105954677
181261727
182752784
175830165
168637952
152365141
169833471
161927502
178195812
183417653
159686454
45220148
121211643
151033638
142698337
150970542
80569131
37471117
107349911
123938370
126428701
110744795
61507451
61027557
101217947
108954235
110703437
88261522
65595153
52488546
82338513
79486113
69173407
67992484
93609157
111020925
107360706
69435137
97314755
97268210
121395566
114630021
101556081
52972711
52152429
142826770
151197152
144779068
130046106
60697032
135389673
143246603
170228120
168255575
99494724
37783518
154805657
161854827
170946330
156872058
102318707
92544757
140815659
145704927
141210410
79956020
42020783
77076316
86048442
108602891
109899305
101185796
47854558
53418760
120451990
134188727
117542670
111169321
54784701
38740983
144456433
152753022
159607854
151754508
139107579
57680762
120952137
161017378
157768769
151693915
128599163
41656480
133087690
157241762
151220921
116441219
139490220
119063891
166624296
157704684
146637061
105340808
40280760
181087677
187331687
179803605
158078301
133379593
146508893
160449152
143087494
154738256
38143234
92571112
134341296
125172286
124877568
105843329
59028739
50216862
95511451
94601169
78652473
38766337
53126403
81361664
91477398
88674596
75081283
67107766
52235625
53482089
80516495
104295478
90603587
72869117
52851511
63593283
93477687
93686137
80386407
60133408
65012845
71109415
71449015
67683431
64602281
64983447
71338340
49833107
73159388
97118623
95128045
75190631
56772639
55301079
92956823
109986833
115832694
103004578
57766705
37958297
64181786
60149668
63611345
77561170
91310318
114803202
116429787
84016950
63390519
95957912
122777066
109179424
91147329
56852943
66803461
56950366
74955651
132861064
136623953
144066696
119234410
81709981
161099488
176296272
164303239
160489122
158855712
151340245
155226842
162591409
147744055
156848133
98539231
169088456
158397781
161224587
161960072
98931008
139272538
176980620
167044522
178867440
152064054
38388406
149975839
139641182
162049830
161234449
41455719
129411781
154672412
159216335
131015575
91105074
127442292
153976903
149733120
135786619
80675675
154473669
172389629
158871875
141909881
114341814
127233051
170591790
171398287
160703488
147373473
64861651
155421867
154124995
162886076
165371748
76682230
134628072
159899296
172513163
162208595
150258753
37805898
93059189
139952524
152842641
155917088
71149824
156136931
165882107
179941201
184775978
105310927
120309905
141285178
126148903
148258773
60047540
115525003
163099887
175076529
155272126
143648746
63638197
139067187
154304175
142084439
127128356
84776295
86434731
151163113
150453128
149254419
130516822
78717310
116627643
124808693
134580998
135261120
137635000
67763240
67582752
89113748
105507355
111156599
89276715
94460009
94954110
100957592
125541591
113712355
109257499
93042975
74454792
61000032
78708698
108439364
98099269
88268906
87159490
85701321
62038697
64278074
76475214
86477733
81276465
87994923
109192320
94323442
85500921
96369434
101676209
94027620
82119122
37186480
80106501
120421158
129149167
126304569
108965024
64785750
48413336
96748407
118448097
125065532
111732318
55567176
67901055
126495301
136103287
124326328
122389902
94780114
100949226
104859353
132909949
113375206
110618886
46880297
42086110
130397717
138780753
131242759
111384603
100307747
51114569
119242474
136840166
145969672
111429289
70119926
37547043
68182847
90398973
87497129
60393390
53325245
63770073
100731915
113013822
117360609
108208524
83564637
40429977
66524062
68234941
92559698
123373573
130519518
109021453
99988088
65203758
92327080
137472292
152696461
125267594
114892960
45652313
85022968
145904954
149192268
141485295
131093459
57098954
160384018
155925760
160012721
151318053
135605891
178896390
189891405
190354327
165687077
168053607
95693220
148285664
144295430
144126105
98100870
51913366
94841777
97719677
116944236
90463498
93421545
104423456
101982248
92383111
75819383
70752338
110446563
121786603
109007278
76482911
38772526
86163537
114209901
137141335
130581751
128226014
61908874
155226267
171329276
156657364
153236459
129925016
110600055
145029439
162360615
171737267
150703998
38928025
163524729
164074093
171643512
155949147
111022354
180203021
176294052
171196062
155059004
174317909
160313511
152444525
160398080
153274393
84083324
155084349
162252659
174659818
145069707
101290566
46558553
145536375
132162467
133284047
111986971
98643030
68046512
94208775
112255654
126428427
115802132
117285379
109516680
95672647
82065782
91855095
131419241
143930479
124875545
120789400
66961087
38362481
105161330
135330719
141889297
130296376
112111770
39216954
140613516
154288698
177535859
133824787
160452841
48481308
106258273
145201833
132836915
141361686
93548063
40350374
90974795
112775017
128934446
133263054
121260044
48340270
131666503
145882839
154570526
141423640
59406975
127580231
145629675
146572075
136622717
121420307
37657914
134998434
154477112
160970017
141570626
115260056
37612166
79646837
119223208
137015085
101807781
99697908
40994971
111387266
133598135
143819884
135829710
108742911
44029157
57905994
141665975
149501046
133713479
142519358
81505735
171095030
177181719
159874000
151661311
149230254
79352458
157270514
154434393
161046534
127174950
64578556
103908808
108244588
98226312
71661018
77147988
126719306
143415348
133333659
124277248
124204525
69042649
78134256
135879979
138339351
152060679
120652507
78007934
129280538
145377365
139072254
127719940
110509972
96340827
126633422
149668087
143736060
140998130
110355035
66909066
99073114
135984139
146447256
118626105
81959847
38778259
134737027
149151119
160836105
139264036
122432261
80331412
141838436
132536947
135623793
140122873
128694229
157579387
154251092
159094973
167245235
59023399
85062776
89232566
86981986
101716855
104735920
92348844
72947085
53402626
72638967
75568722
79873609
78899798
110841541
124870178
128225981
109870521
81223759
61623948
115259717
138987713
132004912
130474861
77874662
38395763
126408135
164963546
165557905
147241498
124363337
40216874
178658638
178258801
181247007
176072811
128104240
111429572
162371199
149805187
164487360
144353024
37693343
143805472
148641298
152104809
144571741
78679777
58973482
74626342
124963520
120466331
115745515
80794314
49044930
80685450
142750386
139643367
131114623
109643675
44693204
79456335
137980257
130856032
129740034
97740672
42871279
122013311
135433865
135467039
150191959
123874493
43840774
127281946
154169506
153940111
159334033
95369833
39547851
156633197
167386886
161325271
153990939
124131810
172927715
177999634
169692474
165375578
149738234
130875883
147664782
151289331
173828801
87107321
49677842
97103789
102799404
104697544
103010682
79664348
47354881
92184109
141077253
137578027
132322317
94721584
37409803
79633245
108636568
138820455
122140957
112859175
90702570
73278624
100468591
110595148
118122588
109736960
102482564
90025120
78946279
122124224
135312675
126367099
111812399
88708358
65557951
117394818
150588581
131650202
129025491
72919563
38961949
132995126
165866092
171401176
158602257
125247028
96893478
157533058
142358461
160824862
90840392
62658747
147015046
132740716
139955235
99026809
79214651
153969470
153040096
148270834
138956411
66568534
101977445
145140910
137822274
121331991
80128344
39193668
156703315
149816620
165298993
133990555
63744111
157555462
183428121
176775699
163093840
147889402
125151916
174534033
156698832
182719652
176277313
40900131
161933229
171129844
165227762
167946295
139327013
115854512
160980619
162481007
148585105
104471122
39299613
74925789
81774681
90146705
124473079
119089576
102874989
84806040
67728665
126901264
130875779
130897124
135284264
108416465
71203414
48160723
39947163
91286298
127539598
137689752
127384297
103847779
49971894
103505735
144267077
135942281
110585082
133186242
39063665
128360585
153446167
153821455
144195302
121785663
46366735
134432972
155545167
147775450
153176208
95665097
74637453
160890282
155815589
166577347
171346224
77389969
153883514
162638892
153376017
150924629
89431908
75286634
102663415
103944644
95727687
107679118
74269064
138139984
143723575
129505089
134319752
70881855
49981889
93099064
100027128
107702681
66695791
84225235
108050446
138743409
140136291
126979974
102922579
61187146
122212254
136518233
148495738
168726357
142652958
84486012
37901358
144845607
166169582
178375840
148236965
118019295
105095891
155234229
143670827
154567554
159588823
41593921
100951154
159703039
157193001
157808442
120726458
41664209
46679138
46289737
125629760
121765556
140314460
133754466
116285509
96293972
105121463
109158786
109596066
48196136
58667587
55020070
85221955
85159711
105161964
122543697
119102284
100208953
86767676
48178381
99831080
117006742
121815195
123636733
85222952
54833225
59450077
104119670
121946144
123571163
85661680
72641108
137408204
162645491
152334027
134751813
122552911
88692914
144517049
138568293
138778788
148679920
93137144
36309837
174107770
183740347
191144160
177448670
145647414
43268651
40814707
70109224
145196041
138295446
151563330
139313523
76216387
101717572
105952375
117009557
116624670
101486954
103730899
109910592
134430829
138558333
140954250
132590854
85133876
53268637
86647572
129527492
138690463
135400254
108312458
65881520
98249047
150463637
136852094
134879865
119286068
40114759
149665477
149566864
160844345
144094089
135728301
56747469
103631355
153288363
150469008
168182963
106867932
59186326
145106412
146827720
151357180
131682013
47708731
50691463
44794238
120897971
166797704
157490407
138544595
112620310
38113879
127036506
129348926
150157839
141355877
114178583
79500368
59531443
111134219
139603033
129542857
120022704
96232668
38520207
96259034
137703825
140946063
123611604
118224051
130782136
135083084
137682607
142987653
101827007
70067438
132646421
133377127
115089360
58454972
38233940
119900209
155778213
160746978
144607537
113475797
38275121
136588186
144022868
156710878
120385680
105400693
45645814
75067185
98773514
92225881
77175897
80926789
79441182
74897107
73915831
63425633
59250193
64438885
95540039
89292551
83575804
77075662
91728171
103000089
103385926
117457159
105165916
95054797
75276244
75272900
114042887
122915979
129317458
118827687
87819873
77255253
79340523
120271872
136808269
130969525
104344568
73118469
65660115
107047822
134547301
152652754
146118317
104107306
49916003
104524241
112939424
123383005
114448601
83456523
67602651
77634074
97003149
88670417
54522105
51736843
103627150
130391223
132464966
110821711
86664052
59986053
76890676
94951074
101353578
93152171
60429876
43831291
91609573
111920339
132366260
141112193
125085913
80471667
74799346
126241387
137318769
144012315
118631157
91930756
41990456
102947168
125541005
143644176
136830011
104525340
44731495
70761743
137405826
124819817
142718380
101445158
37939723
94920703
121452114
118994162
107230494
40662258
102700597
119164856
131974590
131303773
119816344
53936400
59321034
133716856
126407624
145509221
115450821
70274531
71007813
107272554
127705547
125442472
114866609
68699849
91200555
143606874
135723343
135607899
110258713
57265670
137534865
165092823
165516487
127950545
158941179
69626356
162800695
161287314
154246311
155283724
78710298
160576602
175684125
163351067
149764945
183190549
78847522
162245449
150240575
155824383
147045511
60614284
102267367
122489386
125469583
99706189
87594850
48875772
106334993
116395108
131159540
82548835
42574665
121499924
150797443
151537209
147364017
94580410
112774052
148726073
138619778
142215338
100335527
100007668
126842493
141316390
137337571
118628841
80514349
69401171
114939861
137952442
127923676
132806676
82589408
48076813
90117166
148341915
145783133
142802994
124837418
54197999
151875732
161064618
158335750
163376690
136472156
145221615
155529712
150911870
144264379
84923440
87272286
117599302
125356947
111015782
109423158
92705427
108100748
112719188
112054042
119246071
67062353
53533457
99396225
116934628
103154710
55336070
75422159
156815853
177463101
170450931
161172359
108498797
99080436
145780670
156675543
159743366
141107837
43220908
56833251
148381807
140623728
147765513
128324588
43158884
144729927
167279875
168274038
146532048
171103074
176969564
180288511
176917284
177582571
184250757
61471238
89152366
72935491
63888928
112780497
144635840
128657280
110719250
87432641
41335564
150994391
174862101
158817059
167764464
133381600
62900315
111757883
119810887
121843407
131504387
90333121
42114923
83268141
165159927
146575266
138276543
165541967
72129484
56463619
105431520
133317995
131822934
143594897
90611581
114460426
148792348
160418678
148565008
132564045
55035261
128204822
147551369
157370633
150109964
129703100
72553447
124220220
131154200
127783882
110911491
85017615
87697661
44499486
83227544
95773910
91688446
68116565
38097511
71345087
95615923
107598290
101103708
129712964
118383837
107180094
73403433
121031276
157941304
150555204
144664379
129974092
37675328
84590488
156540977
144932783
161244675
110480468
40783193
122002178
166997157
161870418
162314766
119646813
76328996
168484135
161982831
166655842
178781975
67749080
171385051
183281791
171477320
180221797
157188532
156140961
167489881
170873212
164656275
99870309
55683130
62545236
73195866
74115974
75229511
63316556
82494607
87060387
97157061
89530367
95071175
94762281
90213259
48979872
52196385
49230406
140552428
141093541
138604613
130172513
89112878
153597386
170617142
165423513
166101570
150051567
58613844
76883121
156962198
150541717
170113839
143050016
71416111
166047944
167995107
183972355
162478578
146791957
143932003
171448553
172280368
172576500
179216869
41363706
72356993
74757129
71192583
73526754
53969987
48909001
89382450
111306958
113603424
95669338
84361395
86463121
76853856
70185371
75175838
70703605
63512764
95893636
96914849
75201544
58385214
75356067
94619749
87604610
84375941
89795158
89614059
117929141
119851253
125350729
120370981
97262520
105913413
141166740
146819385
148210411
125200413
71091193
59684556
144261562
151732699
157518368
152726838
105632786
39484282
111704725
153954730
154052997
136357329
115171129
37468039
92960933
106625607
119902083
88015593
110450764
38027749
142774975
163411891
140560249
155524263
70442887
100343209
143036468
161868172
157132113
128333384
40424259
168762525
177165676
178837399
155199206
118832480
190266792
167654950
186499730
193744849
205714224
187194739
177816631
186462335
184003233
201468559
178349365
182034009
190636145
187786411
192260928
194718212
189035872
193420732
183064026
195053656
80169972
84867674
87913695
108606512
115331246
67727234
136594737
139569862
147632957
161699474
143550793
76074238
76726160
100170133
108635084
132900341
116936622
105065952
60387016
58831441
89927127
121393411
136473388
123632502
103033443
68144220
81048124
84928838
95205456
103229207
104440700
80495799
83772170
87563581
84409393
69825453
58425784
53851606
72988380
69081498
63949323
62476794
85136341
93415106
83787118
71780682
69553180
97913651
115562805
114608262
83035209
40295469
49754234
61973240
81064998
123505860
122477441
123351780
102808698
69333454
38616572
99432476
107986746
106360912
109405501
77880275
37832720
44619515
87769884
100706666
101371264
79297868
39274426
41107396
87037296
123006430
125808112
114213780
91056081
90164013
137393992
135793730
118344536
133143195
51940721
40924772
123608476
128771720
136599726
132558334
103159100
87186912
153430660
157188829
146780014
146812427
93980919
51692659
153441340
145872448
153844130
142445311
89193019
38710489
91206004
148610432
156176918
151203942
142625581
53992974
165635116
154854656
156464386
166312181
112964324
38207382
122379488
132181194
121935656
126736661
38960319
134116090
145533258
156875818
130994102
139477505
37672561
143235882
143619411
165055763
157106984
98700414
94271142
161518142
156686380
156862954
149185659
38087841
111704376
161018970
155705688
156870299
110281370
138696803
176880688
167936742
162078722
163788613
40516814
160363417
183513293
190052136
181933410
197974024
178218375
189311962
187498697
187800865
197158872
184289814
183400672
180007373
193964333
175326907
108483316
151548741
143158677
152160727
153570396
37774212
122757073
165720001
146958104
176155345
172460852
38294648
168966244
165439669
166098166
178007921
108574135
187256557
182847807
195514946
199368066
190797906
41453209
155785289
163639309
169245327
124438619
137970592
101042281
153830189
153783715
137526420
146908617
44123444
130028889
143496349
159443976
155656207
123920763
75421894
120852638
132025154
131307694
135571043
106145286
106766970
130804856
148637236
140515481
151857302
77927158
49959476
112797875
140699321
167815869
136330288
112679312
110493285
134715208
144325248
151595492
110412874
147877965
161874600
161872275
152834452
136692782
38133348
99634601
141834615
147679715
149799026
168041678
47782568
144515608
150908501
148894413
137840880
86636698
165409403
180092478
165779629
162037391
136424965
39142670
148675697
152348258
150304882
157855504
122047812
70698296
137788924
150753185
158350680
148469249
37805590
174635337
177336038
168936313
174167240
136883158
192096798
184360164
184854254
182201655
169835267
176114190
184307810
185441258
185325105
194910375
38248889
151245597
153424117
164228255
182807537
120011280
71648803
164164324
149618694
165910927
158645896
69611902
101698403
138805759
150723672
135789862
126335994
41728547
38052020
147833107
160245931
167373106
142138379
102851885
182387595
190179189
191681710
172164627
163770154
147725565
171883912
168637494
174378253
182081686
36786055
164875410
174171231
187014511
178805944
127999381
163498970
162480989
176790093
174223895
97224636
56424044
49683187
97168009
101591061
96962986
76579940
55409331
45839473
107506346
123799348
130523830
119695962
105828048
80800118
116619618
124187695
127190537
96348843
87089950
66454901
104953844
101289987
114849153
114731968
110119438
101325213
100061185
57286098
95042886
129385193
130229611
118940440
93095886
55657895
113030955
139125776
156577155
137388428
122147515
37673778
38949909
140909179
154352976
158381726
148050852
114920195
69147104
93420209
78983088
38468788
78053248
129371123
149724975
149550810
137519074
77593852
43858799
152729251
149471269
162378926
142076384
110131708
128514334
151538471
138696576
144631758
62425001
97897455
143599126
160865861
146887874
137242765
41689562
159598895
171185044
185883819
179242593
151044635
107391443
154873097
162156626
151479883
156557447
41345777
184970789
183292327
186553430
196259704
148451838
120434570
126102011
138954141
99406350
67429703
56992554
126446659
117404187
119011084
90096185
68341673
119941773
138792343
150210339
133068944
73821516
38664281
143159091
159562706
155664948
139392447
88377830
125824955
158274826
152083869
137916524
147131827
41577994
126838683
146533894
163308179
154708577
98601809
40863274
178147469
176306671
166153170
169708000
119242528
182867579
189385523
160593126
190354831
193526009
41422227
121106005
133188270
143122072
76767697
37647797
48869863
71625945
116695211
102961214
101085772
42501063
150064629
153780415
182722496
143716363
174537624
48647188
91243631
119169873
125381383
116657285
84840115
53950916
57981972
147661322
149412030
144877736
142328039
85694209
67118164
135904714
143224840
129913260
132420476
44908560
82121458
149892454
153518515
140831119
100982942
40467011
135125759
166187426
164332202
158620933
133842145
41585871
88269948
86910861
86165784
93121566
78268653
59108104
105267464
124272286
99293068
62487262
70671731
138613296
142347567
151589320
114932846
73552181
102324711
148231942
144416105
142687392
122930420
41773319
161559387
162079915
162847047
161415121
136333027
43427829
140027048
144269141
162096428
157713884
132460336
97014924
167112039
160063522
162079858
163302074
51552113
141674808
168861595
159765130
178532722
147975521
156469289
172790787
168957290
160627326
113922382
101243711
127005140
127685450
105153802
106954113
80596272
123285485
148254258
159594209
162754636
154774056
108895366
114648788
136188665
150188470
133724182
109842160
116208987
111170850
116417387
110085227
114499339
112661213
112680995
99355650
109124004
107159231
108342736
110018278
103587619
116647851
111495822
100263414
107613424
97734295
108657984
116318905
123097793
115253435
116019215
106022556
133355011
130133641
117146306
85106249
153010851
168458453
169580654
152861237
148034331
39480291
38286900
39351323
116252491
134837252
140569356
121843884
107555790
87385926
124738062
134070417
121520974
79552088
52766301
51525220
88838932
84845494
119309806
121755307
111780488
75818082
58510102
92388581
126998601
132006790
115013230
113200268
37819314
67573864
144259619
153297486
138393099
142827982
73454741
120563445
141732771
148981320
150774976
110200221
38685048
64750067
63114144
87960513
104175366
97890582
65436752
37809097
63125880
103662947
101793288
84892975
43119233
80527312
113088524
112322360
123091453
118133912
104307092
92171419
106054767
121080008
121512676
106225459
86932335
59208720
94281561
125145480
139248066
140016821
119535427
56312242
129993505
150558974
148077901
169045420
126044053
38918269
100670621
160537976
154719552
163155639
136276981
53727141
175795430
191302721
174075850
159255008
140633133
40848127
133494036
138185690
152373583
124344378
93540846
66721652
118128384
123338659
106024618
73705602
85902867
97054831
89627919
73605207
76812066
121102348
132964422
133233844
116944098
93074172
61845611
92067664
129052893
127078781
116518455
73359978
82819023
137640065
157642166
148308058
138007072
62312555
171541384
178516975
172363658
159975981
194038846
182611248
176281169
168257643
166062518
141178851
129029033
161443038
173569730
173941460
172347249
38330924
141994323
140993012
145580280
109508098
93876683
70248325
117219212
124718014
115464518
95360924
142056931
144687796
151604569
144025092
118196367
102614592
124680864
116951553
122169181
132671827
168919084
172563378
155715164
175593011
128602318
105018599
121792807
143813932
126731444
119368941
83675751
72459186
117417315
128387494
129865983
103435550
82363161
143617159
144360498
126894339
110006048
75643163
64397426
94175793
121838088
165969727
136708013
112185542
90978125
72700687
87131948
119632256
124794021
100467214
82990754
91170853
93001766
85389451
67234654
53368919
129194088
141069977
149927957
135213764
108683181
39085460
129097095
150399397
140638214
167448137
113365572
52580629
136128742
155182779
154028520
152113208
99674947
37663880
122448575
150080647
163587736
168564404
113393701
38864683
175147468
169299407
157621049
178825409
126322033
122210183
168184281
172459794
173601150
157167137
41572214
124850347
148049517
145289971
129751254
101941355
54857352
66648178
73052960
67953096
46287543
77141408
136000657
155583470
144359966
119210461
70171882
63402560
115949985
129290330
135573294
118587804
84112351
59023076
88813201
125414116
128712489
122965592
108204096
63520091
48100272
128087709
144831959
137412879
121982628
90891393
111024368
149328779
151461723
135185980
137786411
37635994
92538809
148950869
155632416
147337415
135070747
49834379
126268194
159369989
150687732
135868107
111667841
56985289
113543220
146627504
145252452
138863131
82881534
37153004
94064368
110879947
98329628
88824651
55264369
67426071
128675556
146533441
129251479
102041854
74811751
135307187
152030920
149459426
128432027
70247882
124862853
161290017
165375825
150419844
159497631
40833931
163911066
163192519
174862239
172392289
117803220
156754577
173371916
179526411
181277981
167176927
89076337
145339097
154949265
150245678
116766034
58562157
123113419
146517254
144925830
142627831
95236303
53474007
63466534
55829142
69719190
97611309
83925290
102003976
128601353
123541029
101787345
91530552
69243113
90851624
89132573
85952143
87160915
104571334
113076000
108981808
104789503
111841703
108860854
112845609
126191678
113347462
109560749
82464673
101949541
118351024
112815129
116869190
107580629
77598395
38808733
121136713
143286248
138566563
135877901
76860280
37705568
100629179
125082181
133830685
131780846
115120363
53323884
105562779
154579724
152739252
142264176
130458430
41376537
72826722
76746135
67574286
80366661
86576373
100561254
87974237
88484383
102527163
137409466
96806239
71130364
64644533
144386763
171615213
136761606
150802280
99522812
45480486
133577706
144063422
148875734
136610331
112447553
60858635
126338386
144391397
150455928
144681266
82580209
40556723
161986067
161889732
188655538
165736175
115536923
140811927
148664393
148583334
135455873
62406511
157728761
163558814
160796590
172173962
97202750
55907018
47547086
146183742
166336234
152639249
145075017
108750786
150894190
152465557
156212119
153519182
150761085
42159301
142322121
164467183
148845269
158972666
119680134
127656273
158787643
161391594
145762993
155599009
41693257
150277541
163439271
168860877
175058391
123302350
116469425
173913431
163509688
177794745
157884514
39101557
143666005
146442463
138644855
97933055
112745148
97009170
136637868
131604119
137006606
93489377
93105711
124994079
167378521
149013686
149404719
104970316
56913319
148995977
170799459
176318235
159078329
131010410
156336664
166360049
184774799
172237320
156733238
57715990
168265579
167200456
154178301
167621589
136036580
157124240
158543989
176630880
159021590
181266674
104931408
150346034
164946642
171237725
167297265
184466923
194704096
183103787
180289395
198853925
177113024
188434102
195168479
186358138
192713732
63289288
62326038
54464730
126803272
138387648
147269512
118796739
60603191
116625462
142922191
147086550
129338056
164761824
104196642
161013831
156659529
145003460
157410580
46408492
37971653
153188830
157598556
171855071
155398594
98295958
184360050
181035141
198432798
167516604
188911513
170678219
167535159
161690398
171202155
101794723
169714023
177869793
190222228
177356610
173763513
180878850
177963748
174097905
180275133
173491769
95226776
92251272
141837252
159260026
158457756
129721700
83434014
140919394
158130795
156967048
143411977
126850108
138072084
153264084
158860738
146682277
147606148
44654990
116487530
153577462
143096543
158714248
116221036
44867883
175054397
176425737
164306360
164792486
117676191
144598621
169861248
162921811
152673031
101526035
37973958
164126969
176714823
189075908
163707003
115526785
161410812
167189409
162942768
164436250
109159418
37868864
106555288
149289727
165614299
167858920
128160886
38373044
169477689
171853425
184182016
165259698
137860255
195516404
196223694
176941553
187778115
170513291
72628325
168655685
166499153
170561213
178218451
76114908
135928496
167112627
167501354
160716143
170527023
159259071
156672323
167102009
164238679
100950885
156831065
169388425
166480597
172221520
164736264
90824469
150887271
146267538
159782713
152977019
85996813
75510683
138109889
150277022
146099555
131034485
112219232
161784754
176112822
168541771
144066032
161434065
38072582
164641371
175735328
181168609
170184825
141284033
164110787
174673256
172014140
160793269
146562992
110697768
167383523
166075209
171539172
167404957
38070187
109369115
139633465
143708405
129582001
84608828
45739017
132465962
126845225
115829488
136830181
41627246
90802797
134495684
139956174
133568244
50884693
47830533
46896079
80260457
112278523
108524366
75582685
41214088
55956448
96964597
130190799
126940144
125278051
107146068
64124986
100896444
138968461
138212324
124875156
114356223
39182717
76753972
141120487
146995754
134984880
111023653
38088782
87683292
136280167
153300763
157134128
130496562
38892515
105156988
118714371
137227233
102341256
61343454
50740669
81018404
115013931
121084062
119396800
115793082
92942873
88900597
99086494
97587894
93491152
64122388
39341577
45914488
67578656
96271864
100756320
100186894
69287521
54983015
95204919
116865668
140345236
121964202
102677708
52147941
89146709
150850030
148784882
145542378
129109107
41976672
153248328
175508329
162033551
187044687
142769035
92195864
175958209
163683351
182823782
182968998
98371940
148181778
154383574
155991107
147280609
104012544
111508347
146464257
147030743
119918155
149709741
65710949
111556073
140259767
141391748
133717637
73341144
68274379
89049667
103472827
115035995
119970625
106749887
93043055
77206735
114220820
135556308
122967374
120929710
95904148
71439814
90351309
173915621
151014218
166781079
138986517
92926835
112451623
154470422
151466214
130780708
139567750
38609648
163016457
156438393
176783691
170228595
122892765
38949714
151323439
150478220
159294578
107628585
143586404
152109833
166559580
186566420
146401303
156792398
139871180
150538487
158249314
149510517
147169734
119007234
143433891
129308632
127994086
107277464
98640649
120311901
162694949
146220046
134773044
113691166
72647593
99569308
135528346
141052153
129717117
119180017
42354120
103823231
154365524
151584181
143925219
136465453
39202868
113611218
166953898
160137838
173373232
137793925
38429048
142583401
133839950
147121999
127162892
97774102
123288812
135244660
139104269
139757628
90224414
37827577
139996389
152303712
141279879
122013354
103121438
57627060
55222842
93314709
136648128
148779138
138804811
116733074
48519684
124613444
149732580
157359543
138941777
93089314
172993809
157708236
181147279
178509277
170673976
78090548
169550315
173234292
176722161
177203037
68823366
167941059
184872592
184161891
189610311
165027917
119834862
146932812
160890725
149738154
89171331
40058662
104878474
122284842
132148540
110825129
80705305
161427622
165044241
163492370
142899197
144561044
59722453
83105607
114954106
135501060
128543706
116594312
87192620
74081447
112866387
142144488
142154224
128585447
77627195
43378851
160250955
174760670
175807350
142487081
143063686
167696486
158121237
177860853
155351903
173722598
152070955
155498705
181611595
178377310
183258673
161641088
154863416
168372346
168876462
104337368
89017126
148242743
147685850
146198417
117037694
72505612
81482452
144560403
133528904
127786307
94439757
79537830
124791645
134705662
135897443
103366578
64412748
86472735
139156282
140110924
139700473
152104187
61306446
96972825
142231349
141731162
147868989
138382656
48337903
44089446
110950634
125202398
130576162
113662364
37178657
79122730
126940910
129759090
128302122
118470789
58299019
64918540
91195185
87093018
71317218
51013533
102276327
100584694
88783588
75002416
109498514
113874867
125097872
117469800
66432407
125074360
139182014
165704055
148750789
167245574
105202773
42603140
133028152
150468579
150134763
147687231
104447961
149031109
160443180
162557697
140969172
158612381
50757636
107156714
153328153
152900723
154010370
110858457
49463418
171108789
165741976
187013605
152761381
135429238
176172054
168430875
181366859
174376355
166785824
162373099
171985881
166812413
153897684
86170470
116621673
135195028
139010047
135081116
74135424
93573412
147028592
140085005
128264631
105350383
55818833
108249882
122677448
128208673
122564587
108258986
99706938
89859674
119138336
128190368
116204985
111064711
76537947
81780126
127931606
138448113
115200980
134955648
78712998
55566310
81524658
126251903
133155482
129633478
116718912
71548880
110819029
131183910
158602186
149466428
156395359
102667222
50807116
73788052
117024382
129642622
134208228
144875125
115623455
98595116
77661996
58881107
89807660
109073703
134243249
138926305
122811732
88875212
43282038
161476298
167419634
163308227
149511672
122789125
122182908
138316906
139463031
124597870
92446239
69625645
120492548
142162951
132834523
137700579
69356951
38601464
116910800
158392707
156908471
144301356
114273402
36920795
151347776
163094687
168706724
150006671
127865013
129258650
158133119
168216068
148753580
177266162
42677875
162994803
168340733
164861150
147531534
105839138
118473172
149020831
145617032
137831504
114343765
128473629
167198844
161172954
161664414
151342289
101723946
139389288
150935654
131727210
95925632
42461726
133538178
149539930
144428976
157018491
117626894
49995277
108213935
157752756
152967351
144384316
116788247
53141989
164308071
168724495
186037315
142905307
166751225
176154256
181735707
170177687
174003690
161757053
119435527
150536171
156571617
155550681
85174792
105174984
136562614
128443956
123113824
69739978
40482218
81771214
99009867
108245121
105101948
112600230
94777078
79079184
70436587
58294880
74835156
80578755
105911426
107221414
115180779
98121176
73070876
90205954
132832270
131484490
127875744
116231961
73565592
92335336
128073644
133231919
133292669
114988831
53481749
38080092
111851771
145448944
157204296
130095765
105319478
38199491
171498746
167552733
167376103
168428933
125806123
162229577
162208553
157319350
156181639
81076625
116443741
140672176
151018411
149354775
120351990
99679538
52046591
107537421
110307500
107621732
96919273
54598285
61215703
113683618
126780038
119656591
123629624
103470204
79825715
100181389
146141209
151023022
139642069
120609797
59327653
86871086
193773058
177948255
163711506
163795870
85378091
39074058
162018632
166555607
168871914
159053255
124911044
115499070
166017470
164599632
162408873
144917982
162025907
178236610
174824088
170663123
148548423
173791393
157199830
172708968
180889485
103124633
140689813
151128052
155989883
136353197
116577780
52993148
127907102
148166926
159206108
135204511
89267184
38522828
156226125
154327428
166719278
142094163
112927433
129715095
165233002
147953105
165179775
138403392
42053485
166631899
160060395
166553615
159072130
114329399
162430274
171787894
172736887
166275037
168997153
151032872
159295956
157780766
155389409
84634289
92240150
121449771
125810622
131060158
87860324
134940168
148495741
147529503
162676672
135670952
48286550
95052655
101036883
96059461
60925190
52580538
89769089
120172877
125170534
123389979
100742972
91183065
100006098
121241775
134480256
124712205
99841806
62690838
61030989
127679953
133880107
130208791
143301553
80718858
70078465
106207038
145749930
147304705
136759596
103425290
60572752
154677379
165349175
154091810
137913199
120417179
46873435
91033789
115178534
118421131
118625098
109621494
66974964
73480870
111687778
127213345
134154292
119019002
90378577
54732739
38838038
57666008
165567568
184054205
151904975
177758398
101363551
154557449
164289669
164690617
163503197
145850348
108561043
153067354
144684741
154139523
149789714
37904191
132927853
158333632
161282638
168805734
139574262
43123004
176494094
184327153
177241109
189564036
149748181
170220942
192567921
186283244
178629985
197177748
157799270
162013356
156002634
162310665
74363403
92941632
128197785
133037230
114860636
103444572
91074560
136437523
153023229
154398208
111059200
53528997
140691495
138584024
149398450
139167634
103449044
72786884
144912610
140257290
138689248
96406594
37770199
192798794
192737414
181033707
197375402
172275930
108187079
151141341
157391235
166531475
169664246
49332629
150077478
157696199
171237695
137768760
128449776
110236053
116119489
108954814
83336793
61530461
52770128
63015667
109727553
112338748
103706851
56599205
43268346
76540359
111423204
99486537
84681899
39922576
114436183
120844082
128714386
119770353
97041678
72398237
99414233
164425884
141658324
168428857
122405988
80379357
126380359
145019189
145197289
141207607
126294938
85377255
145595008
154878717
156876727
158373159
67458223
116522194
142424521
148916793
141323047
124022940
40802034
64604450
150392482
152237937
172686739
128719912
84388594
37751806
37284037
106392398
126229555
117818715
84130307
41749816
110312430
125019605
113156828
97069864
51574026
83298592
140048452
137935908
147731409
135463963
63499707
95952090
118295200
146600423
144663444
123961242
61538249
43914008
112240147
133339878
147324370
119005407
99597493
40468493
141710473
154638834
161389599
158806258
114331823
92837751
161342438
155865422
152806669
162032995
51687992
147002555
157852525
150992777
169124445
92513945
56108926
53595463
118486728
137596428
136976016
100011985
85086520
82028532
100604225
103275639
118089670
130073435
118001139
92719470
88745088
52708470
100881428
124823271
135164153
118600227
110273875
57548018
96016834
120436978
136715273
128895918
103976145
61448672
41936797
117884204
134146500
159644829
145383869
115574162
58581424
130485116
142189051
152048557
136990673
89944859
87700237
137354806
123234350
139116773
145353185
144837690
148534531
151683515
148103520
158630222
38320021
38290587
186708116
180347702
194733872
178132592
157086635
37757204
88131405
138305041
141485980
146674082
80657021
39454186
141129522
160887746
155785185
152817678
115476546
78899964
152791889
177345228
176263564
154127836
65174950
175345178
184303921
170410740
181980007
166324253
162921730
170381998
177490775
174962052
177303820
124624711
158772306
144783375
161421013
87668265
38598010
146182025
149634656
154511439
129917758
38657758
55091545
96947103
148566505
154691841
136241881
70207761
143304856
170488887
153864387
170644158
143129617
44832106
160688551
169660673
182067549
171396011
113555060
140653675
163360582
172872370
154708836
178782348
40904298
168939809
177834293
178598923
180189685
115478445
183297022
177725202
178392893
166866653
193067886
166602393
165141802
156770308
170930491
97594848
170844263
170625569
171629457
164748240
103952841
49880932
61491615
111070078
144474281
144138237
138167904
102650113
37623925
136212805
134346619
142892535
155161830
116814047
75968132
144115432
145129230
134199961
131854921
52668596
129321745
151290670
143229921
166495086
99464637
39378868
142987073
159383499
152964330
144683973
111672354
129257778
170193721
165918174
158213663
160916587
41939142
84289012
96625660
111405154
114914614
86053333
38151371
138264037
136846587
138962032
123170876
95198784
38817420
40534578
70891425
152450246
152958164
140166930
133469461
73809424
96265537
148334101
145050083
145713482
129428281
42113673
157151592
158012153
164070580
153718555
144094486
170364597
174447955
166895011
171142820
160097590
145364406
167592026
163972303
157836136
162911819
40983864
167413155
157958500
165772041
160907535
101860554
184885986
177725007
190861904
179570480
145862353
152028966
167380548
179014302
162805778
178107780
112482041
116933294
144454419
137284985
155595272
114065393
54372553
133442353
142309316
161952380
152914411
137131925
56061867
114252814
146678586
140456536
133850625
106748807
39553347
134883167
154717108
148096097
159058605
120327749
43521495
103848071
143726829
131097211
143623167
100012963
37332462
151751092
169954284
171302280
141359791
113177305
163665235
163607151
162819070
167258662
125696361
127805381
149655718
150744543
151001467
82012656
56156408
108481338
152489010
139959210
134056557
108743345
51900645
113544553
153481825
146170949
144201216
122282247
37856055
98571399
155208588
143487429
143853954
122876498
45864547
149973407
158584111
156601098
164924106
139619883
135479495
182968699
178353267
171119663
168671621
72711024
138051404
156227696
156429331
157322250
111509196
76909896
157820233
155269375
154328683
141806306
68110971
92399168
155113123
154592863
143297412
102759390
96417761
108038033
126734708
135002733
122429045
120059178
86234492
38439483
140345084
154912128
139822792
145199755
108291000
91614488
129521055
161678043
150696886
159414315
82271400
37916052
142462109
159666759
175131494
157584669
124343694
78885080
149563437
151773419
150951512
155680927
63205192
100910470
142426734
128137240
135916712
79762905
56974954
105650545
133050839
132279831
113549398
97283545
50187715
112458111
124391756
121060569
113138445
56737676
38632262
115208962
137273742
152048217
128865862
107507182
53761118
144079129
152119848
139281470
115240042
88686699
74398736
143274142
155318601
136329306
99110619
56851192
146079624
143438773
142479155
136695513
84892115
75864983
123543001
137380322
136770567
97553239
39960618
120483836
130869746
132712112
129480448
132271085
58269447
64803178
63683182
82238080
113534496
142986232
136806228
119057974
66358218
89088898
105190325
101770140
48646642
70151128
95615803
85717331
103996189
123843254
131308799
117139758
103109628
72254749
88708736
112110979
145241578
139298966
116771794
72474902
39123915
105369935
150361612
133898527
156890816
111444849
42262521
99050168
141817923
160139647
161251822
127394743
43869779
165771520
185235805
187394427
182855740
149026723
161178103
171455283
173933889
157188562
138683350
127825575
153799503
149911678
148765900
134551765
40830268
53879048
50807428
131010725
125294977
131507367
108525897
60076297
89201859
134466434
136870445
127313179
127140203
73916393
57047281
150914526
149160140
150090117
144529759
102166020
53417322
145941597
144315994
145646356
136428822
91826634
128177101
156310222
161337931
140277816
161875010
106576432
159614532
138546367
164308399
154800528
52246125
40346558
153771455
160118876
164858876
140593299
99576977
73395019
149230504
148597833
143801356
135992256
67949434
129890189
137008035
142021998
120396059
47026721
37885525
89643258
125285363
126758169
116682543
107043877
68178615
82967223
94495842
109967386
99799576
89005204
91827781
88866469
83828148
74454946
85028653
105881522
119866567
82073855
41305803
98470831
154623295
151723685
132936503
111480991
38256539
156904137
161827362
163517320
163881499
113319491
145051126
150714887
161125979
143371949
78426313
91713804
130274859
149116738
140439105
73025722
119951096
126312252
123050079
106768869
89730800
44898557
94246283
141554474
135756574
143081828
110830542
55533510
120636659
140637496
146011111
140307805
121514394
64678266
144502716
162724608
163905735
156401607
93326501
38079190
152817718
158733176
143492471
160041661
88992911
168875848
176720260
177224856
178597882
153892991
150066528
167203310
170422362
164872098
130629074
118189767
160536349
158673250
146577578
134470721
38804492
97764978
109808754
106891614
70877301
41446040
143726966
143098564
154454304
149499296
119236995
53396146
108487893
142016909
157471673
147456249
100023480
46740596
151060267
168771812
174888956
168012599
138327996
160402059
180211200
181374824
178039511
174097274
151758777
173237763
178483239
161211039
161779341
38484348
154128804
164724857
160561619
166141821
106092460
156629738
168118432
170618915
161122469
108766023
133519117
151730047
171221389
137688394
107271991
121515439
163222014
153037310
163020708
151065013
37800783
119575402
147692728
172943033
167133762
124801197
42063894
165263568
173609046
174637844
156691817
122987626
186153994
191237603
178088257
187573389
191701910
116190155
162317754
160829336
146063002
152148012
38541008
175239377
169120386
179603994
177504454
139713512
88956836
144294855
168779051
165189984
149875529
54961362
76324049
111594027
116003637
94829778
67649939
37967653
149242508
159246685
175852452
161146717
136163605
61118083
57855886
124086851
123997082
128295309
109983006
86232761
118265904
142914761
148646291
127205922
106023976
72874457
128880334
172397452
168077007
165551547
157876012
115333093
97562826
138299559
139314217
142961638
106496572
93648085
68489273
99402056
97632807
89850292
129076600
120832762
121048253
100177319
53731741
57282857
95071260
127546904
126500127
108421669
85222029
52604003
79208341
105005207
111881435
102607581
73581593
38592272
127993221
132871662
135854097
116438465
94968998
98848596
160729927
158866970
150389042
147623254
49549939
158762251
161714591
175075765
171380134
145662122
162576899
195624191
189017415
178484497
195603830
84419817
137651977
154773705
171104751
168842509
141784507
164433049
157073852
152216063
171451235
43298380
137464979
153982107
163448327
133420437
114452900
108758731
119106196
124031395
120844807
92637480
52035327
64132696
137327556
141963111
144661134
112929703
54193334
122454981
173250855
157037902
162872157
145947837
39023372
156459166
151931363
171272400
174984382
105915694
176483563
178525856
174771467
159051643
168375798
112769299
165151250
172738393
163096866
176394543
37796228
161626876
181894929
176588758
190756968
104346066
116651414
154920004
146206615
147221080
93871775
41180845
57442364
71469264
102358549
106216610
117038201
104655820
83764478
74665822
76580278
95012598
119343233
124139438
98856223
75726432
132055056
150463603
144546739
141017358
121036932
95368415
164634900
150240659
149982535
150421200
98158430
55644058
90428469
148034189
146154677
144406471
130465730
51757316
137655221
158426431
156460310
153517353
133890204
91967467
133298039
134082150
128843804
74779255
53039968
132710697
148175385
156729220
142643764
120370174
53522621
76144634
115242515
146393007
138073116
119757734
94325463
46748389
107160728
148756944
146531399
127037152
110361085
44686715
60432439
145593989
133521871
160307884
125029553
64824719
102460227
166533114
155864857
152399532
140852389
41277378
146392535
161286312
167637238
167763468
121428049
107039542
163940627
159587324
146610191
160476042
178861293
187582396
205874324
200251520
187065847
104852391
139373212
144709892
164114847
85078600
73114799
116342304
133482175
128708712
136063614
91804772
45939457
115280858
155736625
145662765
177024937
128876752
41205718
101452553
149977329
157261211
170820502
148387254
53619297
180892653
192235833
196647917
183478383
148057485
166020455
169054528
164372155
180216854
174303712
103336661
150942256
175924732
177884389
171058987
56927341
147992928
156179568
163728513
161480603
134080306
47881626
67799466
130101767
145884757
112311523
84442609
63588226
88808763
127556797
122295710
141074443
109196335
73461824
81186065
119721556
145364442
136605144
136895494
81770247
49636186
126648534
142128083
144543693
125744402
110318385
81611898
159330117
156482130
146916903
137228804
58538709
153367692
168766622
176441223
165134669
151077519
76751792
166977161
154576637
172231093
179850055
72328859
190033186
187519554
183594744
161247777
195043266
124190898
134067386
139083548
99200534
96768921
137033512
142503456
152687392
158784461
126151557
68952463
162416295
167472833
159796833
152914592
82757128
82623810
165289536
173670396
187788079
169314910
78163756
170478036
183985063
174342145
169994907
151144132
45120372
161892856
155777756
170406167
174016986
100717820
108010781
140636158
138354476
157071316
77686109
157516396
161573831
167056848
155141153
148103983
71927523
135625818
137098355
138843017
83112677
113568134
130251282
149006356
178493621
132545051
123429680
126917390
136464660
152706949
148216956
140875864
127350562
92412012
122840172
145393729
140312034
125901392
80976703
52273505
98524819
137576705
146721637
136552176
115168098
57515424
54856729
149024902
141122991
149552489
137422555
65848515
136695174
146845461
135034468
137974984
59885274
112816030
149874326
158316514
143281860
133569470
37676721
109873942
116895275
132754491
75478227
48912899
79634026
128510793
148324750
154590269
144725020
72749765
41922245
91441178
129318705
142946183
121760488
73218989
39181285
94557654
154693046
147079686
140678044
111696793
48673564
157685434
156637398
162045171
145840622
93921468
141059043
170553271
173652410
153791914
172669068
45098826
149627951
158387533
167690957
135321572
98399109
153016455
161596127
175944179
160305649
143243115
70574551
125285544
130545659
141641333
69492676
64702461
110515309
123157878
130963102
127279594
113737362
57773226
57378884
91075649
141256434
137738041
134947584
107492294
52846455
79811772
127781793
156473530
140671598
125127274
63400469
39331320
172672487
172608841
163828318
160395020
108582695
182468258
187687845
180991594
194615209
167106367
50995339
120593095
129951095
136176173
59221147
74273358
124570265
123336592
109257000
67879196
38466962
77803419
77676101
88213854
96238947
71067720
105787826
117166549
110710020
54989305
46578006
88346300
93234757
96437469
60839949
93267453
87950578
61792618
37050946
96783677
98371692
87878887
44613110
90297647
96882816
87508020
40601157
109366110
110289945
88099425
38459085
101088106
103482537
83494608
78456725
119853518
114971821
97588805
72445164
91280368
85191464
52701279
60254795
54851299
40696954
37835521
63130609
59628008
65441592
60485096
37756811
63377666
59209395
38544289
39492002
47879379
38695532
38107044
38195101
41278542
38148937
39331813
