41594336
38898833
41093596
41951114
41854049
75058761
92676603
69871877
137693262
139300417
123115229
131564334
49784054
144620103
155250877
171953133
158075058
135491250
91636265
166265474
159169667
158683052
148106596
49379162
130651126
156987502
156986060
153655777
93134258
38136106
145532722
150518968
171129824
143362943
112227600
136440013
157790571
152897795
136333410
93515345
64738080
98951335
91329235
99615636
98827858
87463485
50375751
70515299
101790732
103336716
104597178
112580131
98439706
82154600
60857176
77653645
113106038
133877989
108409621
46120078
134761059
169480390
185313321
162139131
133550666
39432363
113979197
148751046
142507301
151571709
102691360
39599699
164843964
180165567
181551124
188083410
137432684
147043166
177005496
176041238
165360633
161865948
79160445
133682887
150961815
145258255
108768574
64999733
104672456
137570935
146061419
115518272
74096866
74559880
120029151
155092269
141365306
143405506
103647658
54241638
81998929
96147545
101367732
109244731
112933609
103767765
109797522
101321565
78766122
68829382
126438312
138550222
127955410
108877355
61602714
116749473
143023438
147383377
136269321
119375341
44593778
138604124
164732764
158693549
152084397
101714933
37781714
131546260
160763050
166266636
130744657
113302811
114911636
142294479
148336540
123740076
65625080
122624826
123492705
132551159
133423620
119896110
79527626
51984490
92713837
114857449
119947210
108241221
92855887
62065185
46148583
81115876
141022446
140229094
124058205
125993787
101627234
169466424
184608765
180808508
188632928
65820848
156120732
162644359
161038337
153019784
133195385
46239029
162465602
164166079
157162946
146276719
99926108
174051612
173438225
161192061
166286492
118220059
142813869
147147736
166760102
154911514
97119213
76569899
141167633
160900549
138227719
113823143
69326488
115338548
134627029
128667683
120108703
78743941
88559666
132039778
164546057
153135804
146844478
125378518
106233144
116558087
154834033
153876185
153780788
145109891
166282991
125271321
131795635
148727676
158606148
139304683
156831053
156674502
164538117
156961210
143974962
158930742
132576565
157181559
143044627
154106038
145641918
137964121
120355882
116977598
104975240
139292298
155305979
141152599
127603128
74673874
101985575
117943445
99663305
74923653
112880764
108328690
108915282
100543131
70463427
104909581
108627634
108786183
101558572
51049448
45251700
54240233
46593989
154527275
151604728
165871420
146382399
126797043
102174670
155170939
149452285
145988749
144288388
45132039
139230119
165213946
163674520
156478790
141742712
37962673
138112152
152113503
148751888
138654265
46435245
179534038
188216914
180175114
162185429
179955375
142250266
152509305
164069721
164482002
99393263
91222563
138246153
143066694
127451376
80553723
122815279
165878346
156910685
147243798
130628072
162709631
166185564
158690251
183916705
109048285
151089423
162305238
164342672
158599155
168588212
41403100
114904597
157527783
162890855
168990887
122559310
38913984
175449933
170655649
163436205
196765371
143357316
155499844
184367413
188524553
189755554
174103298
60121120
163763553
171160328
177883881
158375049
103915456
159574067
155465585
152701938
145367670
72366824
152957478
152420697
149624724
149392139
96596757
87493639
120423548
118902630
108972844
97285177
51639328
56345897
133213371
122470156
132779465
130703824
54830779
109188073
116571439
128026644
136541299
138107487
80134944
105646530
134227646
135200665
150653102
94388394
82951769
63172872
119090951
113364952
129476792
134076882
74547754
44783792
64561319
114053215
118056059
122881740
108986600
84457484
72848300
87527297
94281633
105453713
107186872
95372600
104352622
93877373
115031123
108686886
124762550
125131485
110249330
65793022
51306603
128371427
133119720
119992563
131147412
93776387
120303190
136786312
156468234
160808237
157681127
122442200
77850316
113805356
126331479
130291998
116538902
89677491
110636287
133636312
138697433
132098355
132984587
78416097
78710980
146673836
151076854
153258295
127863971
109548744
86173553
112634473
144327102
136771302
132384414
102373933
57673459
99048833
103619537
108955762
99588379
99293726
103244519
121740216
123734044
142543805
129325029
106230049
64971726
46728848
92730577
123453621
129371544
122051910
132594313
101112447
72184073
134509134
129213719
132654853
123479395
103887928
56450018
52813287
121165362
133906638
150011479
124086457
103777068
37921268
156848623
152646733
158293915
150477250
120771952
162283231
164379609
162688584
163122719
147814882
114181067
136572089
132557467
128744833
57867286
51467225
92028682
95844183
90367107
95798605
97897821
105457279
119203820
61335850
81632965
122959255
161460477
138370872
128586635
91313405
54080976
83104798
101376253
106249818
109740280
103763941
60848338
144101931
162633365
147940406
132726209
104413776
130257655
157733703
162900444
145236259
100405541
42552865
151685315
156252403
160940640
141990371
111779398
161282666
161959251
167005422
155308260
117203726
150232622
140432387
157885077
157793792
38547198
102278479
128539543
110016395
86106899
52203565
39244093
130916221
131373143
140946356
117884891
103443779
58131230
105600872
97521681
99781538
89840818
89846604
60835231
74116807
65469166
100053812
128560294
120959179
127229423
106815003
61730120
71129118
160791281
161587522
150890544
139644974
75182726
53543455
151583881
145968416
164667773
147016842
92529489
136809380
145489447
140217584
155276316
107687153
42222414
99623495
128835001
124758794
119425314
106047055
47700815
38099256
108244592
100054651
121411770
50875996
42920493
128134755
135656324
144108763
130961222
113045375
69058817
194432370
185406797
195752744
180424413
132333166
119351721
144939070
144716778
137372283
116756149
69093576
85376689
143016707
150071515
149691242
132978075
69137859
75155668
159145498
174632173
191446295
148895213
99098829
87800168
158864837
153966572
157608625
142641671
58663783
110633332
155994450
148601613
173441543
115331479
40492063
92874037
101503229
94782751
49010875
39647512
69868870
112077134
124838671
111293445
96042541
39398353
92840626
115531588
123054988
103923811
62090814
50072021
133338480
159282390
166592869
145657711
125892308
53208385
94160272
118850321
113844834
119330953
59109076
44860839
127562656
152612533
146618865
131167232
95556090
90727262
160132231
154601135
132941477
149307941
40237773
66749808
155054444
152642141
157800888
119721688
87697770
156093838
165165690
169857389
156398805
54615239
75392712
70529484
103744030
129279727
125010039
94410498
79625804
95242198
102786213
99225864
81215622
134062042
131740547
136819877
122480231
86416738
49481998
104342418
135300900
152709106
141705020
118070895
57830908
93999347
144787082
151051558
164020307
131620260
54867667
55937572
151099374
165335377
175463647
162315026
100135515
164083364
165474685
177265847
164517802
194489532
131059789
162669354
149671775
143499081
110102842
38202921
58646614
90110117
109319986
105070942
87068634
38427549
103668398
161522796
156219220
165918167
136827253
61699478
110498216
152835403
152956907
151081304
126480215
63249524
132504455
160119014
161114954
151109031
131114622
55234712
107795475
151308587
141593922
146929033
106751596
52326668
162403696
170719571
167565114
158113168
131038960
156183342
181247077
164932096
161397546
186045350
159014334
170373437
161150252
175440785
133893538
52100092
61482846
56588090
103895466
112472021
110925867
86027908
79288959
117671524
137563229
143947972
124194150
105296158
46497393
82290447
106929116
111387807
115186631
96802600
86411087
65378689
67112142
134300455
143036377
135862291
115812515
81172575
71233966
130242267
137732026
134261460
122991982
77411768
102797071
152761014
151273615
139206022
125031477
40986852
162870397
174965706
155679044
181638551
141411333
37933108
104449081
128476602
128288412
99844993
76952912
142001592
152881099
153929850
154261564
108305958
135108191
174729567
158458516
162835540
110437286
40959763
104809951
128743282
134061938
116380045
105005933
116240963
157347325
151486380
169692273
131858500
62809406
166705299
174587561
167621875
135665245
160457840
169010145
195405819
196241566
186753056
176133463
112186607
157722068
165712867
149801255
151303644
37184544
145214726
162593756
166605613
146328603
82628773
42262052
64129437
53368327
91212606
101729675
116731012
109233326
100369287
61048349
98145189
137308364
149086793
129793115
102179458
43994449
69259318
108911893
129169380
126147976
117972948
108128058
61932510
79825797
140315696
147361355
135414096
133650057
73071109
69968219
131572199
153720066
144316847
128828693
68742035
81864482
168918610
156785569
169577895
145103979
71155242
172361977
166562543
173307842
190064033
149111213
126447884
154410203
161169829
147353935
97884515
82104080
112160886
123146207
109194519
122512085
81570566
90867887
118118068
125819912
132867317
114457390
71144718
48843260
92788367
108166191
105669009
94643173
102980640
113647002
129884023
143161534
116856014
90136618
61600179
55129452
127193439
135408157
124361291
109573093
38654056
61127407
152844206
154403682
165347934
140880896
89044363
112898719
161754014
136762794
156402300
159106570
40637873
152303741
151478321
155748072
132483067
98355781
53372297
53928105
135740622
137725099
144855070
131719488
110411301
133889756
138315559
158448063
145095233
137991484
54984200
68539762
84255917
106219753
118851002
127177509
125644847
108722763
101397424
77279596
159968322
144321926
147750215
136643221
115255480
58199119
82955842
149738003
146748481
135731350
125373289
104916322
71638808
118466001
115963198
116390313
133863361
87012520
45521673
101952457
139208695
137732477
119884020
59962540
68287697
147201574
140033950
132305757
103553337
45060263
42712816
47232467
126052521
143368829
137871059
153367168
104036044
38485197
63151157
93708399
105775624
93113115
68135619
45858978
48029044
107072325
106527004
125054262
114648836
84280826
77138351
110701654
124508979
145516029
131315078
107045862
60004021
108622208
138656275
144542441
120392713
149030088
64592487
124442294
142781130
132620469
168993065
92978758
88896962
154779656
158205693
162668461
146874372
55128701
169720910
166484393
186472841
151711930
127847808
53544666
75589052
62903381
133517427
151099418
166389821
135206752
115681131
54759601
88854537
135148025
127958883
92383322
107992954
39008831
51014713
130212563
153847345
143708045
155767770
105262014
144878378
158081149
165966588
162310288
156049837
68523302
90925227
109490261
131727002
120484008
66560363
108881651
146882542
135023987
130064377
57386138
143088022
145909895
160371248
148954638
124521486
41479262
157339211
146643628
155650282
134859760
109060381
112840299
121429082
146190376
135729807
139241830
136150695
137047101
107807072
119536658
102232364
68612640
85211954
113693917
136810381
127358973
119988990
87811483
106789024
136932809
128671254
132972114
105963662
77526918
77046370
108651199
119151313
125463256
117412655
94921259
60902884
84840189
125194438
128343732
124417420
117296554
66452797
55150328
124293333
134503632
141349938
129614965
94654285
39808356
53169597
94947559
110899112
108865759
86832007
94159407
124005940
122006981
118446638
99836292
45828231
66942670
121560560
113366725
112047206
93363949
82229500
71123623
118531317
115931722
118875889
97810068
85125192
47610138
74145801
113603443
114427543
118706990
114346382
74665053
83621685
132286196
143851700
129713660
122808569
82632782
43077342
124307296
143842827
145026025
132150395
103592193
127884954
153618193
171208237
165760273
160799955
76714741
113247491
170727574
149456692
165768257
141084341
40896907
78923532
133657353
121316444
145579643
97339729
61442167
59138405
137601291
136809537
124430596
107504151
86876206
81252233
123671863
121458787
115332980
88539415
41974605
98585948
156746822
135368663
126585349
83207983
59741303
134934876
151436505
156337758
115633640
135448935
71773805
145295115
150703233
146934096
124756094
72616739
176664321
177862134
161024005
175410444
151305379
166188905
182574678
167389687
179386192
165973521
129893591
150544154
138326633
153953708
82415527
79967776
123245625
145575844
135357690
124261789
65478667
53881935
111676337
107345409
113227288
79700687
47590534
82800996
108991325
105592302
80605092
56903566
73666336
131060396
132043477
136798377
111610142
94559073
94374331
135175053
141274254
135566983
125734247
49621454
38650025
155117293
160635710
164686813
149417933
113877657
169218319
167340131
153310759
174062752
151284661
137969102
163190730
156102496
154692181
151197510
38351779
95974386
100776057
85824921
65869789
57044852
75551656
141005636
129163233
137040418
125275689
95978438
124138853
144893665
123236010
108004182
42927046
39202314
148752707
152457002
142360092
124133383
74164441
145177538
171748214
141854972
160518731
173572581
98940588
175554980
158163307
175921928
168621229
90192388
175851329
175480580
184099265
172968802
154012235
102816476
154371337
147682003
158161913
165541787
51951323
74732337
72500257
56115013
52587777
82633715
89810553
102550885
96689086
89408793
57255138
120871785
131319203
124780336
95096281
38726085
52491384
144834211
153416021
140196780
136650619
90977106
79315561
144761775
143837420
140880720
127353663
74734102
38144334
142528436
146783382
149156246
132038076
110119542
37851854
90509662
133530191
132214396
125513090
83579234
38753419
76908726
137483612
135112127
119562907
110331817
37740873
81367586
94091329
89173089
108446395
125086920
123957568
116522799
120362510
118081578
122899865
113114386
84869756
104295559
111439637
111147176
118816151
112184963
108278136
90712424
63326736
145863298
148345863
149005028
145361931
123822434
125562374
163549088
162071158
170236229
155061294
61250967
153886814
168393331
158800692
165092241
138835602
38824121
140965946
162035242
158381141
170410174
108712081
37821376
166093794
157723889
172383556
168793801
104475230
113114062
113956773
124669213
75326513
90773419
39239437
92025744
115003099
128194242
130264527
120555673
101671540
107026027
114939099
129580837
117360843
115440020
91917364
55293080
70563463
105722838
153412440
142082201
137306283
121905073
62571433
91255341
142914793
156553479
140034613
115761107
87087557
153987468
167803833
172576031
150397680
58291288
173755335
182534300
185229312
185688130
161611786
148258463
170193035
160610595
161084794
165881943
63986566
123204206
130930947
123937740
94626029
86674189
60700122
76497645
105043516
110903852
114981987
129547405
101493311
110118787
110810719
117953307
92641743
81008441
99878498
109898699
119546798
128896739
143647565
138673067
138308076
120083798
112960025
93277132
110531474
125441285
128730180
111607672
97882413
67643397
79274740
121857023
134759896
133032231
114156648
77475758
49275854
114222622
141337681
143996306
137186538
84473879
70757492
152168138
165274357
174400789
151187836
90460089
38297900
47175936
55763863
95312100
97399404
102675714
87956685
165201942
151311855
167732859
123319767
62533671
171122688
163867235
156929933
144348367
76862956
123899525
169783114
170131490
167413451
135760000
38873591
173094801
186627316
183611292
187906887
129422901
190241201
181127418
189384349
198151530
189266162
192830712
187581364
188484209
192122285
197775927
167092002
179051999
191708477
195173941
184249624
70454366
83949402
83938031
114874446
124431270
72408240
94988045
124183572
131042630
127513531
112758146
70599336
125474583
119135627
129243692
101029680
80218991
81768777
91360217
107195567
117203792
121215033
111517651
94207066
61867886
95596120
117702794
144240762
123831832
125513924
119973095
142340979
138175026
159179894
154162459
157822558
140861940
135578857
114310356
148479746
147385776
151878528
159260410
154729184
131616759
150340865
148081977
153617081
136717220
151376594
87702739
53595147
47003196
83769349
129729244
143977649
135203496
145139371
87179961
71346614
131783342
158666437
143816546
127912436
92387385
78436559
120168919
164595251
167185010
172216116
164253142
127386021
84734257
136894357
135371355
142991657
117357290
138090093
58783175
81333055
149934798
169718786
161370617
145408274
74717665
95235036
142180392
159671714
126741908
162255403
68961703
50821053
117200903
137856997
137705941
119918550
63280630
79039481
154771733
134104885
156670988
142441650
55690761
60814058
132671833
156286633
147017502
170619584
118000195
39442323
124354671
145796479
144935156
139557337
102224318
137319681
143156442
161336645
146009849
99136638
112201814
156800423
154121316
157066542
136245278
41372540
145016735
169807806
167451051
163050743
133540310
139465602
163789656
169583741
171447760
161046011
55173690
158883099
177061493
166474729
173644474
141582373
38155665
169061587
177417247
165598339
172746101
138746838
41248738
174042997
172304253
177833638
185721808
150123705
180088124
177055964
178059895
186834914
124139687
158999016
163880743
163864217
156552503
95570105
153549312
161904303
159915276
164139920
162266776
50894276
149515320
169911516
167860756
172538410
97164865
37887981
173589586
172244821
173454892
159690164
109500014
181824335
191968636
182911784
184665171
188481731
39198274
142966502
161536478
168430332
128816662
130154285
122240882
150893252
151852672
128203280
65117026
43961541
66201333
120124610
117428911
105916627
56732155
141444070
141268280
146456257
156683563
127341682
64089621
83976026
127856268
143305140
142591653
99941456
60858166
163519339
167162100
167362493
149458450
136437808
41131475
139062694
149704441
136022302
137331100
41003745
123229749
154117787
160763048
155997345
115729375
38210509
164711691
177368031
163413379
167445836
124818650
101531746
143030367
145385356
148393286
137425964
43936919
111933128
151423750
151604415
137360103
79192569
147716496
181176879
173817813
167136613
160797146
124886323
181632852
175312934
165616615
166653704
75090328
172779331
185576940
188446057
179788320
153169661
175166301
173889566
180146456
165975221
188375180
120543120
167188953
174334569
175531840
175487266
69153591
62626587
135866833
152133086
160486771
148160613
117163547
86928508
139775781
132263108
141122955
86268453
57191410
124558193
145109495
147079602
134183105
77336648
46718154
119806355
143784628
161426321
162427482
97560814
41335063
162269140
183007971
164211102
187225437
125545482
178756611
181838138
180889745
186880075
192997719
179155654
175634265
173762066
192209825
184086107
99520420
160616437
156792431
163421108
172585339
76372643
74252854
143811546
153737778
158612215
129353911
121165628
47943660
143591708
151854230
153902173
126121923
101830553
69442740
111496418
115539932
120144812
99401405
102988735
101717121
90448598
87915704
113528185
108177712
122904529
114185067
84638666
102769599
115729968
139538618
143417794
153092605
125828499
82704980
53363301
126135484
149261515
148908201
144007032
91557705
37550437
136331795
154264441
158664852
134713709
117654243
46003610
67175717
58744937
43130849
39708331
114788378
127349349
140772355
134409518
118431487
37623432
167035032
167576581
160446561
181676049
150806713
147084711
169743282
174533932
158866439
172279344
62904011
154648265
155176397
143071323
153076727
85595257
153075417
160815083
177641260
172448143
152840842
67457169
168233543
163741989
160872969
157737710
71368514
175347432
181230883
186814754
182896747
159372490
94379269
142161646
142433654
123758081
82133820
84054080
121605861
147451393
138399680
133696196
91770816
102410139
146782973
147512084
137566667
123538081
41084818
95625570
136353640
143471165
142432391
113437339
48687852
148445471
159999050
166598747
146578680
134425712
98609127
148548655
147962788
162792491
150012712
42100311
121846240
163973330
165782221
154995553
128822112
37929624
139690093
172333184
180039021
176986429
134251120
150239553
161045502
153569045
162330937
93095026
91716921
128589971
161357675
148665072
142303130
111557421
56242720
111066877
150840623
147380883
135161903
96690553
73815322
139673746
147181474
146996682
123110278
78665846
71063287
138439329
140364780
142238687
131870871
79620807
129952186
152286611
163526256
150488541
158422174
75936858
122280723
153560279
163171537
155947440
141359218
63660463
127671740
172957830
166899365
165800145
133782102
38113140
134618720
130967637
170134227
99363336
115931388
64530980
133453703
138988628
149189197
115054602
84580567
77004834
161465660
162554226
141288341
135401972
72047740
96108139
123727044
132407290
120019014
60067576
45168534
103137654
155154883
150764558
141527500
112365410
170043284
168072131
175752863
156568005
164588353
74130453
142217132
154839427
164505571
179375565
83811297
37733778
163585124
171098348
171244658
163404976
119107520
150916231
159311037
158256451
145245982
102940090
67724046
70124545
87719381
108765062
95291619
48759068
91136436
116716244
125321853
115765710
89929585
82225145
99584713
94201945
94873814
76843752
101924865
115261209
118380186
115986853
111545315
92059106
103787488
109834641
109249953
111525311
107742738
93681152
129602357
138505673
129530126
113389862
98561147
72220303
115369600
123637079
134735540
127480495
97767551
64809548
81845417
124792800
122523306
105998121
81835989
136289068
176010278
152217847
162512977
111313519
56107926
45679982
139682169
145743006
150978781
132257939
108616495
122226061
130200532
147323118
144237811
151354064
76660338
69943183
92858419
111986833
130859363
127020117
117342110
92894732
81135223
109881888
155741580
154654671
128815741
132195314
50581233
45904091
151499842
152735335
151383102
137827716
99875356
139571996
153680560
151289681
140680229
134100912
53585465
81274770
119862411
137662611
135488467
142302263
103199030
81038505
99487933
120037118
112264779
108760049
37743835
45922734
88075216
110128611
109548633
109811668
96646795
107864672
111712415
110383230
106376425
98670371
78277246
41793840
101160111
151925867
157035267
143525605
130582376
62653613
67119859
115542594
138357837
141451081
120171112
83524019
45763452
89133569
141207711
146165559
147123835
115445031
54829047
133606435
172060719
156449826
179590215
139579369
139559060
153685636
148773918
167137734
95713159
89553430
145365257
153397040
148955253
134398428
55819748
79299384
83203904
75049890
39134483
92796887
104168339
124516616
125852992
106494182
75018597
69268761
115480640
123845712
116101171
94356292
42678923
154465634
161596093
169680567
156938193
134246577
112124431
166444936
163945498
152649580
188823451
41241905
169422583
174484393
163324242
164472664
127174975
175967816
176152741
184543366
190132387
141255751
141755965
155789883
157071850
124285910
105120236
105515002
118264066
132416609
131339341
95690160
155685644
160932201
165958974
157667378
137391052
113463378
144376425
129769761
146305886
105977699
38302146
79469435
110260623
104513105
65481091
41455875
102232553
120185030
115229302
103681121
50008697
71089932
94130247
123623914
117839601
122073736
118841381
116812422
109993080
105845241
105037930
91722580
61793069
56643389
97127971
107715737
103985668
61400383
51942852
53309110
43759747
76296191
107092273
102294904
76759854
58424924
70904130
82434811
91271722
53550502
80345412
131426763
157819766
136187167
116620343
75085634
41853674
133617450
152511488
150340116
116845068
131867279
83829141
147632808
154406404
158161455
155034335
65161255
107197946
155780735
129044092
158377221
159079505
42205873
119725977
156256074
167378665
172421962
137627941
38801341
160558265
183816414
184431334
191393085
150708042
152231192
177706749
175519881
169076206
134431527
73895381
91107840
96163013
103238969
43243146
37905561
109407990
128562027
140060668
153088687
104973241
38728012
57369773
123375980
124363328
136319629
91604715
108723639
101553532
119986955
136889488
123192716
123855818
83276789
64789997
100968046
143902421
152279475
127858114
115903462
46593127
118900222
143916190
143948990
150069340
119886657
46361070
95173813
149721166
153584621
150167532
119616428
55583573
120522916
146166175
144363361
136110072
100273300
38731977
85500361
111046385
120530176
65839101
45275970
108644089
134292456
133812117
113822863
91869638
104682219
137026196
151337709
142298923
123505890
79997709
167903680
172027489
189111879
165789384
144498637
59323049
167184006
180814675
159577424
157921694
86964117
152849168
166624876
151977879
174001597
179628776
90335767
156431407
158502933
169538288
175773361
60473231
126141495
143721181
156403070
142108517
88041686
37944156
140597886
141527685
138645277
127781534
46146625
62540556
75055905
70936948
71583444
84197935
127810998
110027339
127442922
109362201
112553810
104484659
101922048
110923620
130861887
103471898
118262872
117782632
117591227
114737504
99112702
107576326
113435867
119053618
117054080
111294670
82063435
73253578
124692995
148931653
164554384
114518182
102479721
83444003
107764328
158294249
149069781
145585068
124832671
67772635
89075982
136783504
138246411
135904409
120998471
55323008
59048508
115628989
132713463
152823740
166075035
91784108
115658152
112581030
133669853
126609786
122084990
122924376
116958710
123540410
131999850
122941829
114370999
107342210
67979338
113799946
119732926
137467632
133903399
101888310
37190125
38610283
142280753
183848904
179796385
154562773
118067574
121923122
139457039
150451459
146166533
134001002
63490303
89892599
142200697
142913718
153672519
103289873
133097386
169866123
152643145
157924797
129308705
112484109
154621653
165696089
154526861
141166074
37925618
37846997
55390698
141042602
139597340
150868061
127783869
88794952
100753653
138623393
127519851
122662065
57192129
149965179
168964226
162397293
147731491
140045818
90084749
169814351
164179872
155473579
147355633
63529688
159271323
171393627
165877147
163376341
133387623
148617266
168806752
175184812
160091869
163595395
43737792
151413528
155411112
164078233
135885647
106770409
159560967
179864001
170129028
163216829
166965471
50292539
49517560
149440962
151752861
142684133
155315411
70144861
118540817
140053353
148516264
141602007
113571893
38593078
86011992
146620261
160361210
139377692
105000800
109148124
153554838
158157145
146106630
156149813
38902191
162677667
174623913
178971349
171345040
150150313
112071952
170058003
171642928
157317867
171899034
192172791
185736666
181968053
180354800
198727338
161294829
168328449
173374693
192506631
112264730
71793099
63651883
146116075
145648393
150412698
121749076
76970099
143734506
159074571
153947494
136386961
136379005
38698068
144023018
179463052
150485854
171030480
122927990
44772461
117150437
154931950
161572209
161996211
99186325
38904186
173790838
173754237
191873984
183851811
134113531
160300308
152654822
153630615
166670896
91465514
179694248
183102579
191141999
176543436
165309538
143274465
162078117
171017071
163632509
97642998
38558966
66108434
137511718
126998470
140039574
88430094
76206990
134636375
147582601
150679349
122683551
125372950
104062480
142920863
148663181
139494725
140208171
65060784
123814795
147267047
153078640
145259928
73658582
38172224
162633850
173240039
162998092
158624605
116308644
159811636
155527798
167381775
148731945
90857399
173816796
180133793
179016219
186230816
162513967
185444793
190254618
165598667
176797260
183445881
64023724
54291520
131446235
155256682
151726397
131011367
117465142
40974500
157464658
161553615
157212974
159135392
104978683
158562808
169968905
178830734
176913020
161005163
186249583
183635930
191589647
194444842
187110365
163527437
169094647
179941312
179070173
193546223
122415652
159977961
169929755
158702404
142610234
37855585
160471173
172861706
170500060
161266318
120122091
154120001
165981215
160412594
173591753
77019053
56144661
47775256
143599235
142188818
156410164
122044416
132223680
111666226
163358418
151302124
161484663
133022816
73696764
165092649
152268103
153070080
164010633
65393604
177487143
176379242
169862988
176561432
161808003
167259340
184598628
191838672
187119536
200279517
130688187
153951851
152199333
146081950
76297112
47070319
145839487
155826425
154836919
146632663
100377110
151929873
165429458
145049528
155970251
98585701
75899301
130278463
163343615
160716776
170740588
157981265
147104108
101871995
106502780
144290987
135851366
131333661
108003664
62674849
112243954
146068959
140137309
135849529
126974682
44536660
108345197
150861766
151298627
162649594
132179304
68807895
112310198
168302140
177308905
178786158
149881451
63813745
105674615
156842329
154696738
129744416
103613235
39170794
84014763
120722785
128008953
132402752
111968321
69669680
63753167
115648456
125510763
128507174
102598942
47559529
89353821
101735833
148780588
150170089
155154292
157372578
115732085
132304316
145098508
140921081
127435390
98602184
43210851
117949644
141003169
138465714
141654018
122784408
43009444
86772878
157386622
165505270
139973668
164170141
66285177
48533575
160505329
160808209
143607583
152901852
51005013
157768401
167115925
165080994
182438532
119046883
123482439
119733753
126921478
132637489
73704765
43178267
126231728
132305207
109484833
130511239
38424908
64544336
105177137
126525638
141917813
131997989
106307667
67239617
68168695
115809537
147762286
144737220
124393286
96444131
47968114
73911747
139340720
137138727
131993935
116299756
70522357
108075570
145707351
154030772
128653446
138933605
39569354
135719288
147992395
160452382
161594496
121662903
73884742
139535808
146904398
158422658
103595753
70542531
153276325
151731580
149877801
135921025
71568992
120760756
162411284
155004355
145717348
105486278
106055833
106007647
127626835
114919036
106052573
52579360
72477173
123382724
128085123
116962975
88605957
76005941
160371988
165958645
155240884
137268742
121886924
100084518
154329663
170391358
142882647
155895302
43148378
119645840
163856439
164787090
165905285
143599443
41217089
148992789
158475949
162269712
128904230
105685885
163899144
173925885
183445323
148916965
157687870
40650780
157056048
170936780
165270010
166417193
119032727
43484356
38946994
135486191
165572716
166387813
166181481
157309182
53965449
162557219
171080732
165980645
165098241
128575511
39596183
169387783
179441407
163396615
179528635
116301623
127991290
177755106
183434605
186951595
188957265
38815459
164912916
176553702
182845043
198920731
142657532
155690456
160234444
179520929
158403865
95485280
152198900
157531079
156284341
141510082
106172009
41674585
109960548
140180856
117234722
107817484
39313992
38557008
123111887
124324013
141580209
127503872
115168763
66890892
81308592
147929388
142595443
156621833
115384138
89676548
163032226
170922562
185437295
155610412
136469895
169997236
180666028
170470638
164601369
183752385
180794485
187541971
172725928
164647206
175657698
37905964
139407229
136572190
153943117
97125772
105698895
71247951
126985272
129173680
130005760
105653864
64405288
95775681
119282519
111172311
101324076
39837063
136549675
143379516
150157861
139008341
95847493
89422435
142628712
141651113
166330214
145938185
60652397
44706607
138477315
142244739
158744431
147589450
104639476
130260036
160189113
170042365
158877357
173570604
108142346
48524307
121515671
133879252
144560489
133413934
101499185
98224407
102845238
106045189
114014314
107571656
126227775
138769144
120124328
112313031
65820609
113865665
121592936
123958373
113948544
64803771
38595487
78181940
103596193
105639968
65942918
42198194
74592904
133915445
135594182
140126359
112317642
72409080
120094830
156052849
151675798
127429674
145450543
113620895
156590849
141892545
151983344
144867543
37936644
160067712
168114232
164237001
171931388
134394547
95054939
164109831
164414855
152708139
139826984
170531045
168858562
185929662
170525592
154423582
147761954
156469268
154452793
166821465
90060760
49065162
89619028
122992037
129082754
116079012
122419384
66327267
41348990
71815612
111612724
100612545
80054477
108656689
108934615
111810871
111749597
97847661
97028698
89119215
85787804
116040872
129835854
118713852
111056321
87801398
68334460
92450345
120322100
140077039
132508247
127342102
85011852
69623756
108853435
118403017
110440018
99062082
61051770
54906400
87745259
103032599
89612513
117748431
117586046
100078216
95904043
68098326
53481252
60796452
91547886
126049392
123449208
109902371
67922108
72453090
139564456
139905893
127923482
109021694
79886118
132296553
129780961
143062649
106382428
68690851
110929695
134052206
140649205
131934679
115988456
44345075
46456044
143028524
160118592
164757126
142042834
113708731
86322810
154273718
153637658
164933025
141931470
56541857
98188492
165694562
167283363
167910806
145878239
38905915
139657536
148165643
159355811
127320159
99118754
155976765
157916756
146216166
156331212
102071413
123488529
145404443
144357841
136802477
87694150
154865055
165765933
158436056
174886514
103510999
70083104
143143431
154006860
169654848
126552786
81185670
87962135
159840699
171369650
159193618
143838574
61817549
163613100
184217322
181567548
168444189
150504561
162444062
174841365
175902063
168665664
163694627
155785159
167158908
175296816
186098547
132705564
39215562
113203401
143401039
128586411
106200696
81560913
39302072
81727081
94393703
106028846
85311155
66725126
43138449
83244914
94329398
66496520
110155118
127583256
156284713
121266905
159557950
110752245
107780702
122969795
123321220
123740990
99038977
72920323
108283367
137622832
162621091
150413536
126115646
68890758
49967163
107348147
152259429
152616782
132444146
97470153
40498845
156438402
167973118
161071541
180121997
131664177
80814498
140064457
135238890
128260325
86787551
60852450
68805185
125460318
123944590
135493031
91512172
38054891
77384655
115982598
117321560
105602513
57758366
46633887
86211689
89131930
108170312
111359738
99091518
77554152
74334943
103038014
130118432
141513253
125624282
108369375
64439072
132371980
148046980
151129734
147392720
128561491
43629989
160731063
159876649
156177670
181764926
131918234
148079912
167402086
171959611
157723749
139579780
161185414
168526855
170682953
167378208
179228054
57438306
127878469
136767525
148132161
94125958
41424971
134829870
134863300
146768244
131281009
121957350
66845047
150436221
138880817
155793594
129885610
88523884
108908627
169859258
170479661
150781386
180398464
53739119
167095941
164365589
158502621
147338281
123300974
180670864
162652367
184802125
181635827
190939343
190150436
184022806
172960403
182954130
168110259
122289486
138507417
143400666
143839047
83584002
39273073
122148398
132947997
149340190
111050232
92557407
153794469
165349651
158066169
141273994
121750287
62076801
103043635
103245210
94579152
82559521
96737022
119699886
121857636
109553549
113990485
73045196
109234207
132021851
131291053
142350114
109349264
69800563
64313552
99090129
126885248
144162319
132604343
122061652
69661374
105455767
131790226
142651140
134180113
102694743
38224463
38737892
103415018
125899079
120523034
92116004
38033014
93865130
120239980
130243347
124750940
105189367
68660208
51087981
85396200
104002862
120301617
111447303
91925950
84244144
63975967
40983334
129524230
161117620
158206339
148684229
120565701
39114459
147584926
158414340
163751870
145012058
114133116
107528247
152360747
153518895
147659955
153579290
37717637
98686720
150635905
164641736
165401058
130689214
38516487
169487189
168167434
161479288
174002269
115703165
179594503
169758224
166042716
181814999
123581333
113744145
104547351
109561821
38323162
139852049
156602903
137788456
144250944
108590438
51916555
154315991
148474547
156293162
136519518
87804365
159854633
174267918
170987526
160431407
130466053
119787375
172317978
166454038
165388036
177756766
71548245
38594114
162339490
153538419
170686824
182213468
117404190
91947063
144048956
152361245
165334238
113307881
38981316
137500782
147042963
153805511
130794464
83614229
100009987
101495848
96750034
77605373
69977125
38343566
128265084
126309652
136205132
106885474
57206046
126720422
162712477
160625853
165147586
144929822
98404034
121467169
131297393
132434148
118581747
81864811
45456501
98906877
150558135
142681230
128936390
111406784
51791462
118701894
152015377
143876226
141368304
127579629
84310792
148361699
144858547
158691497
153916664
66795109
103287372
146966002
144859105
144291331
125503455
39026384
152574639
163177532
173212740
137060722
123645471
47486106
41735634
145916795
161604018
153249935
171073726
104375147
99554145
120654985
117490878
121956476
105673065
60645146
127845272
138007742
137618583
132776416
113785750
102222478
141622026
135301372
128928211
132826580
47819858
55430517
128042077
148128725
158905979
135830766
99600812
38140370
133540149
160915090
161013025
153024887
113937614
52254383
156934594
154019030
148271731
157281568
90394439
144547690
178457629
168529005
167062320
138731103
38843927
48882419
44910073
89896886
98760746
80654426
79749059
71658854
64006279
85998462
119964155
124474773
117247968
110359808
80963108
67381828
106307769
125358012
130400835
117600225
98222136
53214978
82315743
126244811
140655469
130765289
127670190
60354489
38373698
120992729
144945804
146174099
137136582
100979365
49218018
135095789
146080192
156121303
132818038
99150077
55397061
117522592
131472545
139234229
128754573
53894680
100993439
156526580
145493666
153319579
123854195
56591334
45247347
122103406
149554013
148707413
155637240
68192023
130460800
159677871
144928996
157651482
121453918
52601582
140157665
160921593
168526169
149288125
120110427
90032088
172757725
161851263
154639121
152186804
58028475
172601837
168818921
187831436
162448666
194021446
146161129
153818269
175407566
156083661
171408400
67049420
145690044
158096910
156342481
143115812
74664365
113112762
168184281
170011407
149328712
177561298
90833164
118360797
142037932
158011631
149304107
108671367
61131571
167032184
163850604
172722589
171312140
146692053
166717446
173201755
187488413
168908830
154219858
113081122
166293183
171390305
169059254
151017297
40167926
166525975
184811300
184842824
184470941
144689302
160836690
164917139
175445518
180743190
173149510
70377109
170998189
172765293
169323182
167175251
77134377
162394417
153621664
177335817
152028211
114721371
40659121
37877810
133956323
139946416
127824405
105945796
71990923
138705968
160943990
158918761
140527060
143341008
142146267
138293004
158159039
168590545
147188636
72389725
45421434
160102775
173037999
157919087
139898806
107323552
162459696
174275681
168293315
154279338
151376403
110567174
164817426
153437850
166364366
149132087
48067157
113085803
113329966
129221112
136065940
141916975
90411600
71319890
86274788
118076332
115099340
97922151
88624234
41880672
39768531
88990808
156465589
175466606
158172852
148891750
69582695
151918322
150924041
173079340
164925862
135263355
147338700
168558505
161460954
145669927
139131075
101093273
148945616
162214502
156395761
152619060
46188573
126298178
167070058
164196762
157318040
127482225
38017680
151127608
157830737
150488020
150917775
41483000
168206803
161821160
175652649
152591870
105369834
151472469
158286520
160397758
158835705
96856105
38743362
82768468
126004496
110964856
126397827
69584704
67831548
86093647
138997493
142065769
116418727
105788864
73842268
119225830
146653884
151482967
144619251
86150774
45882049
162273390
174140471
164892755
140241788
125320090
159765912
167086230
152482774
165737922
145028579
38103044
177514980
182161823
184404208
193902418
149190710
175166357
179475090
172648975
169173948
189968798
152100400
176761229
169933555
166665890
186113361
60617213
71030867
100041690
136365867
132363115
129146443
105102073
54175013
108442289
135139090
142652777
152953334
131536080
40967504
134781669
155260341
180461077
160500717
134269894
51808416
150817424
166309743
148455013
164398269
93473577
77073660
139044265
152260112
157364157
131236322
40294648
151530676
149536174
162445090
137007092
104649376
119132620
140001385
145939215
135672844
65751424
38295527
137683812
145025621
153382562
139328268
94301384
51929872
49930733
102262599
134123195
120420909
95411624
76464027
42442232
128095062
128328555
141270119
131064664
101564430
60272462
120981990
129902999
150888413
143208279
50147970
38210727
157191460
171454078
178463626
160206248
125821043
155572401
161815699
164722756
180856728
159896178
139809291
170716258
179135939
166298636
164842461
49046036
102429281
159623745
137607782
153271918
119194233
47822104
66048690
99890545
92358570
66279245
65612386
65736572
172074811
168942812
181171213
157836475
122611000
44843650
175901736
177379981
169373734
153450701
118715911
142413236
170360242
174129487
173971332
160920346
66682408
166860869
172245527
170002439
171634493
134437041
110464985
144220883
148413472
156069019
167374454
80340675
52544874
81866888
141883089
129020990
162091582
122655665
59457925
59552899
98154295
112911312
124391951
111528357
103938520
74643742
50403340
76683195
87726074
64181863
38358681
50916752
67954326
110546954
145823443
127907174
133440842
95522497
49484452
66599466
125915067
141108333
136978114
131239113
88704835
61966285
105764590
138244172
143404446
134523210
113861020
56752886
112323677
156279517
152672679
144082603
120717542
44786946
108753186
149712466
161263319
162920147
118048226
40887707
136536238
144907560
149705597
134704421
63924118
101161175
146041351
155417951
141193359
84962995
39085893
65067524
97033401
109278413
102091234
107963058
37750106
45356750
80383526
119360153
123741059
119431704
117324165
72685413
76377251
124493736
134902758
134313547
122710632
75769984
93812086
144169368
141798283
137746522
129125504
44377196
131925211
145591868
157048333
165669408
136098778
93894058
136520559
140052075
129008356
148187785
45200695
85584404
130731362
152784079
132297498
114932515
63826243
120894152
145271803
152367979
137437402
100238863
102690575
121974362
127832029
122552880
90345826
54633066
43229641
78167562
105150820
108434012
102864949
89141141
106448403
108286076
112037250
139419565
121546401
112880701
96300124
109230421
153466394
139345230
139925243
136686261
114337374
105442458
79683644
126704987
131015020
139803032
118891541
73387979
93406684
160157754
144645695
158083292
132289822
93662576
165745506
150906368
159313901
129314228
41725666
148536078
151952794
157180215
151415359
62814326
87947936
107094417
103501570
58331969
42166220
90427068
125638118
125542023
131481584
116212659
72337632
89585882
152785619
145390639
134727068
127717485
71187400
121238275
163592736
145744529
154217952
134379392
38214232
149558751
162733085
157133068
159357073
116499821
134049390
169910494
172943260
159759201
151565423
37843707
143833324
151525083
162486248
149373539
80263448
81927431
145067470
142521133
132532111
78004444
104177733
124312645
130564002
131664403
66187938
43772928
113096259
150603664
164517025
148809725
108295041
88850614
167188595
157764295
174454743
145278412
62401738
180056330
183587751
174558727
173326633
147934119
82744336
166226333
166653489
167169483
160215022
58683181
177903014
186797210
180425177
165696048
182035939
170160408
174452465
172551689
158761160
106659863
135999610
168350876
166649048
158372872
150974758
39341168
91618408
99142776
87949602
68277373
44909095
116420956
147863467
137562433
158179314
128587362
38763399
158940269
167378576
163862794
177375124
138512146
140658361
170328925
164962065
161039481
150900095
39249340
160370868
160934238
157943162
167206130
114282700
113031181
161378283
161231699
160833917
164803318
38260691
142791149
143223263
152860523
121260475
81012962
95431581
143895446
156919432
141050457
109319183
106666965
127142889
123660119
114499013
91563454
69700764
40080527
97620266
108981596
125261719
108434795
86183237
43539974
95585982
131423242
127417690
125044390
118446674
51313882
115971730
135804403
140382677
131895784
100310015
48659811
66838059
83856860
104553398
93282313
69399277
63884433
57578128
90411092
91294246
111970239
100245558
91014305
56593020
57314300
72197330
106083413
111030816
101398911
87570176
58304060
53332347
68288637
125487433
120602441
113101023
86413655
42168423
37907235
87091319
93957248
102861626
68767143
53773869
76666652
150737507
147226060
140021297
116308750
76299097
138620050
160729492
159267987
143932437
130806716
37531903
164972929
152969520
167572937
161955477
109792285
182424024
179080100
175274338
157791667
173640601
154397561
174836486
169282330
167111797
174763938
99799700
160506763
170102921
156686526
157907688
40127854
134370731
141208321
142788510
100260347
118863109
38922968
111898887
105250650
98937960
77784234
99097680
158965251
153675018
161443497
168399905
78009250
142599173
160783363
134156969
158930214
157129017
38381297
95332582
151126753
154999648
140824777
114778851
46383457
182956254
181469454
170421580
179233843
152752219
169971798
171827952
187604771
181500611
194859153
123988164
157500991
164483461
163010014
136775449
41397903
127241559
138705058
152930731
132413639
112443603
38932364
37761675
114592566
117307188
132735283
117129517
101127783
86560523
101833708
137142103
159807965
154583427
130531996
119633365
86988850
131569884
129300646
135005613
124076306
81992931
70659187
115109656
148440707
154799910
130546790
63390125
38177938
155637112
164773562
161627111
147239754
107682812
156002348
165224866
178437443
154320280
158636349
78360707
171306649
171272126
155850857
163518297
70100726
38786033
139078902
138071225
142645945
130605245
110714674
70041669
111118650
137212876
137943913
127124727
102546768
68916167
87197034
126902935
142306255
132776942
118926971
64548358
82858410
156905641
179704033
170518412
151883656
87174077
127164314
140198508
156432689
135411814
150976943
37658297
38497579
153048233
164248243
170099026
144031989
118157855
179482396
183712648
184889497
160157244
175103727
165751632
189765314
171251111
195582637
176250279
147983996
141021666
163168634
161510849
83118536
69355142
115205056
135338407
129600535
138529649
93351250
50387941
108288667
150932795
177972439
144437330
121254142
38680270
96664841
142807152
160476605
160814034
135602264
44103137
165595876
176166675
171451083
160184364
139565013
163777547
175651924
184863104
184025569
178850786
86174545
145451324
140863746
145212888
88510470
45367441
111658582
164356168
162514858
158905995
135288183
43959957
114760419
107965191
117094605
60483916
38226698
73155445
130525905
162515108
162443782
126602861
97013864
64227530
120661642
137470503
136716606
130133104
86870813
38988071
101276242
153268865
152158958
154793021
128513227
50032728
110067433
166281755
148096996
155937595
124585658
38050772
172327303
172853962
165397766
158223565
133466324
160793519
156153779
179246875
175772645
117881245
177696812
180944029
180411243
180693130
157719533
82355489
97755992
105939199
77290511
81720695
62181070
148388952
143021627
167500064
156027973
88271053
116542973
150590177
153701893
159035144
128514631
43821293
115188634
164900963
166689948
127295977
179105448
37703283
144699268
154180105
178915290
172301752
140506772
167144010
167359107
167452945
176026328
164194980
189296286
194932852
190618437
188728820
178427055
50914996
120056691
143666546
151120891
141190298
119692170
50023776
106564488
106910660
99900885
69139176
58941632
107469823
108517999
102197244
83773652
45390583
43377143
115469523
120045044
109729103
70249034
39054490
57508290
118359203
130683416
126864929
123700764
68191201
59866867
136465439
158857190
140144658
159554024
85867111
75355486
156939306
171937130
155909025
156174104
88060975
131143091
154733423
154689139
160868413
138417068
70251375
168126348
166298138
153120300
157725031
73828492
123387579
141447625
143374581
126120493
79907445
37663336
134840841
150416239
145932537
152081276
108537752
71419297
132290831
150189751
159908319
155979013
114756914
55776264
145711313
164033508
165215028
157382726
142891268
52655328
152792013
172351558
169536622
165604674
127659346
112258232
158423157
153229630
166878141
164598266
38398567
98112209
139118338
144629699
149067436
89411327
42512351
156151143
176682061
152276049
169148851
140545263
71858260
107732544
111799527
96898178
72100625
38909478
101416443
121808760
126007011
125466946
105176599
61350277
97205014
127622697
126229397
135520750
107119314
56774922
53734079
153499036
148337621
150978270
143442125
91458608
53636633
137169191
161362124
161772533
153290274
95794817
38398750
146375846
145619672
146264358
131791656
124312981
133260397
138898071
143672517
97572196
54017202
176198277
160011148
168069856
146655774
67009782
42993353
40963939
75558640
90103944
78110843
48384280
72245756
62560611
40747620
37902283
42318042
96366835
94822499
70087684
64467270
113484133
97622476
80433674
87078686
120276238
112469235
77950743
74642962
96213061
93625790
42792796
80887401
99510163
97303476
52992214
99485735
120609176
114136351
63866669
95060588
101729418
94335486
38235547
90549710
94579883
94732962
80559117
83414396
68439954
47140820
65045319
54550222
57147275
77912932
69112090
61020979
56687935
63901998
61896460
38026302
38759073
44834418
38837297
44736421
37867018
37982776
38431404
