41759019
39066032
41193142
42064361
42012920
75226391
92840392
69970472
138231859
139675791
123187874
131646783
49858105
144860577
155332042
172114286
158151611
135670222
91833662
166414041
159247420
158824180
148259343
49515873
130920065
157072973
157132760
153820240
93233355
38306438
145600019
150634384
171501044
143523156
112587074
136999913
157876175
152997622
136486481
93995869
64909444
99048959
91492583
99714836
98895182
87549724
50473307
70656347
102019258
103496757
104707015
112749830
98556771
82293023
61007842
77807373
113270398
134280360
108492109
46279089
134939561
169606498
185937592
162266271
133720922
39596133
114046703
148841156
142579503
151642918
102844356
39754116
164918889
180393118
181717927
188662638
137521557
147229846
177196314
176297744
165480876
161938497
79391473
133784404
151036367
145356717
108922096
66034712
104782248
137721715
146240176
115666167
74265540
74703114
122171221
155167469
141523482
143629969
103840686
54321184
82166843
96300129
101455208
109319419
113010691
103851797
109873476
101408559
78908153
68958634
126521762
138805224
128032885
108956585
61764295
116855545
143117683
147516419
136419826
119509085
44752228
138782862
164974439
158818090
152264986
101800214
37880658
131625200
160875260
166568608
130875182
113455032
115077946
142399772
148563955
123838618
65766750
122804006
123572351
132636789
133593774
120019132
79595286
52062033
92863794
115033136
120100818
108406348
93029823
62251280
46337091
81305174
141195842
140333981
124184389
126163988
102114012
169624415
184745134
180924646
188910041
65972376
156231270
162770936
161123563
153173446
133335791
46346973
162734611
164385859
157244793
156560643
100010442
174216247
173573471
161304732
166421398
118313562
142945935
147216895
166882850
155059341
97209720
76735609
141328921
161403364
138368230
113922907
69483113
115498680
134774540
128835707
120431036
78852456
88693480
132234648
164891642
153332073
146957871
125506270
106347873
116698613
154921437
153943011
153878827
145265122
166689156
125360779
131869206
148872143
158762363
142057701
163184890
156839606
164670064
157122715
144106878
159537691
132682937
157319485
143116300
154251380
145729281
138060868
120488992
117152554
105061882
139499290
155819789
141653865
127763341
75230615
102119972
118491801
99860423
75065151
113043852
108444042
108993678
100705034
70588972
105037269
113798509
108920250
101708759
51214126
45374066
54340870
46674706
154697611
151720707
166040270
146470529
126964115
102346031
155311049
149541112
146194011
144411862
45197829
139871862
165291342
163811157
156592084
141828996
38069482
138186018
152398038
148864751
138787105
46513350
179611865
188459707
180284117
162383001
180347214
142431232
152582493
164204849
164597581
99530801
91427474
138386234
143205903
127589774
80756326
122927532
166161194
157027938
147385809
130947435
162943400
166315557
158828108
184225457
109137350
151238188
162413495
164426702
158742524
168665229
41614753
115085016
157660457
163017032
169522560
122729390
39056089
175527708
170769316
163538122
197222084
143948941
156004777
184490150
188631552
189955415
174261705
60299894
163837975
171373495
178003132
158501842
104061182
159800846
155541392
152825244
145453073
72530189
153136793
152498501
149768434
149772430
96754637
87684358
120506446
118973793
109041970
97460902
51800063
56482709
133409640
122555107
132947381
130968948
54904217
109289614
116639003
128092801
136682855
138197168
80210699
106061831
134355752
135341380
150774825
94489784
83086004
63345478
119290861
113479044
129609970
134197149
74681020
44855174
64713631
114139247
118135339
122964339
109147962
84591162
73006165
87602308
94440402
105539421
107322017
95458843
106864229
93959346
115636326
108766001
124904370
125258806
110336531
65902326
51469566
128492707
133267949
120070054
131302876
93861096
120459323
136947537
156640926
161100829
158052275
122743527
78101718
113872423
126462833
130371901
116699499
89985779
110791029
133726472
138849771
132267967
133067242
78488820
78833730
146791664
151237779
153399114
128023014
109711269
86328789
112778262
144483319
136881740
132557128
102511934
57852356
99181610
103748026
109085572
99756579
99436030
103382832
121904021
123802157
142686886
129444075
106306772
65099165
46870634
92906081
123629930
129510414
122148377
133172193
101274757
72270438
134669662
132660313
132739364
123623957
104032462
56636858
52950594
121261711
133988170
150341806
124232031
103908307
37989520
157160459
152780244
158443184
150627503
121375573
162357020
164483292
162820068
163261169
147953490
114582464
136716583
132678670
128814789
58047359
51562355
92171057
102792400
90507766
95922435
97999561
105534707
119275083
61506917
81719228
123057725
162026977
138524052
132947634
91690087
54191313
83254507
101481105
106372098
109820389
103849673
63198144
144246093
162927166
148097070
132806824
104571117
130371110
157874694
163101464
145493231
100586189
42727488
151830275
156365501
161027457
142177736
111919263
161458670
162092821
167159690
155441518
117297539
150370135
140557603
158034271
157904008
38620327
102374509
128825996
110117050
86257437
52274651
39408472
131163213
131449385
141042705
118020897
103515967
58351108
105750214
97613022
99858881
89934025
89987628
60907045
74276138
65646428
100214410
128704083
121062193
127356943
110321553
61819760
71238173
160941789
161683256
151053022
139714072
75273427
53687771
151684716
146041927
164974885
147198485
92619054
137008502
145650567
140305542
155431606
107788155
42402405
99821091
128944132
124898542
119628578
106112331
47832300
38182465
108320663
100126776
121922684
51058003
43010536
128291481
135852235
144292982
131165771
113166596
69234411
194587725
185505674
195889358
188637873
140293678
119493491
145123939
144863241
137456061
116856488
69214825
85459434
143146746
150216894
149932802
133121212
69257671
75291007
159283303
174926679
191749120
149029057
99291842
87971019
159011839
154092014
157900773
142770155
58742413
110755419
164074584
148687588
173569173
115417063
40578880
93050509
101610245
94874220
49180016
39787070
69938069
112170630
125012215
111399244
96146695
39618880
93058225
115602297
123191144
104085181
62675108
50160545
133767798
159485988
167194700
145788660
126038822
53345203
94240164
118977796
113914505
119432444
59267674
44959988
127636214
152724642
146778147
131330702
95725368
90838703
160310348
154748989
133048115
149436517
40439961
66900876
155261430
152835564
158057102
119877484
88037314
156167146
165337924
170036075
156527902
54806477
75495018
70741639
104149807
129375753
125160518
94513557
79801029
95387333
102855658
99387057
81380896
134223004
131909952
136985803
122632033
86525109
49555251
104531713
135384997
152864763
141846872
118158707
57988002
94075387
144953663
151262435
164164497
131890819
55034567
56092826
151202147
165414714
175845319
162908702
100224456
164199382
165554306
177350316
164626923
194989573
131268859
162811438
149784675
143591891
110244037
38281386
58836831
90503754
109460980
105187491
87189322
38551122
103735820
161610370
156293154
166069013
136994918
61848124
111158165
152959193
153081587
151276571
126558803
63633242
132579080
160440974
161269517
151270819
131476604
55312888
107869100
151490091
141719951
147059777
106877952
52450367
162475375
170891757
167644455
158295018
131119153
156295182
181513361
165002328
161468491
186434076
159178089
170448493
161252927
175795180
134023071
52704009
61631462
56656209
103959321
112607467
111019729
86119926
79416482
117823161
137683680
144032028
124335911
105416962
46567937
82449799
107078264
111534187
115319373
96896180
86575141
65506858
67261026
134427667
143124551
136006413
115903744
81561183
71303981
130401002
137825557
134341695
123192011
77554130
102949307
152957547
151474769
139294834
125189254
41058309
163031620
175119769
155751860
182034006
141553419
38037133
104535452
128582422
128430503
99999087
77102395
142114554
153051531
154073422
154381478
108670572
135551093
175288394
158560249
162984933
110563134
41058954
104938986
128823719
134202155
116488307
105117388
116424767
157526441
151576287
170275198
132012776
62870435
166808827
174885160
167724727
135753858
160798605
169213256
195645513
196441692
186856669
176225549
112401493
157828269
165863824
149893192
151376959
37266141
145676934
162879413
166725084
146469129
82822577
42374255
64300803
53463894
91297967
101893899
116847381
109336381
104006682
61150884
98269936
137480035
149229362
129959370
102423154
44101802
69416483
109076410
129261439
126224228
118059647
108297349
62074590
79934600
140473314
147510990
135498225
133794175
73145394
70050249
131659761
153898464
144449041
128960578
68825651
82486755
169073791
156903125
169778738
145222483
71375595
172607662
166629721
173399153
190370983
149192593
126615121
154488610
161314720
147433330
97977564
82273722
112245688
123283952
109277641
122635168
81709311
91004877
118247033
125932755
133013636
114553213
71278867
48910832
92874079
108238670
105981081
94766265
103045349
113803488
130051291
143748474
117087601
90210504
61673063
55263265
127359886
135563539
124443357
109680477
38782658
61254742
152996689
154514881
165818447
141001115
89199289
113062540
161903959
136900986
156524183
159304143
40739082
152399211
151609539
155876165
132565145
98475909
53492445
54075960
136049509
137812963
145014655
131873080
110596946
134011871
138478856
158599961
145236442
138113224
55126282
68683213
84336868
106380205
119000543
127263584
125724432
108922622
101683726
77345396
160388413
144478703
147833114
136794652
115353392
58322129
83090431
149844344
146912885
135844922
125461926
105012199
71796190
118543144
116032821
116474205
134017566
87139778
45591150
102098599
139352967
137867896
119977548
60124080
68397122
147331960
140168075
132386560
103685080
45170631
42891983
47298226
126201564
143446615
138016628
153522984
104139745
38636455
63220191
93801823
105860592
93263054
68211445
46035267
48096759
107271977
106601373
125206457
114815392
84359596
77273468
110886908
124595954
145634618
131472273
107191290
60124638
108756794
138800844
144752089
120512988
149413585
65187671
124542270
142865680
132723836
169256250
93145188
89005141
154933007
158586529
162840543
146991606
55261441
169918361
166607521
187089433
151809344
128000179
53654274
75676042
63062855
133659411
151244033
166706710
135334811
115764814
55010353
88994654
135287590
128036235
92468301
108062086
39182235
51335983
130287128
154180894
143791607
155937323
105403170
144954924
158188416
166051963
162383419
156593775
68701144
91083251
109566001
131868484
120640483
66746848
108972386
147088958
135092633
130253246
57523205
143189693
146023125
160477392
149110739
124620760
41589881
157509660
146753940
155786834
135013806
109171379
112973783
121582364
146386723
135815553
139585898
136249184
137189906
107885982
119612477
102322745
80032130
85350715
113770693
136978798
127434713
120059360
87947300
106927197
137082738
128863607
133056295
106107395
77609631
77117355
108723778
119236030
125617259
117543430
95058426
61030717
84971387
125322877
128484422
124495961
117464523
66565633
55287299
124441615
134589279
141447322
129704723
94733773
39896862
53305499
95088725
111027664
109022117
86910520
94664691
124138805
122100558
118524128
99914702
45919863
67092006
121705870
113500877
112117128
93534509
82364517
71189402
118676656
116082723
119023090
97952215
85240345
47674286
74232372
113678463
114534083
122352880
114427451
83441976
83697329
132454194
144050464
129798301
122963939
82953457
43251431
124377991
143968493
145170446
132279813
103735263
128434970
153758235
171419507
165973403
160889172
76790424
113334949
171328863
149547325
165920353
141209036
41026045
79048530
133802584
121401651
146156825
97479185
61742884
59246352
137771473
137055725
124508323
107657704
86993912
81425273
123753467
121560310
115502608
88686467
42099974
98658617
157157169
135499994
126705633
83354753
59884762
135004892
151509951
156475243
115710533
135625000
72002890
145453062
150868841
147084683
124845594
72750381
176774389
177987171
161099340
175529695
151472447
166304094
182728070
167468235
179511683
166088056
129967828
150759643
138417353
154094645
82908547
80179592
123325892
145707001
135511143
124384457
65577675
54044736
111829720
107410221
113367942
79795166
47672010
82948629
109120660
105725698
80728653
57054621
73741845
131281479
132112539
136963945
111718003
95145679
94454866
135258572
141418787
135685014
125834306
49757069
38800373
155187412
160711963
164766491
149503346
114268214
169413585
167452015
153382591
174213295
151402843
138130988
163328524
156180526
154766741
151322230
38512017
96091424
100958572
85975963
65947349
57180075
75633988
141159365
129281523
137571324
125419128
96112195
124270007
145086920
123345822
108106699
43114606
39325808
148892072
152565647
142475375
124214138
74344597
145253323
171917327
141942227
160632402
173970973
99049811
175706446
158296012
176041405
168690004
90321721
175956494
175597693
184167164
173094826
154135733
102976412
154461571
147773618
158284121
166011258
52021593
74843541
72637766
56182586
52676236
82703395
89950443
102648116
99692397
89489236
57395812
121006640
131439255
125007588
95175096
38855544
52597717
145004317
153586428
140270811
136877970
91132546
79477881
145160283
144026924
140964388
127426818
74872709
38276318
142660770
146858458
149286202
132120575
110220182
37920368
90625432
133674185
132328969
125658459
83697153
38898886
76979254
137602584
135235516
119711386
110439658
37825999
81502396
94261965
89312516
108554417
125706067
124101339
116623899
120432575
118154986
123069223
113187812
84998221
104368812
111601587
111242475
118939950
112334550
108782724
90805652
63468429
146066776
148421403
149162978
145439055
123955273
125670247
163632344
162142191
170445863
155133793
61394961
153989235
168523021
158875468
165244468
138968681
38984911
141118928
162165574
158569698
170503674
108800721
37928350
166161274
157794540
172539131
168928767
104564227
113285420
114025441
124749801
75391170
90881611
39403840
92171658
115534981
128296747
130431176
120621710
101829783
107236354
115021740
129715139
117440065
115649747
92061982
55381415
70783722
105804389
153732157
142151190
137418442
122044237
62693242
91398581
142998287
156786002
140170685
115838509
87291891
154057388
167930665
172736401
150521577
58393575
173862907
182640802
185383070
185757025
161722587
148376082
170390397
160693252
161212103
166002785
64153218
123346053
131057224
124055760
94789268
86808493
60830616
76635830
105142002
111062902
115127168
129671101
101612030
110188691
110929125
118105817
92781798
81090214
100029433
110023170
119681950
129058358
143898370
138823324
138441865
120164470
113027536
93366951
110603643
125586570
128873950
111758594
98051936
67716591
79409205
122017953
134968844
133163391
114291830
77539640
49345150
114310195
144321200
144150362
137297873
89472140
70929740
152251884
165349728
174587985
151268938
90551108
38447834
47244165
55907463
95400631
97473928
102807278
88129702
165448820
151439050
167905980
123391946
62668701
171743173
163962538
157055741
144481231
76962573
124018981
169902718
170248801
167530872
135871831
39065598
173231344
186709767
183750440
188027070
129509276
190317010
181236398
189569609
198297578
189510073
192934922
187701122
188702162
192231896
197914268
167196296
179123315
191838767
195326341
184392708
70525054
84142803
86714779
115119198
125003949
72592223
95107783
124311085
131121968
127716848
112885413
70761548
126122253
119220668
129377294
101110849
80326304
81840514
91510158
107342272
117349476
121318362
111621108
94426364
61935936
95971498
117873431
144676939
123962108
125662066
120110398
142931826
138314585
159239048
154375268
157941009
140947299
135715108
114378734
148735602
147499760
160842292
159405673
154921389
131744152
150653447
148353574
153754207
136795856
151472490
87770503
53805791
47092754
83890740
129887549
144109249
135332715
145602139
87365910
71467884
131907029
159110956
143950266
128035197
92522888
78824401
120302284
164899699
167309103
172331529
164399507
127474408
84903151
137077540
135796374
143094160
117436413
138272980
58917019
81471177
150051799
170133622
161577879
145520072
74831599
95350522
142252090
159831162
126817105
162770495
69081863
50950383
117353806
138021568
137833024
120088358
63353579
79134297
154928950
134185261
156769232
142527736
55876908
61268321
132740975
156418450
147096883
170746026
118156125
39608407
124531011
145883580
145067105
139699865
102376558
137501213
143256270
161413188
146086461
99226478
112352196
156896092
154245615
157320071
136422083
41475305
145101027
169884880
167579137
163162634
133854257
140123943
163925454
169661324
171575409
161171614
55298264
159056559
177175439
166597263
173948732
141663226
38224467
169202606
177535360
165675103
172866611
139120756
41525308
174144428
172377431
177967099
185802947
150371325
180217695
177248888
178220483
186949543
124265209
159103002
163951320
164002254
156675091
95715073
153724172
162034155
160129873
164290703
162410950
50998759
149668595
170028130
167973646
172806084
97302566
37980401
173713316
172346361
173612779
159800613
109630400
182027814
192097966
183086662
184882316
195458194
39357803
143067849
161664274
168823758
128902288
130235224
122415627
151024852
152005306
128290440
65188515
44153553
66342453
120203778
117557782
105985421
56866369
141609590
141383335
146567439
156825425
127638259
64162057
84065439
127943358
143446604
142727942
100078542
60960956
163660595
167327676
167502576
149600186
136555194
41198996
139139508
149810582
136196080
137483742
41161912
123297083
154210166
160834629
156075464
115866196
38377197
164850215
181121943
163535592
167648861
125180409
101716199
143108392
145467155
148469606
137569573
44007877
112030354
151560377
151892092
137571138
79277496
147901979
181322647
173993168
167265579
161252977
125079672
181818136
175447088
165737241
166724391
75288737
172851072
185695490
188607577
179945246
153302585
175278208
174020258
180260856
166098144
188505792
120666585
167253841
174461796
175645685
175805569
69320530
62743087
136028248
152265157
160713699
148289712
117267007
87037376
139954008
132465163
141243176
86407146
57315896
124656399
145253737
147210508
134305610
77502943
46806208
119895147
143857308
161544241
162498820
97690902
41445829
162347544
183179411
164334963
187517581
125633686
178870961
181913561
181005281
187045511
193314071
179330530
175728728
173833256
192336752
184251647
99694547
160689867
156901677
163567584
172901673
76573730
74721999
143886534
153800751
158731513
129497701
121309291
48106820
143782618
151994872
154833954
126260018
104240227
69594719
111667049
115691543
120436771
99591276
103120247
101903321
90517482
87990424
113660241
108296336
122980989
114319228
84754973
102910271
115857800
139694178
143540430
153391297
126128572
82817092
53497652
126345608
149465723
149029727
144229713
91854784
37632112
136418537
154337264
158850267
134858269
117792779
46107140
67258446
58830624
43466641
39898388
115002681
127429174
140909702
134527620
118533791
37700874
167202162
167748083
160537980
181999219
150880878
147266117
169900453
174622438
159016365
172677346
63491439
154809419
155306255
143160042
153228919
85734071
153187250
160891178
177855206
172568412
152951730
67570378
168396600
163854763
160997013
157878966
71524074
175527429
181297380
186897236
183073121
159509208
94609263
142283405
142567673
123920379
82272759
84232585
121689170
147700231
138579430
133765926
91885432
102498784
146942719
147662573
137703808
123695859
41242099
95817362
136440565
143605094
142623788
113574625
48829026
148622227
160136426
166697668
146664297
134596853
98719488
148636703
148111211
162963544
150169275
45573765
122023123
164084610
165968664
155081842
128967178
38082877
139804809
172494632
180153676
177632425
134358013
150418049
161152324
153653450
162583604
93195987
91885649
128907441
161538648
148832072
142424227
111623822
56380903
111243341
150916431
147522404
135297453
96832325
73991501
139755237
147348150
147102059
123187788
78790169
71696149
138536424
140434117
142365809
132056266
79754289
130060615
152590318
163679038
150601768
158580621
75999437
122503488
153720846
163318072
156099088
141444337
63795054
127834139
173225424
166989284
165926359
133882374
38223573
134829598
131045886
170545183
99465076
116083874
65195923
133567321
139099404
149275179
115481723
84717891
77074853
161610004
162740494
141384342
135533682
72204989
96279400
123874751
132542265
120162744
60182455
45259868
103229311
155313465
150871074
141681861
112489278
170251499
168200554
175907452
156638216
164680186
74322431
142317138
155007569
164624480
179748531
83913311
37826058
163657267
171226858
171389144
163557547
119298718
151102793
159433845
158384325
145341332
103026567
67895589
70280099
87919843
108903464
95439760
48856907
91277882
116857280
125465075
115895202
89998516
82607794
99722913
94342340
95254534
77341040
101992864
115393885
118524315
116253708
111664502
92127468
103914489
109920899
109320893
111654635
107899006
96206955
130220991
138676899
129613607
113465437
99171678
72289911
115679112
123724689
134889582
127598785
97888012
64912323
81926564
124872170
122597989
106109527
81933667
136401365
176408022
152356513
162750512
111496245
56283490
50023610
139805191
145819378
151117991
132397541
108693583
122324776
130330113
147405381
144360113
151484680
76826434
70088371
93073445
112055839
130947154
127090195
117408046
93055290
81247167
109952126
155893329
154795288
128901900
132337827
50693589
45971555
151640881
156702279
151461085
137928806
100024980
139775250
153760447
151374237
140773120
134228800
53828750
81360372
119985192
138207247
135630211
142565693
103676172
81161406
99618642
120167723
112383075
108882738
37814568
46043643
88707951
110262970
109648804
109932007
96712559
108042182
111876995
110548157
106452282
98803230
78351814
41879068
101256185
151995727
157191905
143851777
130659919
62851407
67305931
115669730
138527576
141652388
120270012
83590546
45899945
89282375
141276462
146239471
147201282
115571003
54952409
133802728
172217584
156566643
180066135
139745744
139748745
153831924
148849014
167270385
95857915
89656826
145444012
153528375
149104258
134518436
55894472
79453964
83283743
75209681
39203348
92987794
104253620
124696941
126009416
106624195
75145958
69397870
115604564
123961427
116211957
94508692
42746768
154611540
161677225
169814961
157075217
134547717
112226514
166583273
164015505
152766946
189211946
41307941
169566976
174625032
163449322
164590720
127312133
176032309
176226564
184680658
190257195
141439154
141962361
155912038
157202141
124410628
105212708
105711782
118345805
132511266
131416754
95827803
155798228
161005555
166115041
158071691
137486413
113629485
144506753
129845851
146396264
106137535
38371927
79539160
110398472
104634015
65553997
41553316
102307870
120308790
115394741
103829707
50078120
71186029
94267098
123802145
117911450
122211325
119014043
116939218
110138389
105948872
105188724
91856325
61928497
56861797
97271847
107895051
104107036
62003389
52061987
53387064
43832992
76420579
107227656
102380158
76883013
58552269
71040375
82517495
91536613
53721560
80485380
131507721
158323190
136282846
116766969
75206898
42016020
133766222
152677252
150479723
116921197
131948985
84095903
147776846
154487728
158302588
155110239
65293146
107422633
155932156
129142925
158498498
159396429
42461863
119905719
156325066
167445407
172496594
137731898
38941393
160774103
183927901
184598061
191547222
150927923
152343837
177897657
175589781
169215734
134594300
74005214
91209958
96233973
103376908
43333898
38015980
109488064
128638458
140206752
153215186
105107027
38860810
57498240
123553721
124581769
136498830
91674748
108913906
101622829
120106332
136982011
123276599
123979921
83378365
64909125
101037926
143988537
152382856
128003755
116033742
46709492
119074486
144012771
144019406
150215873
119979576
46443685
95273684
149849877
153703177
150276026
119750002
55688745
120597587
146326604
144548699
136226590
100369129
38889841
85624122
111121468
120898182
65916321
45860631
108832439
134367402
133930898
113957316
92035921
104937357
137149151
151468580
142455056
123788300
80109923
167977600
172160529
189250322
165906814
144645703
59419844
167299015
181007441
159650283
158026911
87113992
152959452
166692484
152049466
174132935
179798849
90536345
156513869
158568102
170675124
175902791
60663692
126356451
143806172
156552962
142299554
88193190
38071737
141133454
142112819
138784183
127898895
46225055
62691764
75131821
71025392
71803788
84327843
128384336
110113808
127618205
109458041
112679288
104617745
102053065
111067125
131445549
103546653
118390098
117895595
117676315
114861556
99261834
107861177
113681141
119134768
117121884
111361773
83812628
73401707
124762056
149052692
164949129
114610974
102607585
83564683
107835207
158470198
149281930
145693931
124912901
67943252
89174722
136998433
138420253
136038818
121131993
55390959
59298050
115808103
132783789
152893994
166568756
91913389
115824702
112650184
133826834
126788321
122214411
123245482
117036222
123682780
132138906
123212401
114502394
107546027
68068145
113952774
119843708
137544111
134068692
102015181
37254252
38744737
142353033
187433457
180193946
154704418
118187080
122080050
139574613
150637858
146369032
134082043
63654289
89975494
142267357
142986877
153799372
103409488
133264812
169959348
152714009
158059926
129402149
112596933
154691843
165847848
154658240
141333539
38070318
37953776
55534185
141170792
139722211
150999694
127862645
88884316
100914648
138773946
127620523
122748583
57353454
150131914
169039399
162554227
147931294
140154933
90191613
169942080
164334952
155574339
147475224
63675050
159447781
171578291
166016923
163485998
133519273
148819543
168875269
175262958
160166429
163737518
44110528
151548320
155491282
164218482
136021308
106859336
159693982
179971794
170264312
163287927
167116873
50413863
49628922
149590446
151903940
142811670
155427275
70660259
118646757
140122359
148596431
141812874
113654674
38750271
86077036
146752043
160528964
139497544
112969026
109317998
153633475
158297163
146185689
156349327
39046641
162897242
174752500
179107787
171496480
150503842
112241795
170275663
171810857
157397866
172377709
192322043
185866764
182075448
180424614
199216945
161377035
168397103
173487407
192933184
112379897
71964983
63797652
146248016
145770152
150521128
121891329
77109580
143900292
159220075
154034625
136467642
136499050
38843384
144168545
180053387
150583354
171156847
123081826
44925267
117247450
155039949
161808408
162161788
99334000
39042835
173869332
173880160
192139330
183963255
134199236
160492086
152721443
153741718
166814176
91614537
180972974
183176709
191317057
176704449
165419247
143412706
162149488
171088651
163757100
97779041
38726180
66229547
137627626
127138919
140158577
88598970
76361633
134741136
147726470
150790532
122788604
125443177
104167553
143025431
148821689
139589832
140325416
65169409
123912776
147341316
153271278
145456331
79195506
38257631
162706787
173404582
163153565
158754118
116446466
159927322
155610841
167635639
148824485
91093071
173907565
180210383
179120333
186329940
162665586
185573951
190408152
165684892
176926693
183676127
64229633
54378506
131538547
155418213
151860970
131172214
117545671
41104075
157537853
161699769
157287293
159238470
105066562
158790211
170046839
178947114
180438629
161135242
186371763
183741848
191690020
194586491
187226894
163722267
169213694
180058511
179179484
193828903
122580313
160047674
170072128
158824155
142703027
37993007
160548272
172981717
170641311
161374202
120242555
154189009
166123223
173555026
173734509
77118157
56579985
47947031
143739832
146148381
164637393
122114842
132705055
111821189
163561503
151429254
161664911
133150923
73805301
165180501
152382131
153179306
164198364
65542216
177650210
176456131
169935982
176689465
161885287
167331196
184666187
191905836
187388689
200384003
130793767
154100747
152317939
146226300
76391524
47195500
145987985
155956530
154961053
146747344
100522143
152073218
165576463
145143924
156121238
98722497
76012256
130425476
163829630
160794153
170953933
158143429
147251566
101992662
106584869
144450032
135960784
131525868
108253438
62804787
112332998
146221388
140292372
135984804
127190607
44681727
108515096
151014845
151386566
162824855
132304514
69003252
112831102
168469046
177430986
178941665
150009442
63962979
105778409
157053711
154821250
129886578
103694744
39333403
84147810
120799192
128096860
132480713
112040723
69743179
63851609
115796153
125577790
128688091
102700853
47960138
89490979
101872732
148933871
150286772
155327828
157943489
115851735
132471442
145334723
141026419
127534131
98718346
43337435
118281486
141175992
138560410
141776164
122951117
43164983
87094761
157675469
165665738
140046105
164298593
66358470
48638196
160623618
160973580
143744422
158984294
51101391
157888734
167663492
165154661
186261261
119175219
123577355
119860853
127055640
132765568
74282186
43262679
126322015
132449504
109569968
130656673
38599727
64697107
105335829
126609775
142043965
132147040
106450544
67360246
68305863
115941001
147944091
144872301
124532446
96571961
48033796
74336114
139508865
137244245
132122631
116459169
70633033
108285102
145783766
154203798
128735505
139097577
39748399
135823638
148072691
160597483
161726834
121747560
74058216
139661000
147027927
158562819
103685078
70708789
153478223
151866956
149947484
136070309
71659239
120865687
162496377
155158360
145796773
105630898
106164800
106149439
127715698
115055478
106312399
52704507
72577088
123455298
128216753
117069669
88937013
76538793
160493696
166057798
155361185
137357064
122025169
100262954
154398910
170701336
142953539
156026782
43216239
119820921
163980219
165003951
166007316
143968933
41506226
149088524
158545020
162540873
129052011
105789357
164003983
174050758
183752794
149003730
157816799
40743385
157130942
171049499
165380305
166535111
119163196
43655129
39087529
135643827
165721670
166495359
166305818
157453627
54083017
162663116
171288698
166089744
165227723
128714106
39779246
169511969
179555362
163513878
179911422
116424270
128098479
177898573
183706796
187088756
189343552
38965411
164989267
176704378
182961265
199318033
142819378
155760365
160343698
179965795
158575408
95675950
152364029
157601885
156610469
141632390
106265418
41800605
110033807
140260789
117339351
107962079
39462227
38645842
123373686
124462711
141723939
127654937
115285319
67031330
81459931
148070519
142660741
156709250
115479127
89796882
163144582
171061496
185758995
155851237
136544479
170107729
180809247
170580000
164669970
183941591
180927995
187744278
173033487
164723695
175847284
38012685
139502959
136712739
154056179
97201836
105862901
71588564
127069053
129299039
130074936
105927532
64590363
95958632
119573583
111329271
101453922
39969061
136626098
143550028
150336560
139137522
95932438
89527496
142841972
141750456
166518340
146257100
60749497
44839719
138653214
142312549
158912746
147716205
104743229
130467336
160327210
170137299
158967047
174176207
108205036
48661199
121589121
133951199
144725796
133559833
101707278
98378386
102960163
106191886
114133030
107664990
126378152
138910495
120222440
112444220
65930410
113933428
121677367
124101498
114069582
64939033
38664152
78269907
103678529
105806287
73670087
42511306
74749392
134089634
135730142
140266508
112449923
72477377
120185061
156220999
151833499
127516148
145768897
113780377
156777210
141961471
152131062
144980776
38068948
160657785
168209434
164307279
172051317
134586887
95250611
164249728
164568854
152807064
139939887
170728678
168934564
186048481
170663396
154557903
147991046
156538505
154582694
166942784
90195979
49137436
89769708
123144458
129245659
116216707
122544472
66483313
41673888
71942275
112102029
100713670
80135827
108820641
109080281
111959732
111828580
97919347
97100343
89298822
85913251
116187864
129989386
118806943
111139147
87931446
68471633
92597662
120392861
140225249
132724719
127486532
85092330
69691919
108955081
118584193
110604033
99294543
61123556
55058231
87877259
103136805
89691565
117927503
118013760
100195559
96071192
68228133
53564628
60936478
91639964
126329280
123611623
109982563
67999218
72624454
139657732
140054157
128066264
109180491
80068661
132379818
129883501
143268680
106531221
68822155
111120210
134200780
140801376
132222960
116123165
44410933
46671010
143107155
160431110
164896960
142182584
113807988
86427957
154440525
153778771
165059545
142066398
56676935
98328557
165834578
167420988
168046263
146019355
39070503
139760412
148302024
159494405
127405796
99226455
156195831
158028673
146290695
156504376
102151662
123660294
145630900
144449254
136941783
87876195
154987997
166103383
158618761
175464842
103666629
70191676
143331504
154108536
170205273
126655732
81266581
88148963
159971358
171471977
159532317
143945784
61924705
163694636
184387667
181722160
168605026
150644146
162624424
174938961
175974282
168809329
163769020
155950067
167275573
175420891
186712488
132871536
39361372
113387110
143593556
128738893
106375913
81698024
39478449
81866358
94495971
106182633
85462914
66922473
43355740
83367887
94496330
66748839
110419217
127762090
156475060
121358251
159990224
110949222
107931776
123044146
123399091
123883648
99145069
73415129
108468676
137772265
163283319
150507308
126270796
69072421
50131383
107422072
152429689
152747373
132592324
97575592
40584992
156599531
168048261
161157636
180273803
131809580
80927262
140216821
135370595
128412260
86886284
60978041
68963005
125616012
124037002
135902627
91590958
38125607
77588608
122138635
121262964
105736045
57902794
46772126
86344663
89211240
108321862
111528918
99167009
77693340
74481612
103253024
130180764
141694848
125710282
108468574
64591024
132906281
148185540
151292767
147510205
128663619
44025085
160890673
159998121
156299637
182154325
131999939
148193751
167549852
172235684
157843149
139667359
161292687
168628640
170750602
167504330
179354134
57611089
127961154
136839264
148465450
94212136
41700731
135004350
134962430
146932438
131367133
122095898
67255005
150553234
138952727
155936359
130018696
88660577
109023986
169945515
170657317
154870922
180794001
53900022
167261553
164477880
158605738
147439514
123393214
180757904
162740153
184875683
181777943
194413097
190319445
184141245
173096505
183079390
168230423
122463989
138620968
143475062
143967658
83657933
39461763
122300028
133037318
149495841
111144852
92687527
153941995
165501969
158217960
141361195
121853110
62184826
103168521
103381590
94748059
82693665
97346936
119779035
121941748
109623585
114115609
73274877
109453895
132335530
131409891
142517260
109422795
69944256
64461923
99169004
126953517
144231335
132767428
122642822
69800717
105528905
131875266
142810500
134312329
102844036
38287715
38875679
103481568
125976786
120612948
92198415
38140160
94182464
120325067
130397295
124928027
105261766
68803704
51318024
85563081
104147114
120449783
111605463
92079235
84395707
64065411
41145823
129684834
161282969
158281965
148825641
120716944
39307695
147713996
158546298
163901985
145092979
114234388
107635225
152502815
153613657
147779793
153649874
37787374
98795172
150708122
164817883
165581423
130881042
38630682
169561886
168313335
161591061
174179623
115836475
179740452
169881264
166190455
181923868
123831926
113916276
104716895
109689129
38388925
140322144
157183884
137857467
144335043
108737874
52033274
154467245
148599143
158886805
136646623
87932988
160027942
174343856
171057857
160560861
130558772
119985969
172516231
166585896
165462309
177875756
71662448
38737462
162478337
153609377
181465161
182443447
117542574
92145110
144119195
152435015
165720332
113436974
39105014
137571917
147120472
153911530
131127334
83776380
100079141
101699771
96921486
77672190
70078416
38511621
128481305
126444598
136333212
107022045
57281383
126898526
162800322
160702999
165341103
145024128
98489449
121601938
131456145
132562371
118721459
81985351
45632880
98998762
150702059
142818275
129021856
111676009
51897453
118799275
152158739
143978065
141503091
127705273
84457416
148521967
144964505
158824546
154440503
67015421
103452468
147042919
144958778
144420907
125647150
39176282
152647149
163325189
173391151
137179547
123863774
47601172
41827473
146128738
161694603
153375657
171239839
104562217
99682570
120720107
117570056
122098141
105821194
60725351
127916061
138077874
137703984
132873104
113958487
102405879
141815095
135390194
129011369
132898621
47901074
55636652
128125769
148261206
159049296
135931578
99697675
38219453
133678519
161012122
161092726
153154404
114083231
52423326
157096842
154123373
148347461
157354206
90547023
144716188
178598696
168606618
167186119
138871030
39010243
48997865
44991696
90027536
98895712
80752909
79857423
71782166
64120804
86134970
120034414
124665943
117322732
110512175
81028531
67452644
106379190
125440694
130544177
117725368
98361343
53555522
82446805
126388733
140758949
130840672
127820159
60486167
38498043
121117890
145029915
146253489
137210383
101060595
49314742
135242604
146209600
156275133
132941657
99402424
55530906
117653284
131541010
139361653
128864373
54071847
101089368
156674945
145566449
153454007
123947564
56783936
45384279
122212112
149632629
148837884
155859702
73979274
130620011
159878863
145007757
157809761
121544891
52671823
140240405
160996708
168684919
149382654
120208819
90195258
172925343
161942338
154755176
152258719
58189875
172785052
168949195
188089607
162631968
194509125
146446293
153889978
175511821
156159276
171530558
67257664
145776692
158167152
156501304
143181898
74809841
113760869
168292013
170139280
149459560
178132689
91012716
118500041
142187847
158172742
149505576
108745841
61260571
167126619
163918475
174256515
171709900
146856518
166792541
173327303
187670347
168977960
154325807
113194045
166419363
171536450
169172710
151099482
40352398
166594245
184966055
185032061
184594339
144831105
161067898
165040799
175564747
180894777
173218765
70552581
171203828
172941196
169431613
167289739
77279529
162606805
153704539
177800663
152121433
115124508
40770288
37951550
134030763
140182330
127933973
106045302
72182388
138808647
161093523
159012650
140625506
143734334
142295319
138414260
158267020
168860153
147276878
72632957
45509149
160181277
173193093
158035134
139994185
107470497
162626868
174406578
168419145
154413394
151529244
110736008
164897746
153524895
166433851
149289554
48140161
113242356
113457504
129324497
136185261
142033295
90589784
71426750
86341142
118207286
115219421
98056479
88747359
42075891
39939227
89056585
156609422
175610055
158288340
149414679
69703707
152069654
150997288
173263124
165052328
135396211
147443679
168672518
161601033
145817404
139237423
101196253
149013969
162379926
156473482
153019701
46304955
126396782
167212432
164270174
157440231
127624151
38171514
151256228
157923694
150561878
151016473
41622835
168373455
161947062
175751758
152738421
105458042
151919587
158374959
160469174
159011376
96941137
38918966
82897654
126083310
111034855
126481194
69679655
67965679
86212489
139139277
142182447
116521651
105906189
74040849
119307515
146810197
151637960
144977158
86296186
46010331
162667064
174643830
164978042
140319321
125448827
159951338
167212656
152566011
165879942
145103153
38221480
179380910
183587560
185643306
194119126
149345076
175331978
179593967
172754056
169302515
190446275
152290360
176912736
170044811
166805522
186481272
60791716
71196032
100181151
136507223
132515304
129302410
105175936
54382414
108527726
135234510
142804506
153046730
131693181
41108307
134932687
155335586
180982965
160659691
134404410
51903757
150982789
166391787
148529694
168384545
93556282
77273348
139116783
152330691
157501099
131311993
40460166
151667836
149650061
162593508
137184565
104728333
119260328
140147899
146130941
135797427
69737404
38386854
137858249
145101616
153472670
139406643
94449517
52036951
50090430
102399937
134255579
120500746
95484996
76547194
42613369
128155935
128443827
141414173
131177174
101707196
60439445
121065148
129974645
151086590
143323580
50241998
38300702
157252410
171520569
178796271
160330256
125940508
155742181
161884949
164801195
181079936
159968013
140017668
170868986
179254481
166439464
165126959
49113089
102509282
159792449
137686662
153351771
119278540
47894213
66217028
100022278
92445448
66400212
65734672
65890210
172206653
169038271
181346165
157974175
122734693
45127132
176019578
177448275
169478733
153542327
118850405
142592271
170442277
174200457
174138057
161142785
66769756
167111139
172358478
170166949
172024855
134564980
110619033
144313521
148492292
156183666
167957107
90730917
52678166
82051979
142397195
129153014
162486698
122805289
59656422
60086423
98313268
113222321
124548896
111618471
104081529
74932279
50557841
76823622
87882116
64334790
38426848
51039140
68049863
110638668
146275926
127982515
133579014
95591384
49677399
66753069
126182552
141310790
137117154
131387364
88823554
62111604
106368198
138332164
143544158
134692018
114014920
56820911
112423631
156437341
152819893
144185993
120908638
45279652
108913583
149792750
161404047
163082132
118195470
40955701
136763925
145054695
149892896
134857284
63994957
101341639
146204139
155548639
141328609
85205250
39217803
65275805
97215976
109359460
102222059
108138514
37823960
45570105
80586833
119498763
123845541
119503723
117509587
72811189
76525057
124667930
135000452
134445954
122854965
75841370
93913725
144306258
141918504
137847472
129256291
44446526
132173945
145674615
157253589
166085357
136228403
94050596
136670707
140222296
129114821
148736649
45358227
85826278
130804635
152940619
132447653
115019668
64079467
121058285
145433583
152670787
137591683
100323141
103044385
122118481
127926624
122825530
90508780
54702537
43342264
78321889
105283684
108587247
102982031
89207531
106948912
108432027
112171696
139813571
121612561
112945744
96374532
114086501
153886085
139485956
139993537
136769411
114471201
105577281
79748127
126887234
131123397
139992263
119012624
73567078
93511987
160314025
144733215
158220142
132414837
93861107
165890795
151001835
159449741
129418001
41899878
148725583
152022450
157295829
151528362
66361371
88075631
107264875
103653691
62266512
42273307
90557060
125709918
125629517
131632486
118494651
72419608
90017041
152945015
145466305
134806753
127804338
71317190
121448502
163786673
145827867
154352332
134500898
38371978
149666186
162806120
157229037
159433774
116666353
134155987
170061797
173214677
159838884
151669223
37951785
143938834
151594180
162610252
149518414
80416702
82108380
145192430
142660170
132601321
78098582
104275707
129711145
130646729
131785454
66329103
43955453
113226090
150722809
164826193
148896717
108683873
89200790
167301275
157932319
174693283
145353135
62673939
180163370
183921245
174658149
173441327
148072158
82858078
166316819
166724606
167304808
160332166
58853585
177979613
187023114
180566909
165788018
182176479
170308371
174608226
172823328
158846095
106835125
136108445
168514774
166777123
158471858
151126502
39506022
91748439
99317750
88094792
68341903
45044245
116580741
147971909
137647500
158332022
128759923
38832176
159111598
167477955
163937770
177774676
138615415
140832136
170497841
165035756
161164079
150999685
39424076
160514102
161015428
158016795
167346476
114581722
113145437
161463734
161378308
160974286
165377089
38380182
142919443
143342559
152958110
121399183
81162498
95627816
143978509
157000669
141145686
109457064
106843554
127450355
123858070
114655440
91701580
69771737
40241151
97739987
109053445
125419331
108608867
86288983
43942014
95717145
131638161
127513405
125184203
118568132
51406345
117027688
135970092
140536740
132071041
100383158
48815127
66940951
83940769
104749557
93554622
74114296
64027165
57704915
90551080
97185919
112177522
100378107
91153984
56657101
57467532
72294684
106389809
111170453
101486646
87734463
58430994
53478445
68436370
125806838
120684789
113169163
86541947
42303905
37977655
87171896
94034978
103487987
72685395
53858794
76805187
150889155
147354139
140141576
116390125
76373591
138787387
160901474
159404709
144066338
130889172
37650286
165101700
153044094
167672404
162070800
109903158
182625205
179155930
175341921
157869183
173761663
154509522
174927463
169387803
167227557
174949218
99993781
160580376
170236628
156765028
158046582
40299886
134449201
141333392
142952483
100405825
119054642
39102496
112405659
105439161
99083660
77879223
99323360
159185295
153742286
165660828
168571668
78152596
142764440
160939186
134269112
159068981
157260761
38542236
95468693
151195888
155191132
140929379
114926798
46514497
183061484
181599671
170549193
179465937
152899154
170152563
171953570
187675336
181807366
195149010
124200594
157577810
164621444
163214189
136904167
41749455
127348618
138805395
153150071
132576744
112635430
39118934
37942851
114789263
117421662
132928622
117300411
101307320
86714624
101907607
137221145
159913153
154768158
130658537
119803629
87169499
131878663
129412484
135185914
124247202
82071299
70797788
115325499
148567121
155482337
130700701
63518273
38286404
155717227
164896144
161771939
147407256
107787348
156115793
165370369
178656506
154394833
158785945
78468298
171484899
171440437
155964968
163849427
70315764
38954868
139191817
138250780
142811146
130772029
110868116
70224146
111212522
137381822
138045202
127360493
102673180
69345972
87328638
127001625
142488223
132953694
119085610
64698322
82972376
157079771
179916181
170666219
152009416
87357379
127343877
140297259
156597989
135555206
151148607
37727418
38633748
153136353
164339291
170170375
144204079
118326470
179617256
183974107
185215086
160252505
175199229
165826262
190132164
171327353
195722081
176345241
148606255
141111609
163291097
161747052
83256226
69565581
115290272
135428560
129681182
138704427
93444016
50562306
108358839
151078268
178363241
144589689
121387761
38815820
96855531
142971647
160566442
160940781
135763961
46491315
165673384
176313838
171628498
160316140
139694445
164163325
175770769
185025160
184099562
179227061
86288121
145590271
140978700
145333008
88684091
45529866
111832209
164587600
162653738
159056422
135473957
44071749
114999223
108057583
117161903
60770115
38392816
73566037
130690619
163000330
163001086
126719422
97076884
64391116
120856717
137615666
136800650
130264029
87008175
39118242
101401038
153356131
152282061
154929325
128618898
50163307
110218163
166609400
148229324
156067941
124766900
38186988
172558314
172943038
165483827
158386810
133569235
160873350
156250675
179390529
175938215
118318675
177940872
181022755
180484730
180829498
157917810
82478831
97841631
106015548
77466155
81860294
62354939
148524534
143090912
167645255
156188904
88461075
116719658
150725231
153832384
159175061
128609968
44193591
115355370
165031085
166826597
127401228
179618095
37771524
144869505
154250873
179175770
172409861
140634219
167253472
167437732
167555880
176195334
164305214
189950901
195104127
190713888
188993638
178505410
51045614
120229138
143760219
151271435
141325994
119817145
50139797
106655543
107029391
100021146
69268915
59056761
107677541
108757850
102277170
83870573
45545712
43580517
115569168
120236389
109829181
70329009
39222341
57580303
118431102
130788795
126947674
123835652
68317736
59950147
136618229
159036463
140219425
159715640
86002791
75457351
157023003
172085101
156002730
156306477
88218779
131251774
154826674
154772213
161001701
138512989
70358518
168228188
166437289
153248133
157861092
74000283
123523909
141523535
143448460
126230476
80152020
37771823
134978186
150540108
146149334
152271603
108704090
71575793
132421533
150259193
160049391
156044345
114847435
55849507
146366052
164116601
165287639
157474956
143077649
52798274
152965305
172471321
169689067
165677001
127810384
112367858
158541785
153302854
166973040
164754919
38530750
98279386
139234761
144739668
149232796
89579517
42607099
156290049
176835782
152362547
169300883
140628722
72037749
107852309
111934525
97040600
72587632
39060663
101545569
121947274
126101328
125661497
105260605
61421608
97284750
127693766
126335609
135666268
107253160
61114035
57330947
153673906
151449219
151128366
143622470
91562253
53739212
137332060
161498304
161894042
153424029
95936282
38556859
146548722
145762278
146341806
131936419
124525258
133421581
138971783
143848666
97677172
54495439
176844196
160131976
168137265
146746706
67141003
43100372
41136058
75715768
90248064
78217616
48568538
72389366
62630119
40821714
37981271
42389158
96529002
94895161
70206480
64632982
113630349
97720697
80573137
87185499
120454304
112593847
78108636
74890009
96298454
93752685
42954282
80995159
99591346
97441484
53339356
99597029
120774321
114259756
63968460
95172985
101874844
94485228
38422814
90766661
94685473
94863588
80815289
83502287
68598229
47301173
65202044
54631464
57314717
78004316
69253914
61202477
56847240
64013559
62047029
38139961
38936524
45408581
38947732
45045122
37937425
38102437
38618525
