39361791
38588774
38090674
41183878
42630918
41707411
38750656
38771732
40756451
39425502
44031944
37949979
38636593
37519784
40616551
38070551
40467867
40948769
37377788
37477089
38317712
39516909
41569807
38600874
39139069
38103176
38237192
37751922
40172775
38785818
37759994
37515639
37826429
40034565
39384995
39003270
38145761
44548210
41076436
38787218
39123453
38742713
37385697
37173817
48106889
37646305
41161482
38035075
39119744
38430299
38732033
38756334
44702966
38514715
37403955
39042416
37949212
46884730
38574824
41015787
41927265
39838940
39073986
40936748
39408231
37611400
38241839
38807539
38369049
38317036
37976970
40969426
44878436
39257085
38474699
38670567
38682014
38824569
38709053
38986568
41678776
38525435
40587154
38189731
38518155
40381126
44875304
39276683
38175901
40883943
41190057
39103161
38162580
38533067
38990290
38203192
41589268
38264160
38738075
40398982
38734428
37959289
38565738
37449252
39149797
40829711
40424350
38054960
38580917
44861781
41389905
37385486
39088410
39588508
38894526
44290784
80305515
37829329
38671821
38682374
38560367
38656315
39468050
41696083
40089672
37986043
38068332
37627902
42281765
38207379
38719777
37329015
39029718
38035705
41033370
38898576
36708587
41152828
38410418
38853090
38166106
38208052
41407397
38650776
40532791
41481641
39954623
37853209
38209173
41707274
38291057
37860911
37672003
39100798
39057348
37887868
38106113
38162123
41514074
38540003
38963913
37980693
41299260
41241758
38607199
38358615
38143557
38616098
37914779
38545064
39150314
38026809
39002475
41471780
41984046
42572504
42391698
37671560
38684222
38246573
45247902
40704792
41196554
38165783
38335617
39115272
45038809
48404456
41775305
39283313
42531081
38521423
38350242
42032580
38923740
39713534
38303487
45570209
38947766
37699360
41574036
38378581
39042516
38518895
41278453
38185914
37558442
41377254
38971195
37104832
39068491
39230425
41830369
42391663
38891555
37748656
37857713
38965472
38238052
37223799
41759763
39142677
38773170
41008973
38498944
38401586
37921764
38502978
41596681
40888283
40949542
38660131
38138819
44909522
38741213
38718982
38703634
38317303
38272726
39089233
39362753
37894664
38723062
38772314
38668098
41166218
38300419
39368709
38817682
38251978
37623718
38239305
38488601
37710068
37697035
45116236
38473862
38095835
39798377
41413712
38635382
37977055
39410546
38130155
38351753
41284540
41216835
38161516
37652449
38674955
38639041
37856622
38911507
39960890
38707768
40412684
39190742
38719567
38677100
38712645
37372948
41402988
40456740
38792485
41582047
39152077
38796034
40420730
37501858
38462569
38982844
41243476
39269898
37530813
45837334
45501097
38347383
40842579
38146134
38459305
39049338
39135071
41667212
39003834
38871141
38062319
41155091
38421625
38727597
38840072
37307214
39002759
38025973
38762480
37739186
40690605
41284274
38193517
38352177
40555370
38713184
41853607
42141866
38115443
39616606
39980202
41527938
39144970
41263154
44284664
39219195
37984393
41164042
41889105
37996296
38483296
44556021
40634854
37303423
38261426
40852485
38115986
38773756
38607189
41627247
38311314
39003566
37479026
40909142
40690489
38503894
38427993
38618848
38386757
38112461
46148818
39606677
37929267
45338082
38176212
41043099
37961928
42078830
37909535
37906252
40951973
38213583
40671223
38092395
40621934
39006754
41083712
42127159
37977829
37976622
40773576
39101102
37807016
38741295
39140415
39058689
41362460
39088496
39787067
38220178
38757632
37526185
38483596
39178033
39295730
42595963
38237253
40225171
39029103
38201580
40331681
40793341
38797463
40870644
41292616
38074901
37961284
39042831
41623150
38953348
38140145
39095502
38365285
38230027
37209042
38392575
39312269
38646560
39161973
39572503
41270710
37812217
38185246
38203458
38706855
39237103
41045469
38355415
38835977
39090268
38467900
38658012
38690244
41115347
38954370
39291174
39099930
41801137
39056055
38425845
41976818
38375782
38540551
43995759
37956369
37589230
41952331
38143029
38232531
41140358
42568074
39245189
38038206
40843018
37868514
37633454
40993362
38029652
40635726
38912201
40978993
39343928
38159674
39129960
38351506
38187747
38364121
41318066
40372566
38334001
44886973
37523522
38336909
39175860
39209740
38513296
39138771
39199279
38896493
39384365
38439301
38825095
39386057
38789038
37862484
37417638
45273254
38839186
38628095
40563988
38407921
41258171
37316757
37766055
38384884
41949448
45669029
38470436
42199245
37886625
40685771
39070489
38761782
40631179
39003720
