39535470
38789593
38221119
41318046
42826757
41900969
38957699
38960866
40887219
39601925
44508541
38082816
38816075
37648307
40866039
38186081
40610566
41074115
37524254
37649346
38451701
39737602
41705175
38729616
39336348
38249853
38474105
37897985
40402948
38978479
37905445
37677581
37968892
40271547
39592109
39190837
38310153
45091490
41218233
38996956
39312853
38938318
37577368
37331178
48618428
37774458
41361809
38168200
39321721
38626124
38904584
38921733
45283523
38683410
37562047
39251448
38081651
47348228
38735410
41157475
42144458
40043888
39274213
41074727
39581638
37786172
38386260
38979351
38508008
38500514
38149863
41096711
45214146
39484831
38705236
38849351
38868054
38991874
38911919
39205048
41969327
38691465
40720423
38319470
38660192
40576164
45216161
39495407
38301485
41018042
41331829
39307589
38338750
38738101
39170830
38431677
41713680
38435214
38925828
40653254
38934422
38085537
38801771
37600443
39338770
40958393
40574582
38191215
38800383
45046085
41571693
37525022
39360613
39974709
39073861
44852295
82819976
37979414
38869341
38869480
38696953
38820597
39720605
42020714
40352370
38128379
38199945
37751302
42467905
38332656
38888630
37476937
39237841
38189972
41293264
39130412
36923335
41313177
38592521
39153563
38323318
38351570
41749146
38854743
40711534
41712545
40080233
38023188
38388813
41908932
38482495
38058615
37828382
39309874
39268339
38036450
38272275
38341061
41723048
38745887
39170269
38145470
41499249
41390356
38809098
38549796
38352899
38749353
38056117
38724582
39365343
38157553
39237197
41740126
42159177
42799392
42617600
37826589
38815351
38446043
45910699
40931123
41316977
38328255
38463913
39328938
45589033
48877283
41952673
39529104
42764521
38703580
38478110
42408612
39094243
39931052
38481514
45936689
39158836
37909809
41719440
38514708
39278648
38663889
41422732
38336013
37694740
41656486
39156377
37220425
39393149
39410453
42036088
42632623
39091942
37930604
38006034
39160573
38365047
37343611
45196589
39392640
38957222
41134943
38678096
38602474
38110918
38684837
41755245
41036704
41098070
38922094
38282297
45571979
38937214
38969747
38892939
38526422
38430963
39289231
39569482
38098420
38896596
39015390
38868247
41378803
38428371
39582529
39018771
38438127
37769271
38447631
38757389
37849093
37827014
45874251
38662351
38248413
40095196
41645509
38833534
38122482
39653501
38320009
38505673
41457189
41348605
38294846
37835775
38855229
38821905
37990789
39097218
40184272
38882835
40670073
39401257
38910009
38853504
38902857
37497807
41602655
40591126
39010487
41795329
39338819
38985908
40555415
37652995
38679863
39175009
41630173
39465592
37664136
46181930
45852596
38535002
40993265
38326014
38633208
39220772
39341656
41863781
39133379
39055642
38218574
41338404
38554735
38956952
39058501
37482997
39193328
38189047
38974790
37915819
40993884
41655649
38360160
38550609
40731940
38897936
42054895
42330393
38272349
39827466
40216703
41676777
39352468
41411687
44765893
39407198
38113244
41304758
42091975
38130070
38616193
45152528
40773799
37459258
38451696
41059685
38318346
38976606
38812572
41945365
38510623
39235426
37623502
42907184
40826879
38714258
38571665
38823097
38574586
38313405
46350891
39810484
38068574
45906900
38319622
41192163
38096164
42282577
38049176
38060135
41103384
38416902
40815485
38243146
40767577
39239590
41420876
42350898
38127304
38172511
40931150
39302644
37956402
38967007
39334180
39273911
41510344
39312457
40014576
38410151
38936751
37660406
38626443
39378299
39513828
42828210
38435050
40473731
39230512
38352544
40484910
41068637
38964061
41024985
41418666
38223327
38097974
39233107
42055527
39154801
38296713
39327281
38500639
38372154
37334153
38578276
39497057
38813034
39371142
39797837
41400744
37982707
38403415
38415447
38886127
39431144
43027389
38505741
39043390
39284581
38685107
38883475
38864278
41319807
39160157
39472885
39286786
42047069
39255529
38637962
42205177
38541742
38708639
44451308
38102472
37721278
42144177
38267819
38374615
41297022
42798134
39470719
38190752
40978223
38046568
37801337
41414390
38162693
40819227
39114568
41097447
39523866
38305861
39311073
38563172
38328274
38488799
41475868
40661273
38514879
45241349
37702206
38521292
39365092
39423349
38701956
39348075
39338821
39068851
39608574
38635700
39037927
39613574
38997036
38007477
37539126
45823110
39020631
38850186
40822678
38540132
41414253
37433388
37919028
38524857
42138955
46311194
38604470
42624635
38027745
40971947
39266474
38951665
40831544
39228314
