41583968
38824226
41057003
41777470
55866181
47770578
48411176
63662455
51466739
58541138
86042758
90048198
88461500
94880267
93661703
104957944
112337488
125825254
120866278
110919597
88839186
94979733
114601440
127918208
129345915
104871623
77363332
55293797
93670189
127626099
139579437
137815165
118183574
78235061
110981320
146628713
143533540
132043733
91848185
59759069
130804588
151132343
153280696
142041937
85325645
37841437
92961456
124883122
137427709
112636821
104096068
60588910
45988037
93467846
114323604
125211915
101901982
74463297
69180999
62029925
71561593
72511912
62648629
59619827
71616086
96047933
89819179
53320192
45110463
54091540
95390668
97512450
98923645
75957878
81122568
85785734
89694892
66609474
45584081
39967326
91820998
105835199
102422014
72866574
85838627
69117414
71526587
57960220
80909049
91026097
91628907
83923153
52923111
64073015
91850889
87140892
61906995
41159155
100909990
141154615
136965178
132615344
121156569
42294647
57183506
81425020
112689042
110631730
132602038
102976487
47181012
149687549
159837109
159498806
149510410
80288480
163168206
180693829
169742313
170185844
152365581
48937420
158775491
154747488
154323652
167100631
92689075
169642107
177256083
159874661
170633994
164003318
166292576
183500075
170659482
161878243
170614312
107529126
137489380
151188459
149232823
72569784
37732281
158770528
164678868
173696211
149700825
107234427
44249392
125794960
141195505
135351336
118745010
82020335
148742381
168376568
181028687
136597972
155690076
38282371
171137092
174413165
191014052
161566256
114084841
166104594
152937544
170071338
163863972
119555352
180964715
177625215
176983111
176387731
156071830
103845528
149219223
163509430
163897850
145401156
41783687
127701623
152767449
149381168
111513308
88026514
100105468
123077654
124719926
140904763
122916826
114680759
94718023
68175655
42021413
52556263
146028991
141312519
155173627
155625964
109270818
90892679
132487264
143070952
120663530
142972126
54190535
127526906
147847309
153197918
151431913
118468839
51352267
161617343
159516224
171281672
149062143
95390058
43459664
74388188
145198611
146336105
137870383
98366267
44923758
143156471
149132616
151170079
153208727
109980333
83696055
118674222
112245579
130802712
82866735
70680403
64845001
80568139
88471848
77852105
41514777
51352220
163361831
167689480
157313038
162052494
99087294
54455042
96491433
133289001
138553791
120647860
100833595
74029756
91750021
115429921
118118318
103439794
96982616
61241384
142280327
167853358
152354649
154993057
97828865
48584188
133625745
146934828
135759944
139038655
92696772
132688651
157027146
155971798
141104798
152132700
78971612
125229798
116932801
123952186
54486732
66482640
113043762
142819827
132154306
116222828
103043917
53775944
53326807
75332625
101921950
94708069
69837086
56490236
77019803
95962846
91493651
76236455
88454363
87677606
63893112
117509861
118784026
135336890
124945850
93520797
73242504
109487732
118012835
139212575
109241933
71178675
77394877
146027197
144765636
146563783
117681360
100341454
162602641
156181992
168207014
155186853
147587395
127738534
171567891
161899653
158970384
160649773
49687703
75156644
114551755
121955547
105832094
121671247
43021489
141072575
152018267
154386026
144437233
95001898
125313367
143073608
148445575
121181800
82920656
62066376
121611426
133171663
140988882
132600129
77515001
41139600
105100736
128681463
141713043
120024359
82920195
59998725
126096654
132457277
135239336
126200749
89989141
38416465
103119349
120293294
135083345
129355308
100749554
68797552
93123447
137470236
124433661
125198709
87769027
118048903
137313676
130000398
139416515
114960366
96898049
54450824
63393384
115332808
109936359
94415722
63885279
55114144
137017589
149539771
153214329
129665406
102482336
85750432
153317647
153486865
166792456
145538740
67725840
38807269
150325761
162647345
162495620
149793636
108605644
165609472
173746147
181202868
166310680
153804839
74401842
149675375
161637909
157656470
161134260
75145631
118366969
152044066
163089925
160986253
143947297
41338576
99455716
134263644
135523658
129034358
103413676
50093852
114557806
149353551
150333824
151610169
116683152
38383269
156749586
165408770
157917555
143185999
80297063
133588418
157183973
177619430
175195664
122333885
42895137
141258996
159548283
157362139
163253295
107423454
139256009
171596168
153940227
171178656
172720473
47543639
151095470
167502984
163948353
176377727
109899080
163362341
179505223
178515466
183948186
167975686
141959465
152561816
161122837
134879316
74653907
78608466
105371705
142612077
145339570
143021731
121209690
95766844
103821461
141130944
144448756
116905575
92867421
58260596
134599573
132303262
130806091
122584256
98915091
96210119
125543335
141165941
126093284
139922961
82510050
53412157
123270918
158090511
153639797
138962401
120941670
39230251
131514270
163411003
159540558
151336459
114536850
176265989
183524651
174852728
179778664
174781099
141491285
164031617
158202698
153417135
104029927
38554383
69499600
62641680
139442351
144991416
157282490
108225508
118990710
90435565
139130290
128899950
127924923
90921639
55227640
83349435
125886691
138752815
143390006
131298813
101145894
63546217
150060427
154286729
145296983
131948473
110740208
134793563
143250663
161324694
142963678
152415845
82695158
138622154
144037291
160705603
157225071
67201828
39655318
143625086
157579039
154713956
146461209
98951940
91042473
143547277
129939728
144733364
101727982
102982540
143275838
151618959
146406773
119063809
71103959
59381938
132475886
132096725
144522915
122167775
89797292
58471354
139016521
141247227
149623464
137912708
87429269
78179460
132755967
150518181
147933915
140342467
68549754
120604590
164628630
157092836
162035110
142194429
38004979
145699486
170695214
170827333
177663410
129179187
55717953
91102712
136286000
145604295
135471526
85527364
41191166
67449337
100751420
114848312
95043959
67543268
38705586
53086653
68352985
109666937
121206318
128975659
110309056
79898281
57555185
73623513
145058828
135173580
162448123
127381057
83126196
99056398
139077416
149549962
142864412
130068405
158306496
156644422
177636796
197001512
171376206
155630715
110534575
115230448
115402317
123697737
127625429
115895633
114871449
89632736
73580100
121178742
137017114
145332938
148163001
122359596
82735678
88087624
139219251
158889011
135289830
120271659
81400339
64821139
104536869
119430514
119998278
110131915
49999375
52286377
100829583
118220641
106727321
87781835
60080030
45868169
55812307
104704289
142044265
137782551
136460597
117537891
58383131
41103890
125475264
145592213
141477397
131960336
113664496
54471852
83406531
135929118
147427063
149327711
131913769
68350273
70176153
150856757
151378657
137672311
127090483
73816758
150264627
156778007
167668425
176382635
154990402
60242288
130290817
154536683
155343648
163216716
90805834
72702870
120432084
147909217
147891349
144908011
76259203
74560645
91398247
90181258
78447961
71522797
118571214
143142436
136798506
117992649
95747925
51413156
97391723
137893311
135488773
147085731
97564013
108708450
149459402
138021383
148336933
161915300
43674619
43125157
152044747
146996512
161009403
144192469
102327625
159302892
155729344
180632306
156810024
177336390
112766286
155068209
167550408
159592074
160834317
38288498
116155456
132696436
150275627
126541579
51738826
84733673
116221270
137388929
118782922
69104881
38499834
112837707
142989983
157128152
129292833
116874460
40892410
136790519
152796831
156437243
161937832
123868679
117001191
132938662
138813224
134413601
55235676
49985057
126629784
158250046
147940230
141069050
95542352
38416526
101592925
153675629
158363755
156721042
134626284
46886036
158168022
174977628
168112100
160932788
141196152
91875629
108675676
109940726
100227566
90085918
72698638
84123808
92967917
106975683
98338305
81649970
122697136
151281639
136743444
140901295
127733208
134956266
141558470
149305465
134788610
103854760
75909621
89620726
128963258
133105599
136227531
101372591
61634099
106468469
146651705
145243334
141517046
135419978
48723709
58552928
161733773
152890291
157740950
142742888
91142809
174836721
178934286
165568941
172911912
152178070
101606210
170854145
152578776
158182268
115851515
87226932
47539101
85146623
123482550
121646923
108386933
56538794
135503173
151152645
160917483
139447948
72149125
105570480
151602859
142427945
167421176
130126187
40696202
145638788
164563379
166506378
163744681
116795778
156850689
166551824
177295340
163652714
107285789
160042099
166075593
166876477
172164627
140434029
97619915
158148762
174544552
154059057
155752539
54711798
114974509
134853278
155112471
126616373
154146617
120333940
92613296
90658728
101866938
93014284
65033989
58444756
151382018
141479110
151540071
134554401
87506592
134138351
147224147
151414029
142423708
108461440
40796784
182145967
182893878
183706340
189435336
154813358
185044902
186490944
184633701
182654059
180905024
178645487
190664997
195686624
177491714
181026158
191546417
185815643
191180246
187270773
188166865
127269920
156321607
168060585
168881889
94176907
58742002
109174685
129545093
111947578
81961538
53570455
107764074
130472962
151281465
154075747
99177681
51958099
127978276
142176482
150538211
137913006
64560164
118737150
172450698
170899357
152044233
153259054
186280174
195759619
184891105
194906263
178823071
177873505
190422433
173349839
187814847
180524698
183037790
181930061
178592708
187668654
199471532
162242070
173290327
166011521
170869113
99325899
136855970
150655290
148460750
138446952
90543529
105374000
141848394
145741988
144765042
117409430
123077133
164178640
156306891
160966922
137829419
38589885
150769108
153171533
168168094
180238004
119736344
155511038
161766502
177729799
185732082
152202275
68016401
164213333
153899842
169643952
163070682
77753881
184797183
162578971
182919271
197155701
183196844
127694274
142852973
137741022
99778992
92240399
94294448
129691165
140015274
128987893
111699259
59596099
151388991
167551909
170165126
175183072
200199398
121009360
98428442
111216327
139158589
113092995
83840540
83946786
128774580
143553919
141124573
124132577
87074448
42051443
131165895
140521296
149775016
97140217
134513278
121457025
171748801
163741021
153623924
149185103
39268021
164710033
174430519
180554782
167690904
139498148
125537058
144639491
141063699
142495503
63818440
71277356
131912337
139507871
155208878
129030269
72377853
42178925
39616069
119447222
143286197
143522262
129193121
72437551
59549272
158760718
153657394
159089961
150781740
99255470
63190697
135221309
149570304
150178580
123954454
75983971
174867757
172024677
174915131
168106034
133093363
145196263
165234184
162057646
159344264
144457202
47064910
161012799
162715910
168057277
176520317
99622905
78723274
151493346
144101680
136406431
108850896
68424466
82204773
100084241
128945026
127192570
95271486
85733584
149097784
144431047
141878396
112923119
68098126
98433082
121341297
115126710
87225538
67542391
63885114
97550639
110722971
113017285
93703073
60819926
53970182
81948845
124990245
131954973
128094437
95974638
67660872
139223052
153575454
161112853
143280979
128421122
106053464
149570987
138894481
163149120
169942912
94565265
78948907
63770042
50627176
38045367
94057181
152003674
141486149
129063489
96433767
54818755
102534258
101047146
113910798
92220945
68477164
81503039
130575056
137168016
157748684
126496094
63921523
113627773
129153564
132393315
144471696
112254663
53184661
68819709
149200837
155924268
168970446
130425287
101924948
134721130
153966386
158231377
161216988
140737742
38231458
136586106
156609218
148420446
149912353
108318424
165290793
175950073
177395440
158045541
192772734
154663341
153049470
140634319
150571475
68670467
123758440
151290283
142074315
156515998
96570313
63448066
60190780
141757776
144230018
152117774
141711475
105437606
94680629
152728430
136414800
159810698
135532677
103499489
117766853
167527584
164362136
161349782
146550641
121708839
76283944
156042651
151701651
161634492
156355115
132723508
63848628
119937391
126367794
142702130
136120121
81089280
67750470
119713200
137372956
142370896
139925173
85991572
86619098
107792848
90992976
61040366
98810685
118918731
147706877
158105678
141521885
106377771
60745877
45414499
70459749
100026349
95227547
71765420
73130910
73873359
112058072
119293272
137786495
139021237
124374434
74258773
83355769
142066586
145676053
153060055
140274125
59384498
115924820
156321824
149658382
159936047
127147003
95622713
171596585
158522647
167119729
161756173
50262817
163722724
169658138
179382458
179431399
131436557
138538433
166245679
157391211
142152058
153276570
81272429
136771813
148180679
123183896
82640666
143186938
145327068
161122754
150099318
102167947
118724510
157750919
160479140
150120170
135048233
38612085
168745419
165525190
164588984
158440429
99593805
101093939
164608568
172802621
155191194
146441557
41061361
171597711
173785523
190180268
194422470
153889000
176973391
182401762
188363225
181784801
189631329
170677680
187444306
183663286
197820312
195300192
149766833
156924322
167949778
172929805
92817767
38824937
90537170
115230863
111962076
98225878
55315869
92175165
115296909
127590558
137135210
140403008
114587516
92859018
95075596
108217655
112074222
116020330
126375291
146483082
135297377
118393524
111100004
89081026
137190714
143538386
152855188
121356261
82408329
127017579
147777947
150259927
140167649
124024175
40439129
68217712
134901013
133855691
136595372
120249602
82569263
105034164
143989683
150188507
134025780
112182393
40997463
135452610
136103588
130439330
105570768
44904991
103394033
111679132
130983203
118867704
113280141
71570456
65910778
38278280
167489286
158682347
177588464
185650913
109506585
38245098
151481441
155775900
157672545
159317726
105594219
171400588
177059324
181414690
152218795
161175932
38374724
148650465
155358362
157974561
162148931
88937672
180624553
177934418
161266769
171687427
154590686
71253905
161777338
160833025
173026009
175441365
77458408
93286434
108946061
103124391
73737248
39919153
143172773
144754980
139047831
134004182
117336898
68437961
82438114
117432466
132120871
143612120
120292098
55647827
156625842
166542687
170064704
166832062
142254090
132418375
158126710
171426171
169666405
160489766
44247410
129247648
156221760
167150464
150622166
129175120
42458674
119765878
158693622
154390714
145319537
93239039
44774621
129615658
153173340
136931911
143889561
87367627
85151135
138905109
133291861
125162614
103781697
37632143
78353623
104158414
91557755
83319617
79081904
70415830
73073130
85110031
91245414
86505530
47517559
38052936
50429496
79892911
113849449
124720845
113409956
68754495
38068586
95038380
135391409
138805065
125388428
88390243
38673374
106118162
149468128
157998401
138713085
117120557
38881687
131654046
129050041
134657371
116253512
58045775
91678897
151439300
145911082
162870867
120276981
58781507
80409931
84170560
91975053
73272520
88387076
75402614
63305802
159179061
161945669
160626825
146751156
112080662
70405741
105923237
153316413
152103194
140438858
119971779
48205817
169451300
163231291
176942245
157511554
129446719
125623402
169363670
165225234
156670612
143653025
43857766
173118708
178099227
176408466
182143966
130658920
180163817
180622303
185584628
189489396
179282089
177985635
180201866
197278150
170823232
167270066
88493151
123895534
120406736
135136140
66153841
75901975
119094992
130344143
132813610
116687138
74664516
42773787
78327077
85737763
111350398
98610524
109087073
96070070
80261065
40918930
103772446
144931873
141402287
130524494
100400460
38868063
113485110
144937774
155349099
132236606
137011071
38386101
144737652
148399389
142621882
129374690
105462071
127493112
145927993
154364891
140501059
85075266
56896931
155491935
156717149
147914864
128589035
89226956
98566474
99158662
102582492
41555189
57774812
59970498
57118423
144951808
170663702
170669506
164160832
115373320
117964385
130624191
145015816
116018634
132717592
57685852
77232190
147011922
149285103
144623359
117854966
82874759
143570594
158360327
158946164
155301775
138989750
61642304
70356797
147107669
154623253
166306445
146066911
75794041
48483289
125983383
146668100
146130099
137531548
95177128
52915772
111873845
120454885
103105117
87022276
57503199
56767325
114204771
130172765
133574698
121862992
95932164
42682445
39480215
107737827
139957571
154671506
125086826
113336701
171851760
172966998
166649518
150906452
167946822
124147980
165289036
176296701
157974000
160142198
38361673
168105119
173776846
179008049
171138812
141917490
149176325
175749149
172918415
170093822
178237077
39050040
168674360
162968662
173787864
174549457
100696109
107850878
126288072
126268528
138099974
38606049
78980031
128316306
126068503
125077079
113109711
58971098
58863252
85480565
158070223
161140293
149150067
133270931
81299711
126467060
160245890
163111813
151725052
142049554
45591673
63596648
141166247
133325879
137530881
128014135
92235751
83669257
103857091
130462071
147269479
144050381
108724721
89952258
98461295
138612953
144280038
159121429
142219608
135330368
117497152
58175819
113978621
140270550
134297184
130491051
96858062
38076132
49397863
75958362
89249931
85157694
77379420
59910545
119752265
124484489
112532527
134005936
44916937
108499779
151952078
138380885
156874683
118431400
38942686
94712546
149813475
142020542
159388104
101330098
45174297
164918469
161618596
163059261
151929477
106228459
171317573
178048834
177432365
168471937
120745861
162175673
166660462
164024305
177365026
115255587
101193465
132622861
134332460
150803672
55939104
45499465
50572948
89637941
108845167
122438006
88666840
38504531
113707262
119352584
113174541
53043889
61276986
156910779
141623839
153098352
137974890
44283158
124121892
167531930
173467478
174561152
150072732
38956739
165852095
173013509
165123951
157210250
95439771
166102042
188070146
193748154
189699923
179802326
178092358
181358940
182527226
194433212
193793741
146897254
147257166
159775735
156795716
80813295
118755130
143540416
142576011
121086388
109624969
39430554
37617141
101952630
101106761
113538950
98056000
87724600
90244957
94793733
111800387
125733366
115645789
94876665
93314895
67362960
132593818
163527805
141746637
128169347
86620971
116386368
144038789
159137931
136565953
126099992
41262700
112788676
148994669
153819451
145669664
115357069
60895228
133273088
153102339
149050592
145944342
83893474
38083595
138099314
141228661
155867224
141035967
98629803
53949031
66447406
55251994
89530230
127678246
146064637
125257526
107093455
64093900
38447736
86813067
145683570
148799323
134315799
135674078
56495639
136206743
153702576
153241902
155982657
130677143
138311547
153971146
144605243
141492142
74777325
53018179
163461349
174857483
161535561
163049854
97486929
163320759
178031856
170745566
180386654
152870200
116632815
159782692
164137346
173373093
158268685
37423162
137641995
156830732
154059131
133907456
96659147
145150876
161342810
166990955
146514052
117642172
68921861
80324932
95998219
96411109
102314678
67255203
55507516
79792007
105337969
106568237
97314306
81526992
78096069
97527918
88726157
106525123
111699908
113872212
96055165
108962997
84021057
84277415
97565164
111980109
106779708
110351019
93655735
81747726
101847841
98572624
106086311
97454688
66503050
65799638
88493709
113016035
110680636
107106738
47242342
107257713
134299437
141360215
117978387
95599111
54383888
48247354
71457884
129577491
126115553
111474838
93245470
135826219
135037362
154511133
131656369
114479806
70927792
119446471
138574216
142394844
151640775
111838987
89217271
53857860
143583286
149634645
147089074
140158496
91373874
137089663
148156667
149774245
158152536
145944335
115590713
130799363
142831441
162266925
159841236
75075032
58788784
130216320
157745716
154381803
138663743
101337450
38924634
117393389
122445232
130032592
104188822
83523823
128667731
136643182
139557786
159653504
116061667
51148961
114631563
117923504
104369683
46027626
126540329
151652272
154077432
139037041
123067695
39658631
160373584
167858132
163526436
156260092
115792371
162623035
179756698
174051491
170050057
149539022
132282074
166888773
161799171
166036712
156214033
38756926
140635471
151286220
164673532
154497825
114357925
41163770
131645892
131341543
127381754
101119306
80284373
136089752
138216744
134410009
117287385
81989676
92706433
107952105
117606468
94371298
56450624
96051246
135756611
125410278
136405050
125808439
38957292
62812718
140104933
133610002
124700248
157432327
61387713
119968813
136906499
142358769
139320012
119388769
65764787
109732444
142715824
138076594
145790026
97776241
47515862
160987628
176987379
188470538
160496330
140690329
142396734
167788948
175616168
158194402
183240040
40915454
152508041
146670451
175087587
126614774
112536827
81467336
107579373
152417841
130590201
155908731
101903889
94447021
141663779
135023927
135719077
70853473
43242443
123833935
151986083
134601536
136848288
71110114
51579292
152321565
170413457
159280911
153306201
99665398
161559724
178754611
151969997
178219552
141285703
37633214
166860551
167767464
172005626
185266551
134109179
144730777
167242677
157414698
164280979
148520230
46707177
92616048
114127468
113089807
98011854
82157682
73543273
84781799
73240633
100040772
93271466
98159015
115370295
122723129
113385046
91694232
61439614
128020331
129590678
124022262
141935470
92413563
38233796
86164519
129883393
122477074
102293656
89605549
155428605
164320634
157519290
136304356
159677883
48090202
101331205
149677277
151212612
143018482
103279719
38132806
167897189
168670857
165617096
154239041
113874960
178012523
173597575
178812978
190477199
169023522
151825002
160393924
156294358
155822065
96888843
50119130
119686869
120512444
120561236
94266548
38961030
182333795
174337070
192991228
199199141
151621088
89833951
144953149
177924094
165799714
159813684
59519289
147123608
175225087
167594489
165415318
155997436
43208331
107338366
153927934
152800673
168579862
131471682
41054018
168745444
177503283
161315649
181817984
147665147
144676160
172884339
178089031
167535167
163671456
161420957
177718987
174437972
162998971
130141701
48824284
83183552
83686996
68687455
46584266
56176322
142555368
139845220
157471954
133751359
94376319
125021215
145481647
152239683
149392664
128396590
54203842
144370462
166969287
156618871
157636083
107478402
39346351
131027794
159790334
147944740
159748047
114336311
41077218
163882845
171285363
163211894
164885719
113559808
151981231
182678582
183140402
176859283
188708501
37774836
117509291
137717794
144805309
114651643
98279063
39410139
61309275
114029189
114011529
130294833
80062284
102227714
133360162
136339702
127334237
96295687
49410406
66512018
112282168
136385625
151043311
117345851
94804013
59112645
63834513
148111218
146087940
150687811
139767363
105090940
129522664
155814482
165922501
153329343
152241724
61060078
101143506
156054859
152274874
127908733
189443015
60663815
83058457
142360589
154177127
142385657
133475660
59831479
73225767
86650012
85925051
83994197
117373651
134656689
108835902
98503529
44082751
39924097
39049732
147810282
163588015
164187298
156320497
130178236
41558875
134075765
135356878
132928515
103626155
41492253
138781837
146706675
161810546
149373335
128411491
117055146
158202321
176820767
167730807
173194498
89429856
145745413
166094320
165528418
132089271
153942774
98758215
160363683
148168003
147273485
151312561
55090806
150986521
180122354
162707250
170348732
144526720
52406743
101956072
109287476
107862029
91598491
100665543
38581227
154371821
158923058
153598402
127952109
100516286
141270305
153803871
149891734
124736244
77930919
55807206
134726554
138824384
139688064
130629460
88420226
79220554
126845054
148215070
153664967
134543245
85330004
54260175
83773065
115281165
113623953
115323481
116148344
87622891
102243453
105204647
130116987
119598005
122940898
119726370
115110919
99704025
87302433
70165045
132056802
132704569
132205851
114907296
79858056
38650961
105486008
122043392
130903042
106247041
48202214
132324337
132829683
131854450
146950582
65328683
67443691
160116427
157145683
159552436
140599571
85297731
135412557
154699090
155821704
161078745
145731452
96781392
142010965
154017637
160284765
168430806
41109071
163863163
168092439
159142058
186607018
135657337
160957309
168597251
149933399
186131869
180873193
75464603
160998572
160483495
179872341
177944881
77177198
65515555
61469868
108377792
119262675
100769351
38044607
135293287
157522897
163088912
141444847
106117113
70392396
120574306
125109821
158622192
100672435
90146124
84189485
150618233
174252043
160312641
132448906
77661304
145250388
165532382
156252795
155847351
136488573
170503921
176266615
181623293
166116564
167746339
92481724
168763869
149458840
167800250
147964493
55556906
183519904
181483521
167930589
177149870
154523699
62067406
58311255
93258416
100940846
96342322
78674502
63488407
96274987
114905271
128277207
126218774
100893066
78167581
47945708
103754138
125499367
124765193
121472280
103653123
56909577
52644879
147185133
140499907
143138823
115254574
136076764
72221926
168739220
167488218
166187271
167798617
132695049
78492462
72220474
137313640
144538439
118433285
120826124
41615403
84155882
136126329
132373705
131560751
119325999
56894817
63279694
78414776
97456283
99433979
54932973
43750398
124208368
117684976
129418953
112516290
95116980
38295147
53133555
67286747
66535234
69795500
63538032
63616279
48296607
46767684
59471018
103254854
106053015
101985113
65912411
49597163
71052612
107934481
102834065
98723908
72515839
87120573
95341759
97252674
74697804
97091275
130306882
119060984
110721628
90970996
133128343
140710858
152812319
140894977
117586492
86371030
128451869
149559744
149884222
155092724
65539732
40051857
53405026
67296910
51682316
37564460
90014954
115674130
99208479
82896992
120168028
121419338
125776917
121649829
61340986
38171908
71204948
76249732
93621052
99554974
106632522
99181464
78464884
72074743
85134769
92097317
103577012
73389465
87979674
103783933
108895113
131261129
117226527
111115766
100578557
100046852
89805543
78820485
70182952
72415280
75501804
114240812
98563145
117485627
103091058
113880546
93904067
97635757
64109789
65613826
48003587
55166870
111449814
137405819
110112527
60287431
118198046
122826407
106543205
41405655
97632681
121347172
126602772
81226912
38991048
59851399
57159436
71572545
78406556
75479322
82846916
66980692
103832008
107281787
99817061
52187136
64892954
101815073
137749721
122074555
136823694
82764228
41085910
69459554
96940464
107390462
95483163
42010292
39225600
111827754
123278046
126712225
103127334
93422717
71697155
82287606
64330385
47411998
52430997
89428462
108724208
125484019
101468056
66652973
58387127
55009752
117313332
127709555
122293816
121103832
52556439
56473240
126516090
118281108
117025168
78273701
47939409
80746574
121677179
153541931
144441658
127883842
63384200
49338664
132222237
159310258
154583841
133489607
118732683
54840955
140196727
156663457
143285856
135162257
75401102
168318101
152293657
186658503
181508641
145936468
60754297
142641527
140345081
143744221
123606556
45305665
57922920
58322679
144051619
137805569
153076770
159800656
122634956
95666594
117574521
114400449
114241510
107282393
87021477
101898472
108987065
113132878
123697331
92999585
38518210
160748116
157507333
172165512
137776952
121633384
37855736
145873156
154081813
146683163
155712591
107654687
140580365
139310729
153233166
149541314
47164769
127022698
167581559
162901059
155031522
186305579
83942699
125750983
146123611
163785937
151685322
129711184
65234121
38925399
47645956
80307009
108803985
100256213
78072456
63468160
79539892
137830881
130938848
131039837
121215044
75344561
68599106
68914410
139112453
141903849
138051070
123799961
107198255
103888235
137399961
153079412
126027706
111515482
57309709
153630754
163327334
155902909
150417594
135013481
63371186
97963397
150279787
142277288
131900674
86463538
61763543
88305602
140986652
139913053
148838665
125971049
62893887
123757240
156112432
163201860
148234702
128739417
38841356
71473309
70180413
55579067
76230501
130834955
144084347
132046691
112412262
67748862
48134641
69596133
121088603
126847368
105350243
121642213
53261326
117129175
141050936
164264355
148691015
120622023
51704738
71840196
150379512
168193193
149982577
150430634
87004163
63238663
161213906
155274607
155089338
152860273
99999065
178741407
188736310
187582612
192148889
179847724
74859625
158376859
169582581
167982688
151229969
130527751
97398128
101348710
104633741
48364579
45016495
130740459
146954956
151436903
163149907
113877424
58495631
141031587
137374939
158587876
151300140
92567159
89758933
141094768
143298936
159371150
121818315
43220515
138171847
156377991
174854303
155149432
111708617
102946978
150883435
163456409
147080158
155567218
105538926
79429461
102876100
114676781
118584100
119760619
108192641
97193867
106363477
103114147
103865996
120322442
121173063
129132835
104626749
70403728
38974246
74984014
122994979
127664982
119023491
116831605
47462272
102349253
128902786
152446631
147316468
117007773
44470197
97423027
119614828
129243865
117368739
96257543
62028504
89514939
132124754
137067327
133457895
116026299
71900560
81935439
144509624
144189485
133345379
118038778
62266237
101550973
133034018
139569171
138865565
131397555
48565495
135417466
163228954
163882360
148673972
155129837
80121025
148782530
160667690
147045797
153575474
70661374
47151741
121311205
120448000
134494069
95332159
79770244
98587570
113380278
112728950
80238379
99354216
149675210
145499127
144822073
126762075
50828080
63236009
125838358
120688639
105832776
90706193
54107718
148381093
145850364
152657297
136719201
97636919
131945637
162946245
147859152
152632438
99413338
61242556
156506595
147486782
150733137
119467219
89953065
110880277
148342551
152544707
139149349
107326544
39191229
120287882
145336991
139587896
122757227
120140702
71581014
83154680
90255184
53638859
73385327
76190622
60903695
66902741
153015379
179369000
163422525
140091842
98469310
38059228
149581075
162440163
162691330
155508683
125369336
150207767
160636917
180857174
161900324
153101119
62755986
111040431
152915478
158654050
143033014
100472474
42397797
142870938
159373410
160905917
152763528
121673191
159380773
175645679
174189378
167107462
148495601
114874143
170407404
167661212
160659530
172504361
41456114
64884183
63573095
122176024
134677068
124474796
110674504
64482477
89229342
126818075
133581366
130589929
118747101
71536999
50215732
89745390
82269404
99441780
99586667
125677373
109724452
121632955
100341152
71383050
95215604
121132279
125065705
125107545
115622223
108656090
103145204
130013438
155917036
143191947
129676285
88472851
50102652
126218099
120907407
138223993
106861293
66856722
133525160
142963894
140578939
179325166
132700033
82169597
59791120
60370439
43223180
56674628
111640020
114573190
122990976
78105267
66936252
129480527
146991280
134510274
135328818
72533586
55693871
121330733
115240599
119380413
87105590
88944848
116025086
117173246
116143612
103779730
76860888
55444945
57450690
115229543
130320037
117370288
94977717
58223762
71148380
119098335
118723792
117393436
106678015
71928756
63254116
63303986
87818547
85514936
79360946
74920799
74308550
105594272
139930131
142004796
117467130
99217300
40938153
63085998
86938936
77305211
51631029
124869150
151342279
164378100
131577541
136844075
128505292
163995720
158780310
163133417
108251713
38222764
139977680
161926152
167652018
157340204
112349984
47726053
148801780
149856988
146533641
120644506
86161594
72307076
90365606
133026032
139756157
149094976
110548645
88792351
125402802
145436793
147383715
124622664
125206527
139720833
160870713
157531098
161318242
137425887
53432763
103017930
138076645
154106416
121398657
103338023
76323869
147934107
159463743
165418477
145485356
87436629
45454660
125795004
143648565
153183504
135067733
92765461
128661251
164158850
160228129
177680613
130746360
39106421
133085618
156477431
165838034
161308994
101659571
131302632
166446987
169319505
158932247
150172695
39185455
165316714
179900925
176094443
175513626
130072498
163978507
173578771
180079276
175088448
113794010
105706113
125996173
128865912
98841178
85296089
146369349
155658868
153515262
152341041
113684300
53910600
155095685
153480813
152678188
151439814
113369881
74461717
110194945
118017459
124122501
103556725
57188271
54009994
119858998
123387661
110952735
73107496
44313415
70985102
134949236
156064952
159317925
128998850
65684700
102566015
145035582
141663574
138876953
97330930
51974437
133536746
134806309
130615083
118840707
88201269
117403065
151065915
173683425
135233019
93885399
79326585
115331096
123618950
113174434
100591403
73737398
68756067
129744619
149970274
140887528
134854592
109125473
46254147
98736051
134904847
137672464
133223513
116945462
50768471
50484212
75464065
136659074
139096709
130976547
105973443
83970200
74148021
149935268
162922803
133539990
118217163
71439809
145658462
158755418
151469523
131816730
77416204
142722719
166801981
156534212
175268285
122506333
167086986
171284873
161178323
155724801
151360408
38084559
60907768
73851124
109043492
133551613
134070531
117102366
92480499
153883798
169857839
161067222
154301475
121398972
116565016
157110461
156677758
137883295
143560548
48208789
138868371
139128917
155137883
129706560
104579300
110424452
151639374
166269560
133588923
142394978
38598193
153292478
168431950
172414210
168950313
106076884
171190095
171928869
177187886
179427167
128817645
137144487
169770513
178692120
180427614
165381945
167104828
188059047
199180353
176022241
129141175
69514377
81913828
147771074
155283582
133235113
109191077
41041501
142109282
159402467
167009876
150949760
132409970
136390374
161553754
153742287
161655370
73512073
162161109
162952534
162114680
149000537
131194365
47652854
156791797
163936232
154857792
149623938
102205973
157630481
158963281
180847053
163685271
114988183
61101074
130093133
147794992
134674271
143583395
80872080
55758885
53465269
63303134
110420673
128641032
130383177
116070527
91962805
61573640
91576161
85224855
81885633
68951146
42359636
45298349
94323123
147774091
166868609
140787826
118301597
58922321
88176352
116300332
127876899
107147207
71921835
64062263
123461674
118865258
119193259
129176583
81682988
128733478
133603008
153848400
159506921
148978516
143403357
101234400
99440787
116286265
78768152
97344617
104927032
138054275
142066527
121446785
114960694
109815589
85579307
83989259
50051178
77430073
94360143
93175686
90915593
79963939
92630864
95699021
105789751
104172206
81401952
39365568
103398770
144448124
141109455
155941084
135277709
53435044
143490336
152585583
163749764
144125798
119840423
56268216
139407532
136354549
153145815
130691751
89211960
117517357
150432712
147232989
134358660
126402802
85358311
145763797
147614359
157077560
153491848
60561821
154310244
177918854
178594402
179215367
145267015
72576720
99108524
100728972
101626541
95656296
85787539
57618446
99237458
153030515
139844449
126511530
96534698
104341368
153529450
145339478
154626201
118886703
47945329
147719155
166006049
163691528
189587395
132081413
41387289
91672547
137905983
135562869
125470959
116585127
78031743
86729060
125492118
135607329
141259401
138301798
85003438
43367682
153068522
149709601
147817236
109505260
139803921
45258159
101300668
120153356
115164704
116609519
69381151
71739267
50791922
46150998
99294752
111989127
95451114
108476801
39445410
77555349
115528542
123438278
103756825
84501612
87778328
97626369
97690479
105163823
127055951
123698275
118076970
102739483
101382538
123527493
128809067
124042456
111404563
92373675
65836087
57454642
72176732
139907474
135216778
161565404
122834091
43983088
74311045
154961467
156456163
154072194
134229967
79904318
122629336
139189093
139300854
114758858
56897848
97480126
103236282
99529004
87164312
80121264
71366683
38545774
117435375
121996498
113787832
89581001
57200124
67124831
79092969
103171032
130904642
128599556
91029383
50517516
45001728
123427349
126530886
138486251
126733364
114730038
104071766
117409716
116272371
115968498
69036445
91467283
108778253
84774214
106224648
86478088
102463702
112440373
124311210
130244971
103632815
64797393
93969064
122307864
139997245
113927072
104282498
45202247
51855077
119054813
135909751
134509216
127437227
57871545
38297853
72649617
95571156
114836324
104894323
103730041
55535961
49093274
89238035
145260553
156817007
144776487
124085166
81752672
91744755
127025837
123211646
133974842
126084965
118767733
101501860
98949796
99106579
119926964
130553492
141867008
139576573
148017324
142286562
127953813
121130957
91866709
131848003
125436905
152839303
147772902
121660074
99546201
105626851
126563939
115152096
147714392
102406425
75861620
53543195
153347617
148529909
163267697
140496682
119256297
47341419
84560696
126205633
131405991
119670950
120879610
73582722
142333735
152483285
147146351
151585697
127103246
110554402
116382913
129776804
115140433
130096528
87180642
74710741
64102322
87994371
112260946
123762895
115681320
111956002
87103956
51574311
136568112
149525133
145005463
145506300
114599877
141791414
151572970
167752089
193510243
170343552
122736373
75720595
120210344
128366076
146713796
158279679
116920676
115391155
117563018
122889130
114838098
127547360
120999111
122842384
96574418
123045866
159814816
149697727
159620382
132771142
41936930
134858145
164630735
157405625
162920679
122726890
48384470
82133940
137877605
150305101
148276290
102765171
91318253
146390692
152972416
147212204
107409776
39001126
177953030
184814467
171918866
168241175
131901874
169571611
169247638
167288504
162011915
107092876
171704514
171245650
170705267
166949123
177393816
143484202
165819294
167528682
170966251
92864421
79529408
105528001
136776396
131981806
138376194
102628288
83584024
115898329
131320368
127431095
111672646
100142849
45269470
123681110
132997707
139722588
137277276
115618323
52234519
59637871
101443294
96070456
94785088
73422724
75110513
129167099
127671578
129279653
116720410
73319969
59065102
84906635
104947862
105693164
88940299
73975702
117406217
139622759
146919343
120816868
107299752
49376262
110804760
120572954
120147480
122886158
49337947
96438304
134120114
133954960
124572965
84286689
53936170
39184300
99077542
147323851
147236889
148534189
113292116
42118034
163748991
158005503
171263925
155666154
141594833
115474143
172758841
170858793
169624933
142060877
65056593
130611129
130781147
143419438
125651860
122370432
57707548
47586182
86725735
116745086
123171448
96308699
76712380
121081323
142595965
134711402
119583114
90212261
77786672
146780870
144151115
135456890
134826167
71173395
48737924
126862354
149672680
140685605
128412904
101068830
59982578
121818350
129238382
137306698
115305258
87521029
95143397
127269210
133456092
147726646
164933124
135558193
129374526
126737144
143293556
118557139
136843322
148307957
163766612
154861260
149964421
93209238
59773998
108242991
123893173
131950084
121335634
76438872
46290572
80699956
139340931
133484457
134897599
118477043
71375989
91896570
127524325
143422176
141172975
129943330
59738173
62115930
139926175
136786317
125392098
109888606
84998680
160700841
160451532
155723389
139856685
63601419
146391880
164871636
158335476
146452309
111206132
115497526
166356444
163760630
161945714
134896890
38879339
130659577
147918196
159682188
163863998
85498705
38026248
109828481
131040099
133592698
107971637
87341227
52436623
98907422
109248427
107504738
80676955
72854778
44927061
60601820
99019127
98878973
83080776
54411836
43089720
51789484
132978108
157668149
124518489
136072809
38629326
144367552
147653960
143496316
127955184
116557014
50064966
128507627
148410694
155516091
129114987
88769199
50364725
134355690
126684438
147894940
125225115
42164470
86965307
119798152
125086519
102883990
38807265
126275204
151802155
155613674
136125592
117966310
72018660
90472993
157471748
152679916
157945135
132731774
90138155
81203257
138338297
140475925
157722520
126940755
70074590
37565053
91182947
151381566
153516758
137221282
105684908
45475980
56252187
84434830
106927719
133930488
117216766
107496828
83230104
61195190
50816901
77669302
125862178
127098736
121411801
113631264
74684765
101023621
130482549
135066619
128683976
117370717
54878473
86170848
120803214
115621722
122299445
91798898
54568592
85755050
103547856
103636552
113353933
97633831
73849744
56986989
62294899
80073781
96034631
90450615
111551234
102894965
93375920
68183058
80570347
83425914
89178382
119183300
112236271
115443656
106994379
81347213
46626793
66985569
133760739
137576960
151583222
137248494
91723533
38113905
110978112
156603654
157216669
134153500
120093134
40889025
90352831
150631202
155319931
163793584
138658653
68784420
98255677
169191257
181063603
176827334
157463170
131082889
111322307
106353290
110480617
118984755
134156604
140700559
126869501
115881304
66358891
86137199
124079470
124936346
136146276
140293168
124919628
98730104
77062083
81637133
109257147
111274883
135905506
125349643
98560848
86937001
66180495
118858982
120275083
155740963
162062670
144417079
124154217
106759517
129141167
137372590
138713604
125463439
89174384
73542291
130545556
131967914
135677754
101755725
83234668
73471636
113161060
121198168
136242307
138949345
57085221
127517536
142897191
147533502
138223277
88383510
68205067
164458425
163371567
180354896
156586921
87670448
100113639
149507754
147632639
141049121
82807591
38491123
129571344
149197728
164310439
138283763
121492166
86645317
115708269
111372987
93764715
81302259
40141449
87463530
133145425
130223445
133056125
108612841
47518312
148836465
142451159
159730263
135934245
100014676
38321557
162814781
154829248
167999141
153205966
118407201
176262510
169911213
174815743
161908309
99282574
68399127
141705174
148295000
139363785
123644390
109256055
68550196
82392239
104149076
131782424
140861003
136896900
103532644
63748483
43496731
49245227
119313683
124562426
118638683
106990347
40126576
39235111
102888257
112230013
129303684
133440641
101247452
97163761
82647838
77219489
79077348
107186751
129168212
129835894
119695063
82965360
73037021
119334967
143501826
140833688
142559298
100534998
57091599
125091825
140823507
121899725
98500337
52207147
143095301
158694733
161592171
157280617
119543865
83446103
133060838
139473762
126991015
101641820
61372411
164849472
165210848
172983827
149032542
134112425
165354897
177083564
179093846
169156950
169495821
131213561
151153508
144269393
129559939
102196668
53836382
109069472
127428242
128659123
100148210
63812355
123409456
153057480
163070131
160791292
135318841
38692357
119167270
159981007
150329839
154712037
111570497
39065190
150222727
146425606
161280096
125423555
103040333
90696703
128115704
136607386
127793876
106120322
88092645
121346239
145267590
135176365
135701494
102131928
45552350
104518735
123267768
115010473
107966127
44471693
51437552
70396174
99540865
129320083
137110183
128262532
107330803
69093572
67192918
143185246
150753279
138165939
135797380
60447631
82913597
147837689
143358970
140614748
124905140
69307788
132201289
159975278
169590811
179404534
159120460
109022468
138159140
153765836
148925361
154126230
124793282
38136993
112138382
130739256
125459907
99957803
67557106
58761857
118817865
133711981
130779395
168796512
114631304
53641452
152158660
159389505
147919328
140153901
120463464
71605217
130333593
135205191
136386233
134279036
80613235
75876919
102770077
135421580
152143318
144675369
122513147
70495949
112050012
155883185
145264070
136637069
121898199
37963055
160332260
173965711
155455434
162467949
130312985
38260538
106709958
143496973
138113006
106408907
90749124
37952576
95705045
111505232
114327244
105610536
75886604
90079004
129418153
152361601
138180187
131218677
53562641
38437756
150942255
145177826
164126223
144776696
110940687
87782713
109061060
100159837
106976549
116009843
119210437
124741563
72796576
109422108
113566212
125507124
112181855
84223543
95095199
114045579
123074702
122072946
94280782
112309236
122344694
146092341
155155798
134120437
113761818
73729015
115522142
115571754
129223556
98130790
76861515
96205576
133075022
139466704
124513203
99893417
41058075
149843450
154963428
161210832
132276338
110386397
161247489
177020210
173239936
171496160
148526930
105690251
137417250
149261132
126609885
72880203
46282632
100936161
134771583
135747500
137483797
80500999
38762420
59674078
95712710
110484408
113642335
90003547
102521284
46804338
132951168
139405933
133934513
129757268
81469177
150135183
154515447
156449338
149562718
151544434
49375327
82032961
131513861
131317835
116510845
79945312
117212161
159921097
159847161
150811059
140624207
45785901
171329873
181688744
163636332
172010138
113827638
53256943
93073692
112674898
124945247
138533174
53464921
52348962
80934469
104963192
104089233
113940884
110445937
109026146
104407408
113991893
117864418
127366110
98940554
76165274
119416192
146660340
141084613
142602243
142711496
43625712
74349367
165181567
164093826
153630621
131130893
75677689
91349475
133493827
137515665
119935131
100450099
52852330
71132790
127761720
136034056
139548100
135201623
78902452
45556560
112389136
114759695
117629073
65633897
75575856
108045619
124902049
147623879
133400032
127833463
94687753
83664087
76402852
102532613
103795696
77860037
112552003
117364944
130765198
129093070
104832265
49775684
63910165
147570315
149419110
140957908
131165887
82116923
101713065
156837894
157207472
139969921
137581865
37665746
122916115
142038015
139817465
119578314
56049212
125281880
158046749
175861257
145143027
98066702
38322181
138782740
145748579
139601025
119173571
117999954
125663277
153735133
152193347
152335834
136084146
113648281
105020725
98910423
85271986
88639364
127729913
131687650
133484295
115164481
59386012
83939784
143127797
155731912
143762515
178454579
70363686
60545347
134701304
140336159
140096507
129964094
92277272
118440570
125668165
123720182
129294123
123913939
71326682
64915810
66937120
97946453
137882936
122481050
129829575
106968667
63685600
39894470
64036730
127432974
140621716
136884109
134382443
80388528
104877160
144107326
145256206
127817506
74422096
140528362
156269664
150395482
149709095
120743113
42053085
134852059
141967654
127685233
119293839
79430401
100995517
174731910
160773356
143307249
167360268
117832667
67805911
130665505
137741999
137473128
127962342
68397793
96460553
150584716
145348025
121700770
150697507
40414077
66079454
108470218
111532744
97319481
53823156
57174269
93634666
86216405
91253848
106437672
107831638
146367517
144317688
123967835
87481481
84710482
63572628
98835824
138871984
133545295
123411240
95254605
44465862
107728705
152241552
144904580
133495980
113179936
41487275
72886946
147004717
171954430
141726119
119836071
87223725
108271308
131467473
144799083
119621528
59427047
41339970
135815466
149359925
164799665
153894081
118865722
60574732
152981871
179499175
176555144
154860530
81766910
119565007
139015735
138757145
117784677
94519397
56267699
85101490
130805309
137588407
147215205
119755066
67978850
38315730
117906809
121836842
120923367
120482479
103470733
107159685
116531785
100136258
93086449
86765742
97543937
84190263
87036173
58093560
106670300
94957700
84145074
68550516
90431646
94530653
102136849
53713905
98743530
136649284
126190608
131415536
113388864
89243361
63791916
105272694
141100725
134331815
123983002
96993186
53493960
172462909
175427830
167238027
153708157
95810615
78552581
129306276
131042150
120900639
75701705
38404198
138105423
151314604
157458110
141101014
119642323
117709564
169103755
164916216
157685026
139252635
85236884
101413654
118959618
135109795
115574279
80949381
56356528
93889871
130338170
135304406
136066761
126814108
61368821
41476832
124927772
141861008
140736089
124362836
98108493
173038321
171287724
169313145
156471062
162577788
49967945
133413423
164674028
169403760
145793799
129453993
39092730
135088557
159742987
168482883
127553763
99185267
133154839
151635252
167348930
133495852
94176513
96783381
97668814
98435785
60268555
96047566
97490240
109978819
106670458
76723679
38937282
131884102
132909362
120901229
86307735
42214583
121770728
122372390
117251698
77686832
144917807
161865067
171254955
158449105
125505282
115995310
120496487
113899546
122398542
66377572
113822177
106988724
85071482
40934504
64656792
77092662
46507960
68631869
85965367
70652883
38935354
41510821
41146817
39390073
38404959
42007132
41401378
40490713
39754938
39802988
39846844
39355625
40056195
38656366
39498041
45847858
38674778
45168929
38608955
38448628
39224227
