41761079
38997381
41175068
41974846
56048450
47912195
48582044
63777232
51626204
58949161
86159517
90148941
88567361
95136294
93754890
105106848
112431156
126020017
121029091
111091292
88916227
95140066
114741025
128083273
129565866
105002942
77529522
55482393
93796471
127775781
139751589
138194944
118365933
78379582
111125380
147178120
143648056
132125588
91990740
59899322
130957516
151241635
153391593
142142609
85439246
37939048
93124694
125089185
137591069
112765344
104279867
60730932
46132378
93655729
114419005
125353364
102054420
78106373
69322879
62169467
71727688
72653370
62739771
59789584
71767270
96194783
89981069
53497980
45211168
54188852
95550385
97657719
99102486
76041115
81268080
86300489
89829410
66814990
45708669
40056101
91985743
105939568
102567555
72948839
85941907
69297615
71671345
58065475
80993145
91216396
91799028
84070064
53040356
64258948
92034457
87268553
62031108
41250357
101002347
141304780
137070522
132829451
121278395
42426875
57288929
81522652
112826619
110744010
133675794
103073963
47279772
149819360
159995307
159621694
149648096
80471264
163289734
180998079
169926834
170316259
152519442
49059669
159062346
154838135
154410972
167223924
92800421
170047187
177403051
160119261
170717092
164118270
166398802
183683745
170748401
161958261
170745678
107737502
137585850
151352158
149378422
72665714
37819939
158862438
164776028
173863319
149818538
107336234
44365515
125950504
141290190
135499756
118887883
82170363
148910767
168504452
181441943
136709954
155820984
38454376
171279752
174506729
191368039
161689492
114190677
166291330
153035987
170211597
163948779
119707411
181168890
177790581
177085792
176510684
156202673
104065499
149311166
163641507
164040403
145495999
41872418
127803397
153268976
149514600
111711928
88156031
100529900
123246015
124923291
141112311
123077601
114844994
94808335
68327755
42320452
52715109
146230235
141455209
155342439
155930288
109438001
91088340
132601536
143201200
120747209
143075418
54578171
127670335
147938596
153341987
151566654
118561372
51597304
161804377
159652717
171420020
149192679
95480681
43601377
74486260
145326846
146499349
137963605
98466879
45123657
143384099
149239380
151357362
153700347
110151276
83956505
118789649
112416455
131327832
82968317
70858841
65011746
80665136
88771713
78023353
41679463
51531838
163519115
167880129
157455212
162176507
99263007
54651683
96587250
133453472
139033618
120855080
101005710
74199804
91859781
115582406
118239684
103647336
97130174
61357170
142393247
168461491
152513598
155579251
97917992
48747931
133732798
147102748
135853920
139192712
92816436
132829268
157210599
156158883
141322396
152556546
79140136
125426732
117111553
124549688
54630297
66692035
113221301
143044770
132283091
116462386
103205194
54120712
53509083
75442037
102092037
94883623
70028530
56790913
77324566
96109297
91644936
76352020
88586669
87793980
64068842
117751202
118920124
135512331
125114585
93620236
73402556
109683234
118151125
139690104
109356103
71330432
78014509
146223533
144894530
146786350
117770983
100521311
162822140
156307812
168437132
155369968
147734768
127939658
171810791
162006471
159140938
160774933
49823863
75349200
114654521
122063710
105982908
121877709
43151040
141199212
152210206
154558101
144574181
95598317
125520565
143209958
148629561
121331498
83079996
62156530
121761580
133297564
141086673
132719910
77684740
41234029
105274913
128808559
141858266
120166912
83084289
60209176
126310193
132586291
135393461
126402167
90121493
38597178
103221992
120394386
135208897
129527315
100934203
68929271
93278139
137681794
124558118
125357025
87885386
118231992
137476854
130110092
139595178
115150185
97016421
54630069
63584746
115530128
110101585
94505434
64285593
55255166
137120710
149670806
160252988
129839113
102616853
85895405
153708755
153629110
167051979
145672755
67858737
39006666
150428002
162812497
162596534
149961408
108727174
165828405
173836235
181382645
166450311
153903331
74605155
149864248
161819867
157818487
161229529
75314092
118606536
152160753
163240642
161130102
144109748
41664611
99578898
134433636
135682829
129241452
103567878
50263668
114707057
149507307
150498537
151986917
116848202
38533667
156957555
165557133
158256408
143372259
80686428
133716419
157279056
177777373
175366433
122466299
43019743
141445844
159705709
157525682
163347019
107528108
139457221
171775861
154033252
171318369
172885993
47931259
151193422
167620423
164092815
176998115
110095432
163568166
179681588
178743703
184238320
168143080
142148982
152740078
161331162
135007872
74787140
78972542
105563227
142739736
145430029
143187383
121312201
95882159
103999423
141270975
144618014
117101534
93333063
58404135
134991997
132417022
130899274
122694504
99010630
96390312
125668990
141304171
126216743
140263637
82718335
53512971
123423790
158278614
153794103
139131789
121450601
39404373
131690019
163556677
159712061
151430814
114726943
176488035
183670903
175016081
179918965
174941001
141639103
164207661
158340913
153544975
104208194
38696863
69598193
62748133
139539864
145116396
157583182
108311626
119141365
90611724
139280921
128992159
128017308
91013284
55398237
83507780
126044427
138852675
143534626
131444338
101278123
63706215
150205463
154474407
145400281
132048056
110871825
134926293
143356535
161499902
143110172
152564576
82821161
138742510
144121423
160883821
157326555
67520247
39824943
143705465
157725814
154857483
146629312
99066070
91162231
143746234
130037191
144853942
110531202
103181296
143363553
151799796
146576343
119197066
71231550
59895174
132582328
132273426
144725180
122273742
89975034
58680861
139159666
141376786
149801234
138056118
87568250
78283412
132926573
150669128
148166078
140478323
68639277
120787521
164810986
157214441
162142610
142322378
38162072
145868393
170827701
173659704
177960641
129491694
55886324
91203084
136369518
145829477
135703650
85665071
41489879
67536978
100839027
115029178
95135445
67750018
38839274
53300340
68461562
109821377
121350037
129136501
110408621
80057741
57739239
73710021
145212767
135293960
162688337
127522764
83281084
99328010
139181958
149700124
143055066
130183148
158755108
156817208
177802250
197656230
171559757
155756658
110617531
115360715
115491160
123932587
127789668
115995387
114976871
89747904
73757528
121334074
137194937
145434163
156205141
122501219
82855970
88172385
139383250
159048552
135485040
120460823
81564836
65095679
104622867
119594023
120221576
110273505
50164868
52433343
100968354
118574173
106903576
87868305
60169333
46041351
55988478
104817621
142219348
137957610
136593428
117716458
58545294
41262013
125648552
145708581
141636861
132130347
113856463
54597188
83605794
136023016
147609804
149456206
132042359
68517878
70371046
150962998
151523018
137797685
127195301
73969047
150676101
156881896
167820720
176528266
155482271
60363238
130387772
154661855
155440269
163356501
90955397
72824690
120539297
148089411
148066764
145931153
76350174
74743084
91537182
90342530
78600722
71611178
118721327
143246495
136961810
118150720
96305371
51497659
97489547
138061438
135605404
147278888
97678840
108834992
149570334
138109756
148451412
162354065
43774251
43275893
152234148
147088009
161202080
144344123
102480513
159571872
155825354
180762023
156907244
177540593
113004898
155164798
167711977
159707577
161057841
38376263
116290101
132799959
150939378
126648592
51831002
84916198
116316227
137600799
118936085
69205666
38663965
112938959
143129752
157303270
129464533
117024247
40986661
136911527
152966524
159297947
162263996
124021389
117202959
133117007
138968055
134516476
55397403
50138348
126867482
158553219
148041249
141243952
95643529
38512443
101802904
153806512
158546913
156873926
134880654
46978355
158260225
175156398
168259326
161104732
141560094
92060227
108846725
110046382
100393253
90224699
73256816
84270245
93104292
107219320
98444003
81786890
122913855
151687625
136905098
141421607
128294875
135072467
141724761
149402755
134922288
110584458
76074734
89711827
129044113
133275256
136324360
101509531
62201624
106792950
146747335
145382959
141624125
135517508
49062864
58668812
161910053
153125331
157913523
142879755
91265821
175042062
179085619
165656497
173043980
152304627
101751315
171296131
152765005
158375836
116022744
87383737
47694315
85230756
123631269
121796936
108508379
56660357
135643988
151327462
161054997
139598266
72266841
105774093
151718076
142548263
167580974
130309260
40794056
145769418
164657202
166592180
163958494
116962269
156949359
166660771
177487826
163804839
107408176
160179708
166185987
167033959
172333440
140572727
97861274
158254512
175207115
154176849
155967419
54795351
115124374
135078524
155458813
126704063
154312794
120464977
92721867
90738874
102014991
93122621
65161361
58586282
151567310
141608321
151662808
134655884
87604352
134332714
147425857
151580779
142560711
108565921
40910764
182225287
182972963
183861120
189636684
155003905
185187515
186570006
184796733
182796036
181466688
178731749
190817885
195959791
177616360
181156976
191773316
185948092
191334251
187365877
188948065
127498858
156408278
168173595
169066790
94322650
58951708
109329874
129733869
112040422
82102621
53657027
107923401
130571635
151414814
154159816
99282509
52247540
128111040
142264757
150697316
138047156
64962624
118887288
172625848
171030693
152193106
153391640
186445769
195861504
185035453
197250330
178955940
177955050
190615519
173433385
187943401
180676023
183183614
182080452
178709855
187803663
199858652
162320943
173518561
166111260
170995328
99464376
137020437
150750521
148605093
138534942
90636436
105584327
141950937
145872323
144871592
117507062
123202013
164340872
156386615
161078868
137936274
38699180
150951465
153261150
168303249
180616642
119837427
155703309
161845838
177847187
185900588
152336182
68387544
164319293
154036602
169793768
163205320
77885023
184916431
162663414
183093165
197304793
183411883
127898003
143051200
137838669
99898077
92392916
94490225
129835106
140191198
129117261
111786501
59751934
151584775
167709973
170301583
175311955
200604572
121620478
98616254
111308683
139461239
113258964
88608047
84038653
128939596
143705005
141260314
124283512
87211469
42203815
131391212
140638023
149900681
97269352
135025791
121633794
171859111
163888557
153771946
149512184
39425632
164830597
174551343
180808752
167792877
139657381
125754901
144764895
141148815
142652790
64002297
71612102
132006598
139663459
155385310
129153485
72582448
42338961
39755626
119603685
143389923
143631663
129308169
72528525
59801753
158883054
153741809
159231869
150949912
99469199
63346470
135334743
149666489
150268584
124043089
76105222
175022633
178793970
175076847
168286464
133216903
145391449
165386874
162160846
159488801
144610749
47239477
161151711
162830434
168181379
176658058
99725640
78926389
151661689
144248980
136507174
108950682
68552684
82397254
100184462
129055780
127397641
95431626
85861753
149214203
144524589
142023109
113130596
68247330
98560202
121480864
115256680
87371888
67684153
64021248
97693309
110807310
113159490
93875816
60926317
54057924
82049039
125400807
132048149
128223136
96125379
67822948
139425755
153711669
161267590
143428695
128556797
106262336
149892810
138979998
163316742
170096350
94701914
79096550
63912709
50766279
38139614
94144995
152225926
141628583
129229582
96542167
54998591
102709284
101242254
114096725
92367090
68579478
81724603
130664437
137285924
157976872
126692828
64109911
113732785
129315457
132532139
144655622
112375947
53325406
68989701
149381935
156074056
169456774
130658797
102187377
134850307
154046625
158351821
161791300
140910032
38331471
136746697
156762367
148512075
150034825
108985697
165481093
176053434
177549537
158150753
193365258
154888184
153266407
140719177
150710027
68784045
123881942
151465607
142161117
156909085
96746983
63599331
60271515
141924801
144325151
152209559
141924744
105606450
94846799
152832012
136515759
159951050
135634122
103710015
117975182
167699105
164456466
161482452
146728718
121854480
76775212
156255497
151837543
161810131
156523586
132848517
63926909
120128515
126457785
142865388
136643330
81182592
67998843
119814976
137603545
142458874
140020786
86136921
86728877
107950406
91143307
61194059
98900030
119013165
147849634
158254126
141630852
106509443
60896444
45536896
70685851
100110301
95334967
71877858
73228873
79567513
112240656
119379373
137905348
139173354
124481734
74404908
83558230
142183456
145789423
153166419
140367905
66775514
116117900
156479603
149752553
160097353
127327747
95837119
171753917
158658427
167272392
163556960
50429770
163893106
169744076
179573862
179600146
131590898
138729183
166460139
157541622
142235651
153380113
81469825
136932323
148342473
123376008
82819952
143320080
145456047
161296696
150268555
102337337
118888702
157833427
160625368
150224754
135171687
38763174
168938219
165678607
164742642
158616019
99696946
101283467
164762657
172928967
155339414
146594738
41239146
171705388
173876206
190339959
194536951
154398818
177053252
182487443
188485017
181868716
189891514
170775325
187599682
183792649
197944708
195467597
149924150
157013056
168104285
173026393
93025208
38917068
90650544
115381524
112104145
98379103
55398260
92576090
115425949
127753751
137556746
140945117
114676118
92941842
95223477
108368302
112211096
116112430
126512463
146605301
135406337
118491647
111235226
89235734
137431707
143681849
153015137
121508968
82495245
127170810
147910362
150430011
140301229
124128679
40570380
68350082
135093439
133984176
136705867
120397350
82738640
105206855
144153356
150388128
134125095
112284198
41110600
135821135
136242128
130544180
105734765
45441666
103590570
111764882
131138413
119003511
113472343
71648861
66043884
38370976
167583613
158773479
177758315
185797328
109621159
38350675
151639842
155912702
157805107
159487009
105760390
171539338
177204000
181581108
152315299
161370560
38503708
148753387
155443267
158130409
171039199
89042190
180751103
178119408
161356676
171827760
154694547
71435934
161865728
160962319
173201382
175941512
77740219
93490222
109112359
103285193
73881414
40199207
143404101
144865488
139137551
134096857
117447657
68764318
82571884
117530860
132262290
143772745
120433611
55771304
156815097
166640946
170279272
167015679
142396345
132633588
158224852
171591016
169992152
160576305
44347591
129412909
156313110
167355435
150723373
129370313
42623429
119906053
158889776
154519629
145445812
93371167
45184450
129752182
153332090
137039486
144021204
87512984
85281927
139041765
133423117
125286770
103918936
37744093
78448710
104310710
91653188
83410034
79180788
70569644
73210124
85254431
91375932
86651069
47604306
38156189
50528274
79989909
113963737
124818719
113552890
68927417
38159275
95172204
135566120
138989793
125561859
88526536
38769716
106219205
149599579
158232185
138883139
117263447
39067033
131792297
129179832
134865349
116368898
66767918
91820400
151612241
153195054
163133063
120376617
58869110
80620444
84268020
92228052
73469327
88571535
75544273
63960413
159359868
162104219
160766685
146886867
112234481
70498498
106033790
153486814
152278463
140575677
120186497
48692361
169582404
163330974
177167033
157630470
129616086
125768534
169578335
165497682
156818574
143835411
44036351
173223972
178298144
176562237
182288179
130840660
180290490
180708017
185688751
189648948
179450587
178079649
180309252
197891865
170928750
167409873
88691238
123992425
120585825
135300244
66398720
76042127
119246777
130491150
132937955
116838481
74771655
42960081
78424614
85854217
111550994
98750955
109320778
96188981
80649415
41125249
103918497
145082564
141520456
130690931
100542512
39024846
113740418
145081181
155585782
132398962
137209363
38585826
144844478
154456000
142735530
129516591
105662326
127586966
146156733
154695286
140646158
85427833
57084297
155633241
156892234
148014250
128782627
89386888
98760324
99266254
103095473
41722607
57978456
60136355
57306130
145051223
171110672
171291247
164562468
115558393
118051393
130713421
145216629
116129290
132876063
57872391
77421972
147172001
149451492
144774620
117978719
83064228
143671576
158536687
159125369
155451020
139099938
61795045
70504910
147255370
154779559
166472057
146154546
75931444
48664383
126161261
146845063
146289419
137818043
95276562
53094823
111964487
120636681
103242433
87141389
57666838
56961183
114338426
130333206
133668218
122021407
96078651
42827106
39662245
107892002
140050385
154837109
125190006
113474760
171993105
173108182
166750523
151046402
168058711
124311938
165457598
176563461
158110588
160417782
38457120
168241934
173917956
179139221
171431001
142526224
149371901
175855656
173003120
170232995
178385655
39237466
168808493
165505483
173937054
174697026
100842163
108053497
126404447
126365258
138255458
38774438
79278108
128423818
126420800
125237937
113214684
59064575
59073711
85590699
158194898
161472743
149319436
133371338
81396471
126665684
160410162
163279981
151878185
142197361
45739300
63772774
141367907
133473211
137695943
128157376
92391974
83833477
104026278
130564359
147408184
144223683
108908719
90131820
98624494
139002299
144375751
159263183
142311756
135495298
117682681
58582716
114084471
140650576
134401200
130598908
97000474
38191524
49502175
76075040
89421484
85325775
77547022
63812908
119947750
124595857
112634371
134352019
45060716
108660689
152045713
138492423
157188107
118603972
39098792
95308357
149955426
142154318
159563790
101463044
45526004
165081925
161745698
163184541
152069582
106337392
171475641
178146979
177742453
168611349
120866135
162425338
166798680
164151259
177468029
115412614
101387396
132786948
134468562
151299549
56026511
45667221
50703174
89853002
108944916
122524324
88806334
38636419
113815911
119496220
113337712
53178171
61448768
157054494
141756546
153321523
138482422
44446529
124336419
167676586
173617281
174763636
150257389
39126509
165938210
173190077
165277462
157329334
95637322
166206726
188224826
193906351
189832456
179934192
178170316
181466194
182646084
194632332
193920329
147099525
147347570
159872473
156967352
80980051
118894061
143694468
142660582
121180465
109762968
39536977
37716815
102134827
101262219
113694108
98249276
87860941
90335217
94907732
111970822
126877291
115731346
95036105
93426580
67511714
132674256
163849234
141903711
128280004
86717828
116686610
144119568
159327808
136675265
126249801
41424425
112869607
149097062
153919864
145829047
115469845
61010731
133407742
153327750
149195948
146078662
83989972
38243376
138652363
141322217
156068556
141187755
98739594
54150757
66657054
55368038
89691993
127816954
146681019
125420239
107210163
64242191
38581186
86932373
145854718
148985410
134450890
135823568
56579949
136357534
153852159
153408993
156117085
130815464
138411634
154169067
144750235
141658831
75055266
53276509
163640172
175014575
161645081
163385171
97588106
163406320
178261084
170867757
180537811
153009224
116758885
159886615
164285911
173543804
158414305
37522220
137860824
156938073
154243386
134016733
96773011
145351408
161504755
167172923
146624307
117753609
69132704
80444421
96099181
96518972
102725147
67821941
55649664
79921486
105471726
106655730
97436990
81601330
78299477
97697295
88802531
106639029
111818116
114010442
96135959
109092127
84113773
84418890
97731699
112066506
106860561
110566528
93786393
81903673
102019076
98723763
106249362
97628224
66591220
65963651
88580408
113319256
110892148
107235889
47332509
107409728
134480196
141514398
118071196
95736310
54535931
48374125
71615232
129672266
126256059
111567667
93345955
135949608
135192866
154694357
131823119
114592612
71028323
119593017
138691474
142498210
151798788
111971217
89372369
53991258
143704644
149832551
147201189
140261943
91522155
137172406
148332813
149857955
158329754
146415260
115708693
130887499
142941235
162354296
159990583
75250531
59096633
130308587
157847458
154539426
138880474
101436069
39070981
117479624
122575656
130135777
104342174
83643197
128755609
136849413
140486825
160220204
116177703
51334486
114853343
118079458
104483409
46362528
126886734
151822682
154244876
139176595
123155027
39859408
160584665
168017067
163729125
156398727
115919939
162709811
179939475
174143007
170220891
149640324
132401776
167097445
161878161
166196725
156311383
38948078
141138484
151400688
164819804
154627138
114973848
41276044
131777546
131516438
127482421
101265535
80366381
136254266
138352852
134525032
117436993
82142853
92853805
108051670
117721399
94466747
56589022
96156373
135906598
125492441
136532770
125957020
43275244
62958274
140259619
133732147
124802782
157845106
61537303
120070400
136995490
142459738
139491926
119527684
65917854
109926737
142797253
138161243
145928014
97917174
47680033
161099072
177164244
188881458
160599172
140821596
142619801
167916822
175829896
158325294
183789058
41029306
152905183
146830348
175457903
126780652
112682576
81636688
107733734
152631876
130675903
156021223
101990585
94593979
141831240
135170474
135812319
71008375
43414403
124513082
152177165
134702155
136934831
71210818
51670930
152425746
170778456
159445699
153499821
99822413
161666433
178928628
152072759
178413748
141414195
37722743
166965014
167870235
172267450
185658187
134277711
144958649
167410898
157511558
164365998
148603109
46915061
92708887
114231616
113176712
98175152
82254709
73723603
84920283
73458411
100133872
93418509
98254660
115461846
122818905
113531795
93236178
61615439
128174057
129723659
124105789
142093948
92569971
38338358
86252604
129975401
122592508
102450384
89751924
155619047
171410746
157637976
136434988
160266629
48318535
101424751
149811538
151420740
143205194
103563751
38220106
168053890
168830314
165746962
154371726
113971090
178150488
173701620
178963389
190655466
169172903
151960586
160476841
156446121
155982016
97044300
50250168
119835362
120610209
120657459
94409751
39114302
182421670
174463800
193132652
199558626
151754816
90042526
145045505
178523955
165928675
159960882
59659014
147313241
175417050
167779779
165523270
156156894
43358310
107473995
154092289
152923620
169083797
131642431
41185291
168949575
177661851
161401861
181994218
147808945
144802811
172992749
178335560
167682359
163797755
161521449
177859345
174567847
163144306
130287310
48951516
83331788
83808016
68850198
46716536
56338595
142709225
139994153
157756013
133887107
94523715
125213429
145655708
152368067
149568267
128506901
54308040
144806324
167578260
156802341
157826821
107570288
39504474
131181539
159949199
148035679
159832204
114429404
41181928
164029796
171369080
163300110
165040109
113672882
152172310
182772023
183270823
177013510
189027754
37887192
117602131
137874869
145184554
114842944
98419401
39575439
61439844
114175788
114105612
130496597
80163517
102348695
133465042
136446157
127446749
99202126
49510037
66628053
112381045
136537707
151203250
117578386
94916603
59198434
63980983
148313087
146201435
150836347
139948467
105238557
129643386
155967172
166099836
153430992
152409415
61194921
101329130
156190386
152450873
128012390
189839467
60950170
83144428
142470546
154321628
142518652
133636722
59982027
73433435
86805710
86130452
84095034
117666285
135185049
108972404
98612478
44229295
40052157
39222000
148117146
167160738
164324706
156453637
130277592
41853648
134317416
135503747
133021399
103757222
41671958
139005384
146815831
162156834
149473703
128494269
117294429
158360965
176947113
167931268
173282756
89548595
145920986
166339735
165727315
132182522
154131981
99073962
160500192
148285904
147470249
151405433
55278207
151151354
180233668
162795594
170463619
144717676
52551079
102168219
109463561
107976333
91737830
100808552
38676513
154497010
159099728
153809531
128111651
100695333
141358065
153974946
150031777
124834559
78108351
55994707
134845002
138982119
139819370
130726436
88563768
79365637
127001043
148447039
153809012
134634923
85486320
54465910
83882581
115393087
113711717
115520762
116381100
87790663
102377421
105357111
130262722
119686544
123020758
119948412
115252202
99861498
87435693
70264932
132164951
132809254
132312854
115047072
80032427
38773177
105654680
122214326
131495136
106437826
48340118
132438475
140018875
131940172
147139577
65481626
67790757
160256488
157303335
159732689
140762602
85440464
135540152
154847127
155910226
161240962
145895990
96971479
142097485
154107945
160376117
168636164
41207917
163944304
168214533
159247459
186803552
135802414
161155077
168762857
150036782
186298818
181031685
75653521
161091147
160611145
180154222
178466570
77388957
65668316
61685236
108470460
119672158
100866350
38142478
135495345
157676593
163231449
141552003
106227186
71042947
120736847
125244230
159294493
100851391
97167677
84380422
150769568
174563868
160495625
132534487
77758471
145373509
165687745
156346577
155997678
136665952
170758438
176363510
181765963
166217465
167918299
92594822
168946008
149563071
167884086
148069710
55761100
183688888
181695907
168015863
177310800
154657603
62202540
58409511
93514273
101076956
96458019
78843345
63658159
96367237
115000073
128427724
126427242
101016347
78334816
48141124
103892754
125696044
124868691
121600599
103774275
57071435
52738052
147370422
140625173
143238869
115348725
136248917
72572716
169159069
167652731
166327109
168044077
132840485
78595462
72458099
137433055
144715117
118527357
121498940
41742894
84276896
136293090
132523443
131670302
127250325
57060073
63430448
78521855
97572451
99675666
55126380
44146833
124392426
117773937
129586996
112698088
95267589
38434286
53289414
67467202
66677969
69971794
63690911
63729490
48522141
47122860
59692595
103423765
106211845
102122137
66019774
49687851
71193963
108136774
102983693
98885408
72699902
87286142
95421749
97430186
74879006
97272784
130456500
120845443
110878572
91082602
133212325
140909518
152974914
140992451
117770126
86591952
128564813
149691120
150020004
155224885
65656154
40250917
53535595
67477206
51833843
37667470
90164023
116065362
99317658
82987800
120337887
121509215
125911994
121757274
64005805
38284590
71298387
76329317
93756058
99663758
106746069
99340378
78558090
72232396
85223184
92181531
103788221
74049523
88181729
103902943
109074436
131421413
117376146
111208880
100659422
100138311
89983096
78941103
70280108
72503445
75610833
114660973
98699453
117637787
103183959
114038337
94042618
97770075
64312182
65692606
48137689
55391183
111595536
137836752
110284056
60475965
118366145
123071650
106678261
41560557
97739807
121498482
126776840
81334515
39179688
59934626
57316159
71722526
78512433
75579399
82999070
67141638
104410324
107425478
100032860
52374874
64993353
101961937
137869701
122193794
136957847
82884669
41260990
69557672
97076701
107581747
95734341
42112958
39396416
111912906
123436954
126896769
103270367
93615767
71828557
82441418
64528824
47607069
52559899
89654349
108869947
125712792
101657414
66744160
58611453
55198683
117415782
127796808
122385669
121192913
52665779
56568743
127080604
118383623
117153308
78424339
48056689
80886545
121818511
153752757
144696007
128021317
63490706
49426308
132315742
159618773
154721117
133587727
118890216
54997453
140298673
156816351
143372632
135258207
75548881
168485537
152394160
191448725
181657586
146096471
60883832
142801151
140476937
143927146
137094143
45430926
58035450
58509280
144228841
144895828
153218034
159976358
122771257
95815502
117677799
114534730
114406976
107454970
87310199
102053089
109130615
113221881
123885670
93131184
38607413
160930348
157661853
175692877
137896560
121791827
37937020
146016264
154224009
146814002
155864291
107783328
140720051
139409927
153828567
149979610
47272834
127171788
167756431
162989138
155185183
186795382
84105326
125950441
146291403
163915388
151776979
129819982
65332357
39117549
47793129
80469928
108921611
100442181
78205028
63667267
79641628
137929783
131040605
131168970
121655455
75432237
68825538
69059974
139310105
141985449
138223350
123996905
107347681
104088418
137495489
153251735
126197058
112125624
57411615
153768938
163483452
155999192
150593345
135217895
63494842
98183061
150836069
142425562
132019587
86586743
61875218
88488644
141097064
140097209
149167744
126124381
62984222
123980110
156331042
163391043
148513779
128917595
39001483
71693430
70391086
55753446
76360148
131001785
144330228
132180314
112682935
67948432
48317296
69802272
121295183
127080573
105464831
122284150
53402608
117280189
141154971
169662502
148784762
120714502
51800213
72037286
150478547
168383930
150089443
150629872
87124020
63623767
161464276
155422195
155221551
153067303
100146785
179448327
188921057
187821963
192281569
180002410
74957112
158509961
169753205
168246374
151410303
130622580
97588260
101522164
104959867
48514283
45339978
130853169
147129936
151591501
163510240
114007915
58692924
141215338
137466928
158733976
151449043
93080241
89885462
141291565
143491339
159796661
121939894
43304579
138837479
156613587
175308684
155476452
111848968
103113114
151072530
163562723
147251941
155784603
105699550
79595410
103114946
114811360
118752105
119856506
108322893
97360747
106562067
103247717
104022215
120455058
121324819
129305503
104747530
70485166
39127597
75121104
123167121
127827370
119199026
117079166
47616089
102452004
129014271
152566928
147405024
117186398
44622604
97508636
119788117
129421519
117516611
108876038
62181011
89672035
132311443
137244845
133593719
116176274
72058949
82039467
144605617
144315580
133464268
127792106
62995433
101656454
133203809
139694320
139025320
131543363
48653238
135587369
163412925
164197098
148823437
155736187
80295450
148879355
160861044
147176194
153734511
70826867
47346399
121475444
120584197
134641717
95518634
79846710
98776858
113481919
112823594
80554925
99588856
149933752
145647489
145001967
126848044
51082151
63344811
125996078
120780451
105981115
90875461
54185892
148491021
145968193
152801645
136854003
97792591
132153099
163061056
147962190
152825189
99518153
61442027
156683024
147640485
150894947
119622480
90070923
111056926
148454279
152733760
139324524
107463750
39344246
120390820
145483799
139671593
122911904
120311066
71948728
83249753
90452669
53786254
73543307
76293215
61001398
67309139
153133008
179555540
163566234
140246766
98691934
38250064
149720763
162765361
162877048
155670521
125492372
150336715
160748398
181206569
162053085
153235159
67017734
111230198
153039485
158882577
143160350
100577206
42555944
143023819
159524789
161030565
152951087
121771681
159517940
175802149
174292139
167302907
148587434
115021696
170491288
167805589
160827076
172998265
41589490
65064310
63706524
122266272
134935831
124607273
110783049
64564279
89379218
126914072
133704881
130687837
118913260
71722951
50309425
89896325
82372943
99646550
99694370
126193685
109916300
125483308
100516493
71506482
95305157
121324252
125238847
125307904
115816004
108850586
103274953
130173968
156223798
143292715
129876838
88666631
50244688
126402381
120998971
138393114
106995515
67043581
133744211
143103130
140694930
179945930
132844225
82261224
59889190
60556060
43421515
56891992
111877153
114666626
123140924
78274956
67102765
129680280
147187084
134595734
135513066
72687273
55831793
121523462
115369980
119562387
87307020
89059393
116106094
117259130
116296060
103882599
77189263
55653874
57639544
115442573
130533633
117582263
95082071
58307397
71358409
119280286
118848666
117481517
106853343
80874536
63413291
63477952
87923906
85602294
79466845
75054140
74850481
105787157
140267625
142209164
117675677
99364829
41089523
63241822
87132260
77461314
51824809
125070293
151425915
164596136
131664200
137013410
128653196
164192551
158901154
163270625
108391021
38396830
140152696
162031965
167858547
157452151
112533530
47922466
148956057
150096375
146674861
120882144
86353642
72445918
90461823
133110916
143977620
149244978
110718932
88956192
125532705
145534215
147523567
124825191
125437202
139916320
161044215
157619382
161424861
137539382
53569412
103123466
138310992
154430932
121602628
103459258
76511601
148059898
159616436
165854946
145642321
87999571
45651015
125892671
143734742
153342729
135210717
92878570
128971546
164334017
160342004
177833379
130966221
39300485
133242204
156572425
166015924
161456844
101835581
131437173
166567998
169465630
159113565
150378292
39366164
165405910
180063138
176181543
175659280
130294744
164193127
173713627
180407046
175194132
113950074
105847351
126111809
128950535
99056921
85457933
146467992
155847112
153685515
152529928
113834726
54079811
155212061
153622532
152762406
151563990
113524652
74559419
110338176
118192925
124228741
103668070
57290643
54175639
120018481
123701722
111058310
73301706
44420796
71117052
135108653
156461037
159915989
129086221
65774387
103096511
145134523
141757342
139159821
97516839
52067790
133679330
135128469
130726808
118949331
88414785
117626847
151219241
174091701
135380985
94044130
79518919
115454929
123708181
113320998
100728801
73853852
69346513
129890299
150060046
141026220
135070942
109267977
46382201
99084277
135055951
137863754
133382739
117030125
50857807
50694666
75655275
136893889
139262675
131450918
106072478
84190981
74229132
150110945
163106351
133671091
122865678
71631991
145737610
158859805
151608574
131952400
77924688
142931793
166974356
156665945
175883941
122622028
167328767
171450244
161270560
155892242
151504002
38217214
61043817
73969586
109196499
133715822
134204371
117296089
92613920
154025367
170198900
161223612
154460947
121518443
116773718
157289958
156776547
137971938
143738470
48642336
138991710
139251163
155331100
129937750
104756346
110562422
151742241
166433457
133686580
142634060
38789986
153388937
168550268
172578172
169139757
106177351
171401439
172104965
177312020
179536011
128977865
137330934
169858643
178845354
180616291
165801827
167209529
188581176
199605556
176516890
129240370
69608853
82079761
148000030
155396786
133380803
109467707
41143253
142214828
159492373
167158178
151108331
133004613
136474727
161920674
153844875
161921989
73700867
162510125
163099133
162284343
149164336
131335250
47805439
156907605
164030862
154954003
149754174
102309578
157770291
159069873
181280597
163864461
115137106
61289853
130186862
147964318
134776604
143685786
81078163
55882425
53636558
63415146
110531810
128773900
130494059
116204087
92154189
64490439
91766544
85319506
82002069
69119288
42457099
45464714
94442205
147985253
167113969
140902994
118397985
59055915
88304986
116402536
128062024
107238511
72011260
64219361
123626701
119030598
119304700
129810622
81843339
128831491
133741450
154014874
159754928
149205281
143736345
101332559
99553366
116459893
83848223
97554369
105051768
138197123
142304722
121579900
115634482
109988055
85679639
84078373
50263921
77607523
94458455
93382955
91092976
80115109
92785661
95848598
105893414
104322065
81744552
39512953
103571200
144639638
141195078
156516713
135504758
53561572
143626544
152718708
163898013
144311028
120036196
56381332
139580493
136482403
153491972
130788424
89382877
117671297
150535429
147399623
134483118
126541801
85481444
145865983
147699713
157191370
153581560
60708834
154452972
178008253
178703330
179372345
145374101
72771548
99248024
100896684
101790939
95750197
85925189
57756028
99477920
153169956
139979442
126659103
96656276
104463301
153688812
145428851
154775420
119082594
48266004
147882257
166153545
163833100
189986293
132236109
41513581
91815636
138045543
135708220
125625021
116697172
78113865
86819215
125664032
135710047
141420619
138472200
85105787
43489764
153434440
149821492
147955991
109600146
139978897
45427330
101481943
120292521
115258962
116746622
69560826
71842003
50952313
46346367
99477509
112148909
95549009
108793712
40155102
77647336
115717107
123599912
103891259
84591503
87968374
97778007
97797098
105271199
127218930
123907976
118279515
102831928
101528580
123718638
128938396
124125684
111586716
92507009
65992397
57558246
72279076
140124451
135347526
161982192
123482168
44066050
74643020
155078882
156549963
154223473
134333459
80047313
122826519
139339974
139472416
114916299
57069445
98048273
103390680
102929007
87256107
82025785
71572661
38723740
117588694
122177329
113942825
89730691
57350983
67382873
79238185
103261455
131041395
128773597
91150615
50658047
45180099
123787704
126631102
138619262
126909688
114874552
104181344
117510939
116373353
116486516
69164409
91633465
111957693
84860082
106397205
89250183
102554234
112530412
124469108
130415396
103804454
64934366
94059289
122422117
140087582
114094613
110795791
45361036
52006047
119219145
136079434
134654931
127572100
57965591
38390783
72852727
95761411
114960865
105050806
103873220
55627122
49259808
89328102
145417160
156989864
144918975
126593747
81841762
91924945
127197753
123367769
134067082
126287004
118913038
101648556
99040335
99222896
120109662
130746411
142017022
139711018
148179712
142418725
128115258
121253367
91950936
132004499
125545429
153150789
147902037
121796810
99633194
105729929
126695637
115273706
148355592
102568383
79697591
53724045
153494606
148643892
163773345
140655020
119344697
47458978
84677360
126348445
131704604
119814237
127740395
73682808
142486718
152683221
147272718
151744131
127260413
110689118
116468973
129935768
115224891
130301037
87267606
74880776
64202769
88178017
112342026
123898119
115780938
112133722
87189844
51715709
136651420
149702774
145107440
145690641
114747098
142075479
151701208
167845673
194107078
170729798
122953569
75859496
120312488
128450168
146874890
162546893
117015133
115541385
117719374
123031943
114995062
127695105
121109518
123484617
96711269
123182508
160002492
149843614
159883407
132901806
42088891
134937206
164722349
157512227
163073868
122848230
48823058
82208275
137957394
150464799
148428345
106251367
91532969
146543398
153098463
147365148
107508982
39190124
178165754
184909942
172107184
168420661
132010619
169758133
169433685
167421325
162103081
107389782
171910757
171351389
170846613
167034704
177554035
143687736
165985551
167692021
171125560
92972616
79830781
105642959
137033036
132065662
138460686
102796753
83669346
116105776
131476870
127532406
111832454
100232517
45389911
124120621
133149384
139912592
137416025
115749427
52421463
59859357
101543945
96552641
94954344
73614258
75237738
129342496
127792122
129440947
116847129
73449390
59231030
85055777
105059858
105776927
89117230
74158959
117607267
139757729
147074234
120942900
107456788
49512771
110952441
120700877
120230810
123036625
49519566
96599167
134322800
134060377
124677321
84486901
54024938
39364815
99167660
147421862
147354685
148662525
113390185
42245098
163908229
158104241
171400768
155795298
141740964
115697673
172901305
170999273
169795421
142233796
65173478
130741136
130881671
143584358
125787592
122524319
57863192
47721200
86861681
116912497
123294681
96470797
76892360
121273220
142730734
134874238
119678533
90370517
78313412
146935579
144245632
135540709
134962045
71314535
48867081
126940103
149899852
140794018
128550009
101157073
60165211
121967557
129447072
137454234
115445572
87720373
95343854
127418229
133608183
147890700
165329900
135695462
129509939
126872900
143731151
118649022
136923049
148863392
163921352
154996297
150061749
93345851
59870420
108339231
123995255
132097830
121480634
76658892
46446461
80820746
139931687
133634724
135031726
118624056
71511860
92044177
127610717
143610626
141296565
130112778
60327526
62268301
140087076
136925067
125491918
110004794
85251042
160848889
160610970
155861922
139946999
63772200
146584825
165022531
158446518
146647146
111704318
115659205
166452183
163900180
162035502
135056632
38963065
130786344
148025340
159836439
163960197
85703112
38140599
109967252
131187681
133755118
108104131
87465752
52584552
99055463
109342763
107730087
80763807
73055808
45056162
60698411
99109298
98971224
83184965
54548681
43195810
51906219
133090125
157851599
124618087
136199763
38790108
144482838
147800317
143608517
128125506
116693437
50250525
128607949
148545169
155800059
129266798
88877506
50491612
134457973
126767739
148199152
125304912
42323279
87056366
119897175
125261975
102983339
38963416
126373914
152000831
155781783
136221540
118117268
72173869
90555061
157722880
152793824
158099921
132869547
90250985
81292416
138518740
140643805
157886336
127089751
70280339
37683135
91304074
151543068
153661497
137356771
105822302
45786422
56412372
84581844
107060875
134085008
117340302
107658142
83327333
61346094
50975665
77782161
126033002
127326979
121525056
113776566
75347419
101163351
134075663
136672309
128832332
117468441
55274648
86363320
120969184
115763451
122804598
92040490
54723311
86031414
103754078
103726288
113496148
97794712
73975917
57077243
62493522
80226274
96188257
90590862
111884187
103025051
93571465
68290631
80663685
83521021
89285672
119444986
112335261
115546520
107082296
81497794
46724288
67142944
133921633
137710028
151782853
137409279
92287292
38201244
111135092
156849439
157389170
134319202
120204852
41036297
90555252
150739212
155550974
164287904
138816309
68990856
98409548
169325115
181622277
176956241
157636366
131383828
111467449
106442606
110644602
119120031
134295838
140909647
127028415
116020963
66513621
86283959
124254881
125027849
136236666
140450502
125058621
98843261
77150082
81795164
109387470
111368075
136113102
125495009
98640584
87646952
66279967
119477135
120391592
155840241
162295786
144514145
124246399
106912934
129284657
137473593
138908273
125602696
89532063
73774132
130686706
132120536
135844813
101914813
83829789
73630420
113402899
121294282
136389837
139130662
57251109
127666769
143010091
147635000
138374797
88529202
68432933
164621528
163658696
180653132
156716504
87875831
100263259
149685621
147800186
141227460
82913281
38703566
129796942
149308567
168278945
138404823
121592951
87117078
115863531
111514215
93882876
81420527
41236303
87558420
133494896
130310463
133221423
108761428
47711168
149016790
142555955
159894076
136069138
100248391
38433797
163016190
154924047
168154213
153365749
118598156
176417891
170091661
174960222
162107246
99371765
68618557
141827425
148476411
139529125
123823305
109483766
68640583
82727316
104255949
131984696
141067921
137012861
103622361
63863336
43705415
49373173
119514195
124738920
118773931
107113178
40308605
39437657
103089307
112405660
129491409
133586444
101347561
97326338
82763620
77342797
82186877
107286174
129292120
129938452
119851716
83105108
73225447
119510444
143631866
141033604
142704686
100704486
57414443
125233401
141433703
122015331
98695298
52378377
143260508
158824767
161740264
157607064
119694868
83574889
133154878
139660458
127178161
101798301
61694689
165083040
165565552
173279973
149146340
134330449
165695261
177261775
179433401
169315109
169613766
131421904
151289977
144408732
129739012
102333446
54058839
109245224
127590826
128817327
100307546
63989870
123595431
153179684
163263033
160943031
135478450
38813883
119321993
160088977
150473126
154877417
111769690
39243020
150427334
146552321
161659231
125516202
103218682
90909593
128323968
136996003
128197917
106419189
88197238
121437864
145413739
135290195
135910708
107113189
45647000
104678633
123503536
115225734
108111778
44907243
51636723
70515269
99739263
129498354
137307589
128409608
107442266
69257577
67337458
143827567
150984925
138285389
135920840
60697770
83060660
148016364
143519264
140784713
125007599
69399511
132406610
160104894
169706296
179568937
159218374
109212720
138303859
153934717
149022147
154223490
124906622
38285191
112321925
130962710
125612122
100066388
67658385
58906286
118968441
133897668
130868364
169478754
114800640
53795485
152304399
159607268
148023228
140269791
120659795
71751994
130487418
135377433
136557455
134809592
80750310
75978777
102985464
135616259
152309245
144889671
122710108
70649880
112167746
156071517
145422373
136828954
122046951
38078724
160544084
174109746
155569187
162588077
130459068
38445032
106818999
143670802
138281134
106520442
90865947
38064463
95922365
111655520
114447210
105792811
76124912
90227173
129594675
152546874
138325677
131373519
53735336
38530599
151106125
145266294
164246302
144948834
111095174
87984096
109389551
100278667
107088928
116136925
119310901
125086050
72963257
109589317
113715235
125686724
112354395
84313234
95183258
114165611
123267675
122371768
94400187
112493915
122508924
146263593
155312734
134243843
113908294
74238137
115736512
115675151
129377763
98315754
77018507
96371554
133240026
139673563
124653585
100042928
41232340
150000172
155102072
161355127
132389159
110552404
161366383
177172559
173407367
171595624
148694442
105854065
137591253
149404291
126764112
73047208
46626129
101260680
134944709
135973852
137586777
80592217
38916096
59840655
95808361
110822183
113850601
90091648
102619451
47009178
133123165
139580411
134036520
129900931
81589527
150217267
154636437
156640622
149728695
151642692
49461346
82199787
131631134
131487986
116760177
80084139
117419337
160083570
160010084
150946682
141066315
45995756
171479896
182389895
163724326
172155544
113940951
53420747
93173633
112780620
125098572
138776867
53567006
52481336
81119825
105115862
104204365
114050194
110532084
109225524
104708514
114168757
118027977
127599123
99158147
76354371
119521488
146975544
141181538
142813533
142878878
49882873
74552647
165445536
164216210
153803978
131274440
75879137
91554134
133606532
137671005
120061791
100646803
53009332
71309906
127946181
136195261
139701889
135390755
79004905
45683009
112587348
114947083
117785014
65753187
75707495
108229162
125037813
147808719
133552306
128005698
94979202
83797239
76603060
102647637
104133439
77977321
112938522
117481925
130865322
129601973
104924609
50152623
64013419
147757445
149566224
141097933
131474764
82235678
101824769
156946640
157411228
140070549
137720726
37845624
123126780
142216301
139909365
119712456
56143762
125478478
158194761
176463793
154062302
98173360
38468644
138909074
145889244
139762641
119332513
118161950
125857389
154144767
152291737
152421288
136251794
113799992
105182612
99121664
85420750
91656479
127892394
131856439
133679185
115248493
59625297
84223753
143282546
155845170
143883596
178887292
70462641
61064459
134820080
140513534
140209251
130152025
92415894
118655045
125761774
123805261
129561692
124056713
71484580
65018064
67063639
98100854
137980080
122606009
130004952
107125322
63778166
40032675
64123392
127529499
140724879
137011713
134493183
80483780
105143016
144378109
145399691
128007524
74507740
140660342
156378076
150490477
149845526
120906218
42219055
134971679
142174510
127782930
119464608
79554101
101165507
175176341
160911337
143395534
167550061
117935810
67982059
131213732
137876923
137626275
128135217
68536522
96547881
150728566
145498985
121878603
151128510
40493681
66184790
108636774
111638178
97420958
53963124
57321405
93740912
86295771
91425283
106537535
107980778
146981937
144497477
126601451
87580630
84937772
63899624
98923127
139022991
133669460
123594234
95386795
44859628
107840507
152346106
145025933
133617933
113291506
41585358
73101098
147306062
172349269
141907041
119986427
87363951
108388289
131547670
144901059
119776442
59596924
41423141
135902436
149466608
164905295
154042657
119006192
60748917
153093073
179737112
176696840
154976780
81887545
119760501
139209016
138887487
117880597
94611543
56368906
85197635
130927903
137699489
147362828
119874474
68064078
38401493
118049331
122002328
121030030
120637827
103560510
107316795
116781829
100227526
93210827
86896253
97774285
84293483
87114710
58240860
106829772
95087458
84336562
68643577
90589475
94635076
102225667
53908429
98827874
137336243
126299038
131612484
119081792
89426707
63878752
105445274
141193189
134423444
124118669
97090224
53647641
172874080
175599105
167450685
153873475
96010547
78764966
129431517
131236393
121077900
75875809
38553453
138193381
151489511
157638864
141235886
119801631
117890476
169602187
165077436
157781563
139351912
85386723
101571428
119049076
135307483
115748757
81051605
56510074
94062137
130543912
135432945
136211979
127084152
62468742
41572972
125077268
142018178
140884982
124525542
98271152
173234009
171434711
169456849
156602291
162716378
50084364
133574172
164810058
169565298
145889916
129569810
39319241
135174995
160340543
168924186
127670161
99371719
133334133
151798484
167500072
133585798
94332997
96967847
97763891
98589764
60347825
96216857
97601259
110083849
106822477
76820265
39070699
132017138
133249463
121031754
86457111
42365776
121937036
122475069
117391115
78056296
145103963
161965491
171459305
158586299
125659603
116129897
120588632
113987822
122586300
66516441
113970209
107133192
85188602
41029796
64779348
77244551
46638651
68895927
86073898
70741931
39109938
41692988
41267272
39565731
38507351
42247671
41542542
40723210
39957920
40031095
40048080
39549936
40257714
38795718
39699874
46518583
38810512
45512137
38760756
38594498
39426179
